0
0.0297814
0.0584667
0.0584667
0.0584667
0.0584667
0.0584667
0.0584667
0.0584667
0.0584667
0.0859887
0.11274
0.11274
0.11274
0.11274
0.11274
0.137888
0.162494
0.185812
0.208396
0.208396
0.229894
0.250507
0.250507
0.270575
0.270575
0.289043
0.306899
0.322927
0.338752
0.353687
0.367839
0.367839
0.382215
0.396419
0.408601
0.420354
0.431727
0.443082
0.454299
0.465113
0.474779
0.474779
0.484387
0.493459
0.502631
0.511599
0.519808
0.528988
0.537502
0.544795
0.551718
0.559007
0.566396
0.571802
0.571802
0.578598
0.584765
0.590903
0.597047
0.602897
0.608234
0.613121
0.617769
0.623578
0.628834
0.633659
0.637772
0.641858
0.645264
0.648868
0.653193
0.653193
0.656888
0.660408
0.662865
0.666403
0.669422
0.669422
0.672071
0.675415
0.678813
0.682202
0.685238
0.687503
0.69036
0.693118
0.694982
0.696785
0.700466
0.703185
0.704185
0.706747
0.708692
0.710298
0.71181
0.713159
0.715714
0.717382
0.718309
0.719486
0.719486
0.720831
0.721433
0.723208
0.724177
0.725858
0.72662
0.727532
0.728914
0.730599
0.731491
0.732422
0.732625
0.733916
0.73553
0.735561
0.736757
0.736757
0.737766
0.739396
0.740611
0.74205
0.74359
0.744831
0.746024
0.746713
0.747239
0.748725
0.748725
0.749629
0.750158
0.75085
0.753041
0.753834
0.754825
0.754825
0.756177
0.757044
0.757471
0.758674
0.759595
0.759097
0.760222
0.760119
0.760728
0.761115
0.761358
0.76108
0.761117
0.761117
0.761742
0.761784
0.761784
0.761869
0.762282
0.76283
0.76283
0.763927
0.765092
0.764907
0.764692
0.764385
0.764756
0.764973
0.765309
0.765316
0.76498
0.764645
0.765705
0.765838
0.765995
0.766901
0.766579
0.766453
0.767125
0.766574
0.768075
0.767911
0.769714
0.769777
0.769448
0.769305
0.769305
0.770206
0.769601
0.769811
0.76982
0.769508
0.770303
0.770783
0.77058
0.772074
0.77323
0.773638
0.774581
0.774375
0.774144
0.774144
0.774036
0.773061
0.772277
0.772244
0.77232
0.771908
0.772328
0.772846
0.772139
0.771201
0.772002
0.771535
0.771921
0.771354
0.771884
0.773052
0.773432
0.772576
0.773562
0.773489
0.773483
0.773637
0.774171
0.773983
0.774023
0.773772
0.772709
0.772837
0.773421
0.774052
0.773382
0.772993
0.773392
0.772753
0.773056
0.773157
0.773217
0.773745
0.773182
0.772949
0.772319
0.772259
0.771734
0.770525
0.771436
0.772299
0.77181
0.772479
0.772836
0.772896
0.77323
0.772137
0.772194
0.771576
0.772441
0.772514
0.772682
0.772334
0.772242
0.772667
0.772667
0.772667
0.77169
0.772424
0.771888
0.771888
0.77217
0.773228
0.773894
0.77444
0.774689
0.774567
0.774382
0.773957
0.772544
0.774175
0.774689
0.774532
0.773918
0.773535
0.773186
0.773094
0.772677
0.772055
0.771779
0.772221
0.772063
0.771976
0.772092
0.772365
0.77212
0.772189
0.77277
0.772164
0.772445
0.773479
0.773479
0.773479
0.773479
0.773479
0.77304
0.773405
0.773785
0.773796
0.773684
0.773684
0.773208
0.772712
0.771775
0.771757
0.771637
0.770681
0.771329
0.771329
0.771546
0.771775
0.771552
0.770036
0.770036
0.769967
0.769834
0.769613
0.770075
0.77098
0.771332
0.771118
0.771521
0.771521
0.772133
0.772614
0.771994
0.771994
0.771994
0.771827
0.771827
0.77253
0.772601
0.773066
0.773378
0.772634
0.77159
0.770966
0.771581
0.772332
0.772443
0.772181
0.772352
0.772352
0.772477
0.77194
0.771477
0.771564
0.77286
0.773579
0.77359
0.77359
0.773785
0.774293
0.774104
0.773677
0.772839
0.772168
0.772562
0.772473
0.77229
0.772646
0.772764
0.772764
0.772764
0.772483
0.771984
0.772527
0.771546
0.77148
0.772027
0.77232
0.772165
0.772635
0.772845
0.773622
0.773925
0.774144
0.77454
0.774378
0.774498
0.775577
0.77602
0.776669
0.775827
0.775801
0.776204
0.775842
0.775511
0.775059
0.774085
0.77264
0.773617
0.774922
0.775336
0.7751
0.774645
0.774667
0.774667
0.774811
0.774707
0.774632
0.775624
0.776383
0.776194
0.77616
0.775847
0.775734
0.775111
0.774909
0.774909
0.774435
0.77506
0.77506
0.77506
0.775132
0.774807
0.774648
0.775185
0.774473
0.775289
0.775004
0.775004
0.77598
0.775503
0.774938
0.775049
0.774206
0.773765
0.773938
0.774093
0.773375
0.772677
0.772374
0.772374
0.772844
0.772844
0.773835
0.773373
0.773075
0.773854
0.773203
0.774228
0.774747
0.773755
0.77478
0.774934
0.774746
0.77476
0.774418
0.774707
0.775294
0.775868
0.775822
0.775442
0.775386
0.774158
0.774937
0.775271
0.774749
0.774061
0.774915
0.77474
0.774903
0.774688
0.77452
0.774839
0.774839
0.775696
0.774954
0.775362
0.775215
0.774656
0.77494
0.774277
0.77491
0.775309
0.775064
0.774763
0.774822
0.774557
0.774283
0.774205
0.774614
0.774614
0.774489
0.773846
0.775178
0.775178
0.775231
0.775173
0.775199
0.774001
0.774001
0.774079
0.772984
0.773004
0.772997
0.772997
0.773412
0.773591
0.773512
0.772999
0.772937
0.773052
0.773052
0.773187
0.773048
0.773435
0.773435
0.773929
0.774018
0.773695
0.774088
0.773347
0.773347
0.773347
0.774479
0.774511
0.774836
0.774836
0.775345
0.775358
0.774678
0.774678
0.77569
0.775689
0.776574
0.775859
0.776033
0.776017
0.775051
0.77518
0.775531
0.775418
0.77582
0.775915
0.775592
0.775116
0.775264
0.775106
0.774492
0.774088
0.77408
0.775249
0.775017
0.776202
0.776604
0.774483
0.774514
0.774037
0.773918
0.773563
0.772238
0.772331
0.772794
0.773116
0.774682
0.77459
0.774807
0.774807
0.775335
0.775401
0.776218
0.775942
0.775942
0.774651
0.775054
0.774886
0.773893
0.772965
0.772883
0.772583
0.77361
0.773634
0.774009
0.774993
0.774048
0.773897
0.773897
0.773288
0.773554
0.77455
0.774896
0.775098
0.776047
0.775481
0.775733
0.776452
0.776884
0.776805
0.776809
0.776824
0.776418
0.777551
0.777696
0.778247
0.779531
0.778862
0.778862
0.778793
0.778365
0.777398
0.778715
0.778985
0.779209
0.778287
0.77805
0.778958
0.778578
0.778962
0.777973
0.778295
0.778018
0.777444
0.777237
0.776616
0.777453
0.777188
0.776518
0.777019
0.776554
0.775956
0.775429
0.775666
0.775996
0.775319
0.774743
0.773018
0.774093
0.774288
0.77527
0.77564
0.775122
0.77494
0.775705
0.775705
0.775826
0.776632
0.776002
0.775673
0.775178
0.776186
0.776582
0.776496
0.775972
0.775851
0.774939
0.774932
0.77448
0.774206
0.774206
0.773837
0.773573
0.774169
0.775388
0.774933
0.774043
0.773431
0.773856
0.775354
0.776503
0.776474
0.776049
0.776016
0.776549
0.776203
0.776206
0.775669
0.775771
0.774744
0.776115
0.776643
0.777008
0.777433
0.776658
0.776518
0.776554
0.776281
0.777391
0.777368
0.776778
0.777233
0.777178
0.776754
0.778044
0.778044
0.777312
0.776978
0.777395
0.777894
0.777987
0.777987
0.77697
0.777165
0.776951
0.776861
0.7764
0.777322
0.776958
0.775899
0.775876
0.776387
0.7765
0.776618
0.776974
0.776269
0.776297
0.776247
0.776038
0.775919
0.775801
0.775801
0.776181
0.776064
0.776553
0.776271
0.77521
0.775265
0.774298
0.773899
0.773203
0.77419
0.775105
0.775124
0.774637
0.774866
0.774921
0.775292
0.775493
0.774886
0.774886
0.773959
0.774498
0.775313
0.775303
0.774323
0.773045
0.772613
0.772946
0.772553
0.772433
0.77256
0.77278
0.773855
0.774603
0.77459
0.775439
0.775145
0.774679
0.774679
0.774524
0.77488
0.775262
0.775105
0.775118
0.775383
0.776102
0.776158
0.776085
0.775302
0.775203
0.775243
0.774584
0.775592
0.775323
0.775499
0.774735
0.775239
0.774966
0.774903
0.774903
0.774721
0.774341
0.773785
0.773832
0.773735
0.773735
0.774088
0.774626
0.774679
0.773574
0.773574
0.773806
0.774451
0.774804
0.774731
0.774113
0.773701
0.772959
0.772533
0.773705
0.773315
0.773921
0.773183
0.773722
0.774697
0.775195
0.774702
0.775094
0.775094
0.774565
0.774954
0.77485
0.775325
0.775868
0.776187
0.776121
0.777603
0.777272
0.776884
0.775945
0.776093
0.775897
0.775306
0.775326
0.774164
0.774763
0.774763
0.774503
0.773921
0.773103
0.773619
0.773933
0.773071
0.772817
0.773378
0.773278
0.773278
0.773713
0.77375
0.774577
0.774577
0.775014
0.77501
0.775761
0.775467
0.775492
0.774979
0.774502
0.774886
0.774807
0.775187
0.773995
0.77418
0.773191
0.773556
0.774529
0.774105
0.775044
0.775712
0.775638
0.775986
0.775718
0.775455
0.775744
0.775429
0.775597
0.775412
0.775412
0.775145
0.775145
0.77557
0.775898
0.775319
0.775402
0.775098
0.773282
0.77228
0.772356
0.773174
0.772423
0.772217
0.772588
0.772697
0.772954
0.772787
0.772312
0.771803
0.771803
0.772828
0.772286
0.771207
0.77172
0.772752
0.77311
0.7732
0.774043
0.773889
0.773261
0.773455
0.773417
0.773597
0.77308
0.773352
0.773488
0.773488
0.773669
0.774613
0.775016
0.775926
0.776588
0.777855
0.777807
0.778568
0.77951
0.77851
0.778963
0.778661
0.777654
0.777948
0.778825
0.778285
0.778184
0.777493
0.7768
0.776667
0.77563
0.775672
0.775941
0.776251
0.775507
0.775981
0.777018
0.778064
0.777917
0.777998
0.776933
0.777189
0.777685
0.7781
0.77807
0.778557
0.778865
0.779018
0.778524
0.778479
0.778976
0.778661
0.779491
0.778504
0.777709
0.777229
0.777849
0.778031
0.776981
0.776684
0.776617
0.776765
0.776291
0.775742
0.775742
0.775929
0.775473
0.77501
0.775441
0.776135
0.776024
0.776443
0.77621
0.77621
0.77713
0.77814
0.778272
0.777488
0.777191
0.777118
0.776422
0.776593
0.777188
0.777624
0.778237
0.778237
0.778239
0.779167
0.778829
0.779894
0.779794
0.780947
0.780161
0.780468
0.780404
0.779663
0.77957
0.779053
0.77817
0.778232
0.777734
0.778491
0.778095
0.779373
0.779373
0.779167
0.777648
0.777622
0.777115
0.776345
0.776645
0.776224
0.776224
0.776214
0.776245
0.774582
0.775348
0.77521
0.775748
0.776118
0.774982
0.774519
0.774202
0.774046
0.773745
0.773346
0.774427
0.77534
0.775159
0.775159
0.774373
0.773975
0.773525
0.773525
0.773619
0.773469
0.772763
0.773133
0.772691
0.772266
0.772213
0.772359
0.773549
0.774415
0.775187
0.775187
0.774082
0.77265
0.77265
0.772625
0.772397
0.772776
0.772776
0.772776
0.772557
0.772748
0.772344
0.772344
0.773406
0.773208
0.773208
0.773208
0.77255
0.773021
0.773795
0.77362
0.773356
0.77383
0.774971
0.773819
0.774263
0.772886
0.774206
0.774558
0.774089
0.773367
0.773492
0.773492
0.773772
0.773757
0.774621
0.774869
0.775134
0.774352
0.774786
0.774786
0.775282
0.774959
0.774437
0.774057
0.774363
0.77377
0.773152
0.772757
0.772362
0.77202
0.771544
0.771667
0.771022
0.77202
0.771899
0.772483
0.773733
0.773921
0.773808
0.773062
0.773191
0.773164
0.773647
0.773579
0.773435
0.772855
0.772855
0.773265
0.773201
0.773796
0.773309
0.7732
0.773466
0.773701
0.7739
0.7739
0.774099
0.773282
0.772721
0.772747
0.772747
0.771649
0.772063
0.773294
0.773093
0.773136
0.773404
0.773954
0.773542
0.773398
0.773066
0.77266
0.77266
0.773792
0.773502
0.773502
0.773566
0.773197
0.773089
0.774456
0.774689
0.775616
0.775821
0.776332
0.775964
0.775385
0.774358
0.774416
0.774764
0.77393
0.773551
0.773551
0.773394
0.772909
0.773505
0.773287
0.773343
0.77396
0.774573
0.773115
0.772786
0.772512
0.772594
0.771775
0.771432
0.771575
0.771008
0.770517
0.769435
0.769622
0.770839
0.770839
0.770805
0.771938
0.771725
0.771318
0.771031
0.772402
0.772866
0.773937
0.774492
0.774167
0.77382
0.774011
0.774435
0.774435
0.774435
0.774435
0.774558
0.774097
0.774052
0.773492
0.773134
0.773122
0.773257
0.773657
0.774526
0.773642
0.774308
0.774825
0.776189
0.776189
0.776065
0.777009
0.777867
0.778236
0.778392
0.778687
0.777915
0.77802
0.778656
0.778656
0.778173
0.777594
0.777176
0.776746
0.776462
0.776031
0.775506
0.775869
0.775195
0.775946
0.7764
0.776593
0.776712
0.776532
0.776532
0.777557
0.777879
0.77787
0.778147
0.777564
0.777564
0.777646
0.777294
0.776616
0.776678
0.776619
0.776532
0.776729
0.777305
0.776803
0.776546
0.777006
0.77797
0.77805
0.778522
0.777508
0.777322
0.777132
0.777596
0.776927
0.777666
0.77785
0.777989
0.779369
0.778321
0.778674
0.778674
0.778674
0.779118
0.779118
0.778836
0.778209
0.778734
0.7781
0.778018
0.778463
0.778247
0.777372
0.776924
0.776515
0.775942
0.775575
0.774155
0.773964
0.773384
0.772662
0.773359
0.773272
0.773365
0.773484
0.773205
0.773486
0.77261
0.772313
0.772626
0.77241
0.773577
0.773929
0.773909
0.773655
0.773558
0.77446
0.774888
0.774299
0.774594
0.774468
0.774468
0.774284
0.774392
0.773866
0.773429
0.772421
0.772553
0.77283
0.77283
0.772923
0.772284
0.772284
0.772284
0.772305
0.771886
0.771328
0.772425
0.772459
0.772459
0.772483
0.773854
0.774144
0.774476
0.774291
0.77406
0.773652
0.774225
0.774875
0.77431
0.77438
0.774782
0.77435
0.77482
0.774536
0.774253
0.774884
0.774884
0.77535
0.775082
0.775636
0.774667
0.773921
0.774324
0.774324
0.773511
0.773511
0.774258
0.773974
0.775082
0.774734
0.774864
0.774151
0.774315
0.773364
0.773364
0.773711
0.773711
0.774029
0.77391
0.775064
0.775064
0.774712
0.775356
0.774908
0.774686
0.774196
0.77374
0.773782
0.774403
0.774563
0.77449
0.774126
0.774188
0.774259
0.773701
0.774908
0.774159
0.774176
0.772746
0.772404
0.772188
0.773281
0.772653
0.77343
0.773553
0.773553
0.773
0.772738
0.773133
0.773133
0.772032
0.771879
0.771303
0.77158
0.771383
0.771327
0.771435
0.771759
0.771317
0.771684
0.771813
0.770904
0.771516
0.771744
0.771392
0.771794
0.77213
0.772302
0.772729
0.772992
0.772959
0.772959
0.773143
0.772544
0.77114
0.771197
0.771884
0.772743
0.772918
0.774717
0.774877
0.77449
0.774688
0.774594
0.774413
0.774544
0.774343
0.775231
0.774944
0.774944
0.775648
0.775643
0.775689
0.776653
0.775282
0.775098
0.775087
0.775735
0.77644
0.776322
0.776469
0.776469
0.776534
0.777267
0.777877
0.777115
0.777489
0.777233
0.776835
0.776261
0.776954
0.776701
0.776886
0.776794
0.776578
0.776578
0.776579
0.776579
0.775907
0.775073
0.774758
0.774041
0.77462
0.773918
0.774406
0.775152
0.775152
0.77585
0.776139
0.777078
0.775936
0.777022
0.777022
0.777014
0.777516
0.777114
0.777753
0.777974
0.778084
0.777493
0.777493
0.776595
0.77667
0.776669
0.776669
0.776785
0.776243
0.776459
0.776156
0.775846
0.776317
0.777075
0.777515
0.777737
0.777218
0.777857
0.778246
0.778493
0.778383
0.778266
0.778172
0.778007
0.779241
0.779525
0.78008
0.778921
0.778501
0.779074
0.779134
0.779675
0.779535
0.779306
0.778702
0.779103
0.778866
0.777886
0.777177
0.777177
0.776313
0.775433
0.775209
0.775448
0.776343
0.776822
0.777305
0.778163
0.778194
0.778461
0.778926
0.778589
0.778438
0.777127
0.777633
0.777002
0.776366
0.776483
0.777316
0.7778
0.777112
0.7777
0.778065
0.778065
0.776988
0.77693
0.777373
0.776422
0.776656
0.776999
0.776893
0.776646
0.776082
0.776082
0.776232
0.776232
0.776883
0.776279
0.775753
0.775753
0.775578
0.775796
0.776052
0.776492
0.776444
0.776708
0.776984
0.776984
0.776071
0.776844
0.776535
0.776863
0.777036
0.776011
0.776585
0.777273
0.7764
0.775203
0.775203
0.775402
0.77596
0.776341
0.776341
0.775837
0.775711
0.775352
0.775937
0.775042
0.775206
0.775411
0.77616
0.776333
0.776195
0.776088
0.776251
0.775969
0.776756
0.776861
0.777392
0.77733
0.777206
0.777714
0.777491
0.77749
0.777822
0.777822
0.778079
0.77864
0.778741
0.778741
0.778741
0.778974
0.778111
0.77761
0.776807
0.776722
0.775738
0.775967
0.776563
0.776502
0.776845
0.778085
0.778529
0.778306
0.778376
0.779086
0.778238
0.778705
0.7786
0.778029
0.778609
0.777909
0.777909
0.777683
0.777399
0.776722
0.776946
0.777723
0.776639
0.777252
0.777683
0.777225
0.778023
0.777668
0.777543
0.777458
0.777371
0.776816
0.77707
0.776785
0.776852
0.776985
0.776985
0.777133
0.777507
0.776877
0.776593
0.776725
0.776725
0.775583
0.775432
0.776585
0.776518
0.776518
0.775723
0.775519
0.775429
0.775429
0.774672
0.774204
0.774258
0.774172
0.774341
0.77359
0.77429
0.773956
0.773537
0.773869
0.77385
0.77385
0.773863
0.774275
0.773912
0.774142
0.77394
0.774918
0.775712
0.776294
0.77654
0.776265
0.776426
0.776495
0.776268
0.774988
0.775206
0.774461
0.774461
0.773209
0.773101
0.773336
0.773336
0.773602
0.773316
0.774406
0.775661
0.776064
0.77643
0.77643
0.776659
0.775305
0.774746
0.774432
0.775225
0.775299
0.774988
0.77587
0.775245
0.775197
0.775862
0.775457
0.775261
0.77534
0.775432
0.775487
0.77599
0.776601
0.776357
0.777053
0.777053
0.777526
0.777363
0.777242
0.777215
0.777359
0.776504
0.776656
0.776908
0.777067
0.775886
0.775313
0.774873
0.775082
0.775108
0.774903
0.774903
0.774192
0.774066
0.774866
0.774076
0.775268
0.77584
0.775535
0.775391
0.775074
0.775353
0.77626
0.775521
0.775616
0.775616
0.7762
0.775853
0.775853
0.775853
0.775036
0.774589
0.773933
0.774915
0.775215
0.775544
0.775254
0.776158
0.775276
0.775812
0.776607
0.776357
0.776943
0.776254
0.775397
0.775859
0.776044
0.776044
0.776729
0.77674
0.776981
0.776768
0.777447
0.777966
0.777032
0.776941
0.776941
0.776624
0.776624
0.777598
0.77734
0.77734
0.777768
0.776954
0.775992
0.775727
0.775569
0.774558
0.774171
0.774261
0.774908
0.774709
0.774009
0.7738
0.774139
0.774895
0.774811
0.774654
0.774784
0.774223
0.774256
0.774826
0.774697
0.773986
0.774096
0.774277
0.774911
0.774279
0.774388
0.773094
0.773467
0.774541
0.774196
0.773487
0.773713
0.774262
0.774362
0.774315
0.775371
0.77494
0.775163
0.775498
0.775498
0.776488
0.77589
0.776162
0.776162
0.776158
0.775708
0.77541
0.775283
0.775737
0.774989
0.774615
0.774863
0.774863
0.775421
0.7748
0.774824
0.774984
0.775206
0.775544
0.776476
0.77669
0.777979
0.778581
0.778581
0.778135
0.777627
0.777726
0.778301
0.777413
0.776921
0.776888
0.777121
0.776862
0.778492
0.777564
0.77857
0.778036
0.778328
0.778465
0.778699
0.778699
0.77815
0.777548
0.776916
0.777841
0.777787
0.778156
0.777209
0.776677
0.77747
0.777453
0.777453
0.777775
0.778164
0.777577
0.776594
0.776555
0.777136
0.777439
0.777439
0.776747
0.776736
0.776518
0.775774
0.775154
0.774431
0.773715
0.774282
0.775214
0.774988
0.77485
0.775156
0.77444
0.773966
0.77445
0.775229
0.775189
0.77517
0.775365
0.77633
0.77633
0.77633
0.776209
0.775202
0.775028
0.775028
0.774932
0.774972
0.775093
0.774942
0.775183
0.775061
0.77459
0.77459
0.774293
0.773453
0.773419
0.773286
0.774298
0.774387
0.774983
0.776328
0.776356
0.775772
0.776182
0.775163
0.775482
0.775529
0.775356
0.775668
0.775205
0.775205
0.775383
0.775025
0.774455
0.774313
0.774004
0.774004
0.773173
0.773173
0.773173
0.773644
0.773615
0.774005
0.775208
0.775055
0.775081
0.77404
0.77457
0.775229
0.775134
0.775938
0.77644
0.776877
0.776733
0.776127
0.775438
0.775474
0.775777
0.77643
0.776235
0.776379
0.776378
0.775917
0.775766
0.775175
0.775633
0.775457
0.775457
0.775998
0.776033
0.776015
0.776018
0.776503
0.776503
0.776718
0.776947
0.776657
0.776985
0.77713
0.776548
0.776495
0.777133
0.776933
0.776964
0.776862
0.776562
0.777055
0.777032
0.77601
0.776081
0.776352
0.77529
0.774836
0.775311
0.774857
0.773923
0.773923
0.774677
0.773601
0.773784
0.773757
0.772965
0.773174
0.773377
0.773377
0.773129
0.773598
0.773674
0.773826
0.773778
0.773829
0.773564
0.774061
0.774961
0.774571
0.773811
0.77387
0.773709
0.774566
0.774905
0.774623
0.775427
0.775977
0.77524
0.776147
0.775555
0.775555
0.775555
0.775156
0.775323
0.775302
0.77522
0.775677
0.775424
0.775181
0.774921
0.774391
0.774159
0.774253
0.774838
0.774838
0.774409
0.774409
0.773577
0.774164
0.773824
0.773824
0.774544
0.774238
0.774108
0.773813
0.773661
0.7741
0.773918
0.773853
0.774409
0.775282
0.773841
0.774424
0.774214
0.774476
0.774585
0.775194
0.774782
0.773831
0.773831
0.774564
0.77433
0.77433
0.773672
0.773291
0.773076
0.772897
0.772472
0.772536
0.772491
0.772546
0.773596
0.774423
0.774771
0.775077
0.77574
0.776976
0.776989
0.776561
0.77469
0.775936
0.776034
0.776347
0.775581
0.774503
0.774206
0.774206
0.774206
0.774606
0.775992
0.776112
0.775921
0.775629
0.775819
0.774803
0.775527
0.776092
0.776602
0.776821
0.777536
0.778047
0.777294
0.776641
0.775954
0.776034
0.776483
0.776635
0.776899
0.776899
0.777316
0.777351
0.777893
0.777424
0.777113
0.777655
0.777625
0.776858
0.776858
0.777056
0.776014
0.77447
0.774383
0.774776
0.774776
0.775771
0.775771
0.775146
0.775355
0.776224
0.775448
0.776124
0.776097
0.776097
0.776143
0.776204
0.775859
0.775358
0.7752
0.774681
0.775393
0.775787
0.776038
0.77626
0.77626
0.776016
0.775035
0.774704
0.774271
0.774314
0.774033
0.774373
0.774373
0.773164
0.773123
0.773556
0.773176
0.773771
0.774174
0.773536
0.773323
0.77355
0.772884
0.772571
0.772694
0.77326
0.772407
0.771585
0.771355
0.771564
0.771478
0.770667
0.770827
0.771169
0.771169
0.771921
0.773111
0.772901
0.772616
0.772616
0.772489
0.772975
0.773542
0.772718
0.773207
0.772943
0.772943
0.773492
0.774319
0.774171
0.774444
0.77485
0.774141
0.773592
0.774336
0.774363
0.774756
0.77432
0.773501
0.773585
0.774631
0.775066
0.774761
0.774389
0.774472
0.775282
0.775173
0.775728
0.776444
0.776444
0.776444
0.776128
0.775999
0.776887
0.776887
0.776343
0.776736
0.777294
0.778029
0.777956
0.778347
0.778405
0.778218
0.777142
0.776808
0.775591
0.776583
0.775817
0.775384
0.775015
0.774876
0.774949
0.774803
0.773953
0.773822
0.774397
0.774928
0.775715
0.775538
0.776319
0.775687
0.775814
0.774625
0.774732
0.77451
0.775037
0.775886
0.775505
0.774629
0.775019
0.775
0.776546
0.776008
0.775719
0.777014
0.776275
0.775609
0.774977
0.775547
0.77513
0.774799
0.773891
0.77472
0.77472
0.775484
0.775103
0.775503
0.776051
0.77706
0.778253
0.776488
0.776496
0.776496
0.776478
0.775791
0.775841
0.776354
0.776524
0.776031
0.776092
0.776149
0.776854
0.778119
0.778642
0.778177
0.7782
0.778814
0.779157
0.779157
0.779577
0.779983
0.780106
0.778938
0.778938
0.779883
0.780277
0.780336
0.780336
0.778993
0.77918
0.779206
0.778828
0.77929
0.778282
0.778882
0.779214
0.778586
0.778151
0.77796
0.777752
0.777399
0.777567
0.777085
0.77701
0.777157
0.777546
0.777891
0.77661
0.776387
0.776141
0.77596
0.777136
0.777196
0.776666
0.776483
0.776665
0.777538
0.777946
0.778027
0.777482
0.77726
0.776464
0.77666
0.776942
0.777338
0.77744
0.77744
0.777186
0.777873
0.777077
0.777596
0.777625
0.777388
0.776526
0.776732
0.775894
0.776367
0.776422
0.775812
0.775694
0.776004
0.775696
0.775854
0.775715
0.775715
0.775477
0.775515
0.775126
0.775254
0.77599
0.776761
0.775864
0.775425
0.77535
0.776
0.776472
0.775401
0.774723
0.774723
0.776001
0.776201
0.77614
0.776185
0.775714
0.77667
0.77667
0.77723
0.777681
0.77774
0.777253
0.776724
0.775843
0.776004
0.774937
0.773903
0.774335
0.774323
0.773405
0.77399
0.774897
0.774572
0.774993
0.77409
0.774061
0.773135
0.774282
0.775251
0.775651
0.775577
0.775772
0.775387
0.775555
0.776587
0.776541
0.775418
0.773968
0.774116
0.774116
0.774116
0.774646
0.774941
0.774597
0.774599
0.774083
0.774686
0.773945
0.775025
0.775594
0.775525
0.775364
0.774405
0.774068
0.774068
0.774068
0.774501
0.774228
0.774301
0.774907
0.774657
0.773525
0.774449
0.774401
0.774603
0.774431
0.773999
0.773467
0.773151
0.773456
0.774338
0.773866
0.773866
0.773117
0.773437
0.773549
0.773549
0.773476
0.77367
0.773833
0.772426
0.772288
0.772288
0.772117
0.773302
0.773827
0.774563
0.775999
0.775999
0.776287
0.776152
0.775609
0.776078
0.77591
0.77591
0.776457
0.775999
0.775401
0.775651
0.77563
0.77563
0.776555
0.775885
0.7761
0.775861
0.775984
0.77504
0.775613
0.774985
0.774985
0.775113
0.775592
0.775147
0.775272
0.775871
0.774998
0.774981
0.773868
0.774589
0.774878
0.77529
0.776521
0.775948
0.775922
0.776465
0.776752
0.776525
0.776765
0.777248
0.777329
0.777704
0.777704
0.776743
0.776775
0.775305
0.775455
0.775455
0.775455
0.775484
0.776113
0.776501
0.777887
0.779354
0.779354
0.778859
0.779371
0.779163
0.77814
0.77814
0.777703
0.778418
0.777762
0.777396
0.777603
0.778247
0.778247
0.778255
0.778255
0.77803
0.77803
0.777512
0.777923
0.777173
0.778054
0.777979
0.778733
0.779724
0.779589
0.779704
0.778915
0.779248
0.77907
0.7786
0.777841
0.777263
0.777964
0.776734
0.776396
0.776532
0.776389
0.775294
0.775193
0.776321
0.776521
0.776152
0.77576
0.77526
0.77526
0.775031
0.775624
0.775116
0.775376
0.774979
0.776131
0.774912
0.774179
0.774765
0.775003
0.774745
0.774745
0.774647
0.776206
0.776098
0.776098
0.776957
0.776644
0.776081
0.775468
0.775468
0.775333
0.77552
0.77552
0.775213
0.77547
0.775228
0.775629
0.775492
0.775416
0.775083
0.775592
0.774617
0.774954
0.774856
0.774839
0.775742
0.775758
0.775544
0.776304
0.775397
0.774733
0.774281
0.77492
0.77438
0.774042
0.773959
0.773784
0.774468
0.774468
0.775104
0.775233
0.775099
0.77534
0.775245
0.775138
0.775368
0.774893
0.774893
0.774897
0.775036
0.775365
0.775317
0.775371
0.77571
0.774915
0.775108
0.775059
0.775734
0.775737
0.775078
0.775911
0.775587
0.77619
0.776088
0.775552
0.776052
0.776243
0.775924
0.775455
0.774366
0.772688
0.772798
0.773684
0.774375
0.774009
0.774119
0.773602
0.774057
0.773753
0.773279
0.773038
0.773151
0.772788
0.772876
0.773874
0.773486
0.773486
0.773486
0.774948
0.774425
0.774099
0.775087
0.774683
0.775801
0.775801
0.774679
0.774453
0.773191
0.773945
0.774202
0.774359
0.774132
0.774132
0.77436
0.773854
0.774303
0.773774
0.774319
0.774406
0.774165
0.774165
0.775613
0.774946
0.774946
0.775686
0.775314
0.775344
0.773775
0.773306
0.772114
0.77266
0.772838
0.771579
0.772611
0.772734
0.772538
0.773379
0.773585
0.773585
0.773644
0.7741
0.77423
0.773771
0.773962
0.773871
0.773686
0.773827
0.773241
0.773907
0.773783
0.774634
0.77572
0.77572
0.775065
0.775026
0.775677
0.775852
0.77616
0.775439
0.77631
0.777519
0.776766
0.776436
0.776292
0.776706
0.777473
0.777197
0.776995
0.777008
0.777261
0.777272
0.776886
0.777096
0.776434
0.775328
0.774844
0.774844
0.773831
0.773725
0.773308
0.773705
0.773929
0.772903
0.773744
0.773744
0.773874
0.774026
0.775081
0.774948
0.775106
0.775533
0.775207
0.775305
0.775569
0.774493
0.775279
0.774635
0.773813
0.773717
0.774059
0.774059
0.773908
0.773908
0.773069
0.773025
0.772136
0.771252
0.771895
0.772504
0.771758
0.772423
0.772702
0.773009
0.774247
0.774557
0.773917
0.773088
0.773421
0.772865
0.773573
0.77326
0.773592
0.773134
0.772821
0.772225
0.772225
0.772225
0.772302
0.772553
0.772872
0.772168
0.772046
0.77231
0.772407
0.773011
0.773093
0.773206
0.773052
0.773052
0.773268
0.772587
0.772587
0.772587
0.772773
0.773542
0.774333
0.774588
0.774508
0.775283
0.775781
0.775683
0.775761
0.774901
0.775218
0.775407
0.7753
0.7753
0.775507
0.77468
0.774907
0.774059
0.773866
0.774364
0.773963
0.77477
0.775307
0.774082
0.774979
0.776549
0.776303
0.77589
0.776435
0.776133
0.775959
0.775188
0.775357
0.774679
0.774814
0.774658
0.774357
0.77321
0.773488
0.772624
0.772773
0.772469
0.771818
0.77178
0.771935
0.772039
0.772433
0.771699
0.771699
0.772211
0.773249
0.774379
0.773875
0.773899
0.772883
0.773365
0.772826
0.77231
0.77231
0.772252
0.772743
0.773405
0.772214
0.772349
0.772556
0.772324
0.772428
0.772403
0.77185
0.770956
0.771196
0.772116
0.77253
0.771993
0.771099
0.771303
0.770321
0.771398
0.771565
0.771657
0.770454
0.77001
0.770647
0.769584
0.770112
0.770059
0.77033
0.770309
0.770622
0.770622
0.770622
0.770622
0.769625
0.770032
0.76981
0.770046
0.770239
0.770569
0.771373
0.770561
0.770481
0.770872
0.770944
0.771353
0.77085
0.77085
0.771287
0.772107
0.771924
0.772496
0.77196
0.772387
0.772734
0.772127
0.77102
0.769958
0.770415
0.770415
0.77026
0.770081
0.770434
0.770479
0.771012
0.77054
0.770084
0.769857
0.768977
0.769902
0.770707
0.770847
0.770665
0.771167
0.770717
0.770691
0.771473
0.771008
0.772022
0.771954
0.771556
0.771405
0.771049
0.771366
0.771366
0.771396
0.770885
0.770327
0.770327
0.77039
0.770017
0.770823
0.771077
0.771534
0.771206
0.771796
0.772008
0.771969
0.772128
0.772012
0.772529
0.772128
0.772888
0.77227
0.772804
0.772167
0.772499
0.772033
0.772063
0.771639
0.772114
0.772382
0.77351
0.773995
0.77347
0.774188
0.774083
0.774363
0.774428
0.773034
0.773341
0.772394
0.77344
0.773746
0.773974
0.773315
0.772707
0.772707
