0
0.00177507
0.00680908
0.00680908
0.00680908
0.00680908
0.00680908
0.00680908
0.00680908
0.00680908
0.0147251
0.0252632
0.0252632
0.0252632
0.0252632
0.0252632
0.037675
0.0520839
0.067741
0.0849375
0.0849375
0.102814
0.121435
0.121435
0.141116
0.141116
0.16009
0.179549
0.197772
0.216355
0.234616
0.252306
0.252306
0.270882
0.29007
0.306509
0.322642
0.338765
0.35496
0.370848
0.386899
0.401415
0.401415
0.415513
0.429827
0.443809
0.457846
0.470425
0.485755
0.500425
0.512621
0.523317
0.534239
0.546573
0.555314
0.555314
0.566825
0.576976
0.587145
0.59771
0.607152
0.615887
0.623365
0.630746
0.640124
0.649446
0.658491
0.664358
0.670674
0.676008
0.682128
0.689663
0.689663
0.696884
0.702559
0.705825
0.711863
0.716636
0.716636
0.720326
0.72578
0.73203
0.737158
0.743091
0.746974
0.751622
0.756035
0.758754
0.760889
0.767736
0.773109
0.774267
0.779079
0.782562
0.785177
0.786676
0.788143
0.793846
0.796317
0.79695
0.798944
0.798944
0.801653
0.802278
0.805335
0.807485
0.810359
0.811639
0.812293
0.814247
0.817769
0.818677
0.819489
0.818815
0.821706
0.824047
0.823447
0.825405
0.825405
0.827308
0.830651
0.832775
0.835248
0.838722
0.840919
0.842868
0.843246
0.844505
0.847402
0.847402
0.849113
0.849898
0.850919
0.855428
0.856574
0.857504
0.857504
0.859932
0.860507
0.861132
0.862808
0.864863
0.862789
0.864803
0.864188
0.865516
0.865626
0.867157
0.866617
0.86662
0.86662
0.868269
0.867384
0.867384
0.867271
0.867811
0.868587
0.868587
0.871
0.873909
0.872899
0.872149
0.870871
0.870481
0.870659
0.871396
0.871247
0.870641
0.869728
0.872329
0.872652
0.872414
0.874032
0.873464
0.872681
0.874393
0.874069
0.876211
0.876026
0.879611
0.880453
0.879601
0.878961
0.878961
0.88059
0.880599
0.88093
0.880614
0.879672
0.881535
0.881611
0.879846
0.883381
0.885699
0.886149
0.888935
0.887808
0.887417
0.887417
0.886166
0.884408
0.883482
0.883669
0.883648
0.881809
0.88301
0.883546
0.882682
0.880334
0.882172
0.880539
0.881428
0.879965
0.88086
0.88391
0.884502
0.881745
0.884058
0.884005
0.884007
0.883695
0.884805
0.88519
0.883893
0.883824
0.881308
0.881904
0.884115
0.885279
0.884448
0.883845
0.883878
0.883246
0.884414
0.884035
0.884029
0.884527
0.883509
0.882551
0.881562
0.881699
0.880401
0.878007
0.880128
0.881989
0.880229
0.882441
0.883184
0.88261
0.883458
0.881614
0.881784
0.881283
0.883017
0.883007
0.882067
0.882114
0.88103
0.882972
0.882972
0.882972
0.88104
0.882486
0.881051
0.881051
0.881817
0.88477
0.886698
0.887741
0.887977
0.886991
0.887486
0.886537
0.882224
0.88602
0.886444
0.8864
0.884831
0.883688
0.882827
0.882676
0.88233
0.880851
0.879549
0.880067
0.879982
0.879416
0.879783
0.88059
0.880765
0.881297
0.882924
0.881113
0.882381
0.884421
0.884594
0.884594
0.884594
0.884594
0.883497
0.884108
0.884937
0.884599
0.884856
0.884856
0.883696
0.882787
0.881599
0.882316
0.881915
0.879268
0.880212
0.880212
0.879536
0.880688
0.879996
0.876834
0.876834
0.876982
0.876579
0.875564
0.876675
0.879949
0.881121
0.880195
0.880662
0.880662
0.881627
0.882487
0.880528
0.880528
0.880528
0.880897
0.880897
0.88292
0.883542
0.884341
0.884773
0.882906
0.88016
0.878319
0.879834
0.882252
0.882134
0.88085
0.882029
0.882029
0.881545
0.87962
0.879374
0.880238
0.883433
0.884541
0.885294
0.885294
0.885773
0.8869
0.886296
0.885482
0.883685
0.881916
0.881792
0.88155
0.881491
0.88186
0.882544
0.882544
0.882544
0.882566
0.881377
0.883473
0.881092
0.880784
0.881767
0.883052
0.882515
0.88252
0.883401
0.885033
0.884793
0.885614
0.886771
0.885841
0.885802
0.887922
0.888724
0.890888
0.889273
0.88852
0.889844
0.889954
0.888721
0.886843
0.884506
0.881454
0.883214
0.886679
0.88752
0.887504
0.886361
0.885998
0.885998
0.885559
0.885439
0.885738
0.887672
0.889574
0.888801
0.889178
0.888426
0.888325
0.886755
0.885828
0.885828
0.885959
0.887048
0.887048
0.887048
0.887812
0.888016
0.888141
0.889433
0.88789
0.889782
0.889014
0.889014
0.890622
0.889245
0.887995
0.888343
0.886512
0.885258
0.88523
0.885198
0.884349
0.882145
0.882509
0.882509
0.882898
0.882898
0.885102
0.884807
0.883711
0.884823
0.883451
0.885116
0.886089
0.883881
0.887243
0.887949
0.886787
0.886484
0.885715
0.886952
0.887644
0.889127
0.889731
0.889086
0.888872
0.886379
0.887256
0.888651
0.887676
0.884846
0.886656
0.886138
0.886261
0.885843
0.88594
0.886007
0.886007
0.888476
0.8873
0.889323
0.888656
0.8873
0.887373
0.886189
0.887991
0.888007
0.887593
0.88729
0.886326
0.886737
0.885281
0.885631
0.886494
0.886494
0.885348
0.883659
0.886343
0.886343
0.886504
0.886766
0.886737
0.883553
0.883553
0.884411
0.882216
0.882117
0.882606
0.882606
0.883853
0.884275
0.883512
0.882961
0.88224
0.882984
0.882984
0.883237
0.883368
0.884799
0.884799
0.885649
0.884668
0.883576
0.884961
0.883164
0.883164
0.883164
0.885506
0.885298
0.886208
0.886208
0.886836
0.887306
0.884762
0.884762
0.886975
0.887381
0.888986
0.887649
0.888836
0.888792
0.886389
0.886653
0.887638
0.887546
0.88887
0.888538
0.888315
0.886873
0.88712
0.887012
0.885758
0.885123
0.884815
0.887903
0.886906
0.88932
0.890134
0.885057
0.885026
0.88357
0.882936
0.882147
0.880122
0.880567
0.881634
0.881953
0.885685
0.886066
0.886781
0.886781
0.888149
0.888087
0.890783
0.890671
0.890671
0.887045
0.888366
0.886956
0.885182
0.88434
0.884255
0.883126
0.884633
0.884004
0.885513
0.887813
0.885287
0.884666
0.884666
0.883776
0.884501
0.886787
0.887098
0.887843
0.889527
0.888419
0.888363
0.89021
0.891277
0.890703
0.890337
0.889375
0.888498
0.889905
0.889914
0.891627
0.895146
0.894521
0.894521
0.893572
0.8917
0.890092
0.893713
0.894435
0.895225
0.893496
0.892688
0.89485
0.894311
0.895154
0.892266
0.893376
0.892709
0.892178
0.891487
0.888926
0.889905
0.889075
0.887828
0.889125
0.887988
0.887673
0.887715
0.887902
0.889373
0.887502
0.886204
0.881747
0.883996
0.884758
0.887533
0.888924
0.887785
0.887598
0.889416
0.889416
0.888853
0.889622
0.888234
0.888124
0.887514
0.8904
0.891314
0.890575
0.889688
0.888727
0.887465
0.887062
0.885026
0.884282
0.884282
0.883714
0.883194
0.884515
0.886669
0.88592
0.883776
0.881928
0.883672
0.886601
0.889062
0.888574
0.88726
0.888392
0.889093
0.888977
0.889053
0.888348
0.887724
0.885323
0.888131
0.88966
0.889771
0.891024
0.888499
0.888012
0.888493
0.888151
0.89013
0.889475
0.888435
0.890453
0.890496
0.890114
0.892468
0.892468
0.890505
0.889646
0.890079
0.891689
0.890159
0.890159
0.887829
0.889859
0.889644
0.888207
0.887157
0.889025
0.888438
0.886209
0.886669
0.887808
0.888224
0.889111
0.889862
0.888884
0.88921
0.889558
0.888694
0.887419
0.887846
0.887846
0.888989
0.88929
0.890373
0.890051
0.887131
0.886968
0.885376
0.884631
0.883607
0.88579
0.887436
0.887269
0.88551
0.88646
0.886232
0.887763
0.888357
0.886567
0.886567
0.884427
0.886285
0.886942
0.887261
0.885269
0.882776
0.882025
0.882461
0.881775
0.880803
0.880558
0.88073
0.88335
0.884964
0.885605
0.888175
0.887321
0.886409
0.886409
0.886235
0.886114
0.887051
0.88767
0.888387
0.888271
0.889752
0.889316
0.889245
0.88755
0.888281
0.888302
0.885113
0.888662
0.888085
0.889488
0.887117
0.888171
0.886902
0.887466
0.887466
0.887004
0.885921
0.88417
0.88404
0.883548
0.883548
0.884299
0.885476
0.886288
0.883777
0.883777
0.884032
0.885235
0.886002
0.885618
0.884509
0.883858
0.88259
0.880623
0.884095
0.883535
0.884177
0.881735
0.882674
0.884936
0.885312
0.884565
0.886079
0.886079
0.884371
0.885623
0.885923
0.887942
0.889214
0.888783
0.888644
0.892544
0.892042
0.890416
0.887498
0.887221
0.887009
0.886299
0.886187
0.882834
0.884583
0.884583
0.884382
0.883452
0.881703
0.883979
0.884694
0.88223
0.881356
0.883182
0.882332
0.882332
0.883586
0.883237
0.885155
0.885155
0.887229
0.886703
0.888236
0.887914
0.887714
0.88697
0.886086
0.887171
0.886359
0.886596
0.884353
0.884894
0.882141
0.882958
0.885736
0.884855
0.886553
0.887985
0.888542
0.888488
0.888362
0.887717
0.888861
0.88828
0.888783
0.888298
0.888298
0.887354
0.887354
0.887718
0.88878
0.887904
0.888068
0.886846
0.88347
0.881513
0.881709
0.883504
0.881299
0.881213
0.882424
0.882397
0.883181
0.883502
0.88213
0.880464
0.880464
0.883121
0.882525
0.879643
0.881474
0.883743
0.884944
0.884445
0.885695
0.885228
0.884377
0.883774
0.883585
0.885029
0.883204
0.883652
0.884679
0.883044
0.882934
0.885457
0.886695
0.888736
0.889769
0.893034
0.893342
0.894134
0.897076
0.893914
0.894714
0.893998
0.891148
0.891366
0.893092
0.892223
0.891607
0.890217
0.888982
0.888914
0.886711
0.886796
0.888455
0.888825
0.887146
0.888532
0.890063
0.892371
0.89176
0.891749
0.889012
0.89024
0.891877
0.892585
0.892523
0.893064
0.893949
0.894111
0.892557
0.89352
0.895115
0.894101
0.895813
0.893971
0.891813
0.89001
0.891089
0.891896
0.888589
0.88867
0.888946
0.889639
0.887911
0.88646
0.88646
0.886055
0.885894
0.885077
0.88722
0.888549
0.887855
0.88941
0.888653
0.888653
0.89106
0.891701
0.892531
0.889651
0.889398
0.88939
0.887679
0.88793
0.889409
0.890193
0.89053
0.89053
0.890254
0.891637
0.8915
0.894243
0.894071
0.897199
0.895249
0.896219
0.895692
0.894626
0.894059
0.893053
0.891635
0.892358
0.890776
0.892485
0.891921
0.894659
0.894659
0.894648
0.891603
0.891063
0.889895
0.88788
0.887944
0.88644
0.88644
0.886839
0.887796
0.884786
0.887186
0.886363
0.887983
0.888791
0.887075
0.886166
0.886738
0.886931
0.886314
0.885276
0.887447
0.889778
0.889138
0.889138
0.887173
0.886591
0.884666
0.884666
0.885156
0.88503
0.883884
0.885796
0.884012
0.882704
0.882724
0.882187
0.885302
0.887731
0.889952
0.889952
0.887482
0.884939
0.884939
0.884661
0.883811
0.884028
0.884028
0.884028
0.884129
0.883358
0.881913
0.881913
0.883729
0.884059
0.884059
0.884059
0.882845
0.883976
0.885638
0.885332
0.884874
0.886118
0.889396
0.886499
0.886794
0.883299
0.886685
0.887149
0.88619
0.884796
0.884956
0.884956
0.885457
0.885032
0.888354
0.888719
0.889443
0.886979
0.888181
0.888181
0.888628
0.888101
0.887484
0.885395
0.885589
0.883939
0.882139
0.880824
0.879673
0.878541
0.877504
0.878921
0.877231
0.880273
0.88049
0.882143
0.884792
0.884887
0.884805
0.882847
0.883231
0.883807
0.884999
0.884469
0.88384
0.882478
0.882478
0.883158
0.882722
0.883849
0.882851
0.883439
0.884023
0.884764
0.885424
0.885424
0.886184
0.884817
0.883607
0.883492
0.883492
0.8805
0.880441
0.883777
0.883138
0.882775
0.883381
0.884653
0.883709
0.882842
0.882266
0.881975
0.881975
0.883807
0.883038
0.883038
0.882876
0.882406
0.882347
0.884608
0.885049
0.888021
0.888526
0.88892
0.888878
0.88792
0.885539
0.885501
0.885748
0.883473
0.883085
0.883085
0.882672
0.882547
0.884339
0.884034
0.884501
0.88553
0.88695
0.88336
0.882583
0.882297
0.883538
0.881744
0.881138
0.881817
0.880313
0.879262
0.877276
0.877662
0.879788
0.879788
0.879249
0.88152
0.881062
0.879814
0.879355
0.882396
0.882624
0.885595
0.887312
0.886231
0.885666
0.885873
0.886163
0.886163
0.886163
0.886163
0.88638
0.885434
0.885431
0.883703
0.883122
0.883
0.883353
0.884627
0.887014
0.884584
0.885576
0.886914
0.890131
0.890131
0.890111
0.891724
0.893001
0.894424
0.895461
0.896147
0.893868
0.893102
0.894584
0.894584
0.893878
0.892801
0.891559
0.890604
0.889049
0.887786
0.886908
0.887869
0.885791
0.887462
0.888946
0.889642
0.889958
0.889037
0.889037
0.891742
0.891263
0.891956
0.892801
0.891945
0.891945
0.893196
0.892461
0.891029
0.890842
0.890796
0.889963
0.889527
0.890649
0.889165
0.888595
0.890093
0.892027
0.892336
0.892441
0.889372
0.889133
0.888847
0.889976
0.888858
0.891002
0.89207
0.891746
0.894435
0.891759
0.892311
0.892311
0.892311
0.89442
0.89442
0.893476
0.891522
0.893527
0.89157
0.891208
0.892521
0.892002
0.889941
0.890063
0.889934
0.888994
0.888293
0.885518
0.885176
0.883928
0.882275
0.88307
0.88319
0.883514
0.88382
0.883346
0.884548
0.882465
0.882248
0.882719
0.882106
0.883963
0.884717
0.883945
0.883593
0.882937
0.885736
0.886804
0.885224
0.885589
0.885808
0.885808
0.885709
0.886072
0.884994
0.884075
0.882288
0.882273
0.882742
0.882742
0.882877
0.881124
0.881124
0.881124
0.881486
0.881213
0.88005
0.881412
0.881502
0.881502
0.881114
0.883956
0.885184
0.885596
0.884757
0.884246
0.883062
0.884201
0.885618
0.884614
0.885091
0.885726
0.884038
0.884898
0.884102
0.883751
0.885349
0.885349
0.886102
0.88558
0.88759
0.885901
0.884498
0.885158
0.885158
0.883273
0.883273
0.88526
0.88532
0.887652
0.88727
0.887787
0.886564
0.885896
0.883066
0.883066
0.883965
0.883965
0.884947
0.88455
0.887269
0.887269
0.88703
0.888987
0.887359
0.887374
0.885641
0.885281
0.885143
0.886133
0.886268
0.886618
0.886017
0.885769
0.885623
0.88437
0.887942
0.885834
0.885063
0.882045
0.881321
0.881268
0.883389
0.883004
0.884372
0.884422
0.884422
0.883378
0.88315
0.883693
0.883693
0.880857
0.879988
0.87933
0.880965
0.880056
0.87888
0.878415
0.878868
0.878451
0.880474
0.880544
0.878343
0.879429
0.880078
0.879268
0.880941
0.881009
0.880382
0.881883
0.881786
0.882437
0.882437
0.882782
0.88204
0.879003
0.878911
0.880491
0.883237
0.882278
0.886256
0.886424
0.885836
0.886215
0.886562
0.886078
0.886255
0.886453
0.887914
0.886578
0.886578
0.888179
0.8891
0.889618
0.891131
0.887037
0.885568
0.885508
0.888478
0.88956
0.888562
0.89037
0.89037
0.890479
0.891546
0.893724
0.891502
0.89167
0.891203
0.890477
0.890016
0.891725
0.891303
0.890211
0.889632
0.888792
0.888792
0.888506
0.888506
0.886506
0.884803
0.884871
0.88309
0.884485
0.882342
0.883318
0.885725
0.885725
0.88754
0.88795
0.890073
0.887623
0.889795
0.889795
0.889974
0.891426
0.890122
0.89115
0.891527
0.892115
0.8909
0.8909
0.889415
0.889926
0.890307
0.890307
0.890248
0.889052
0.890031
0.889128
0.888034
0.88952
0.890735
0.891292
0.890665
0.889617
0.890697
0.892447
0.893239
0.89252
0.892367
0.891251
0.891099
0.894463
0.895485
0.896518
0.89294
0.892516
0.894493
0.894429
0.895513
0.895883
0.895319
0.893955
0.895465
0.894817
0.892505
0.891142
0.891142
0.88873
0.887289
0.886305
0.887123
0.889679
0.890614
0.8916
0.893821
0.893037
0.893914
0.894667
0.893632
0.892485
0.889381
0.890761
0.890378
0.88863
0.888776
0.890797
0.89265
0.890591
0.892165
0.892894
0.892894
0.890155
0.889113
0.890549
0.887182
0.887769
0.888926
0.88929
0.88804
0.88732
0.88732
0.888082
0.888082
0.888763
0.888268
0.887307
0.887307
0.886775
0.887823
0.888037
0.888769
0.889076
0.889381
0.88976
0.88976
0.887225
0.888777
0.888728
0.889904
0.890039
0.887576
0.888028
0.889348
0.888135
0.886191
0.886191
0.886245
0.887209
0.887378
0.887378
0.886376
0.887243
0.885287
0.886826
0.885144
0.885476
0.88582
0.887506
0.887966
0.887266
0.886724
0.887454
0.886902
0.888632
0.888753
0.890321
0.889662
0.890244
0.892025
0.891235
0.89101
0.892189
0.892189
0.892828
0.89326
0.893428
0.893428
0.893428
0.894464
0.892471
0.891549
0.890046
0.889595
0.887014
0.887158
0.888709
0.887914
0.888491
0.891378
0.891942
0.892379
0.892569
0.893764
0.891506
0.892084
0.891738
0.890624
0.892547
0.890617
0.890617
0.889771
0.889419
0.888494
0.889893
0.890944
0.888442
0.889895
0.891116
0.890491
0.89227
0.891076
0.891077
0.890322
0.890581
0.888962
0.889515
0.888937
0.888314
0.888898
0.888898
0.888864
0.890659
0.889575
0.889065
0.889822
0.889822
0.88663
0.886667
0.888895
0.889005
0.889005
0.886914
0.886496
0.886259
0.886259
0.884971
0.884113
0.884034
0.884344
0.884531
0.88275
0.88353
0.883257
0.882739
0.883905
0.88478
0.88478
0.883596
0.885783
0.884995
0.885196
0.884735
0.886942
0.888488
0.890421
0.890859
0.889897
0.890526
0.890254
0.889885
0.88693
0.887833
0.886899
0.886899
0.883761
0.884279
0.884079
0.884079
0.88465
0.883276
0.88458
0.887395
0.88799
0.888145
0.888145
0.888698
0.886393
0.884823
0.884406
0.88735
0.887544
0.886223
0.888736
0.888056
0.888108
0.889881
0.888213
0.888019
0.888113
0.888566
0.88799
0.889388
0.890688
0.890084
0.89091
0.89091
0.891522
0.891324
0.89081
0.890731
0.890915
0.88866
0.889634
0.89002
0.89042
0.887579
0.886449
0.884335
0.884303
0.883636
0.883813
0.883813
0.882331
0.882143
0.884428
0.882717
0.885556
0.886503
0.88617
0.885255
0.885127
0.886105
0.888612
0.886395
0.886706
0.886706
0.887281
0.887208
0.887208
0.887208
0.885228
0.884534
0.883476
0.886254
0.887094
0.887576
0.886135
0.887984
0.886607
0.887557
0.889972
0.890471
0.892058
0.890459
0.887833
0.887916
0.889164
0.889164
0.890324
0.890595
0.890285
0.889475
0.890787
0.89211
0.890349
0.890231
0.890231
0.889648
0.889648
0.892094
0.89041
0.89041
0.890606
0.889614
0.888241
0.887954
0.887371
0.885379
0.884003
0.884775
0.886393
0.885592
0.884099
0.883245
0.884328
0.885678
0.885476
0.885263
0.885207
0.885059
0.88551
0.887033
0.886666
0.885726
0.885686
0.885273
0.886907
0.885104
0.885653
0.882608
0.882803
0.885281
0.883949
0.881192
0.882739
0.883809
0.884783
0.883682
0.885833
0.8852
0.885888
0.887443
0.887443
0.889224
0.88745
0.888042
0.888042
0.888206
0.886701
0.886213
0.886341
0.887423
0.885972
0.885308
0.885484
0.885484
0.886661
0.885487
0.886275
0.885786
0.886134
0.886549
0.888173
0.888379
0.891612
0.892877
0.892877
0.89263
0.891025
0.891846
0.892591
0.891103
0.889684
0.890628
0.890923
0.889421
0.893329
0.890611
0.893258
0.891517
0.892312
0.892383
0.893893
0.893893
0.892295
0.890778
0.888239
0.890621
0.890356
0.891475
0.890085
0.889298
0.890283
0.890854
0.890854
0.890987
0.892588
0.891209
0.888354
0.888843
0.890484
0.891657
0.891657
0.890468
0.890157
0.889022
0.888038
0.886018
0.884314
0.882527
0.88419
0.886155
0.885573
0.885873
0.886932
0.885858
0.884876
0.885757
0.887257
0.887092
0.887834
0.887153
0.889081
0.889081
0.889081
0.888637
0.886287
0.886277
0.886277
0.88605
0.886368
0.88688
0.886148
0.885652
0.886155
0.88466
0.88466
0.883944
0.882817
0.882848
0.881916
0.884602
0.885488
0.885877
0.88979
0.889592
0.889398
0.890777
0.887598
0.889007
0.889182
0.888866
0.888888
0.887827
0.887827
0.88722
0.886229
0.885442
0.886107
0.885317
0.885317
0.88351
0.88351
0.88351
0.884192
0.884418
0.885857
0.887844
0.887097
0.887251
0.884139
0.885617
0.887341
0.886526
0.887742
0.88886
0.889884
0.889661
0.888943
0.887346
0.887674
0.888879
0.889623
0.889633
0.890204
0.889543
0.888216
0.887921
0.886394
0.888085
0.888038
0.888038
0.88962
0.889969
0.890498
0.889656
0.890356
0.890356
0.890072
0.891018
0.891078
0.891375
0.89111
0.890029
0.889965
0.89119
0.890343
0.890865
0.890027
0.889117
0.890164
0.890099
0.887808
0.88797
0.889876
0.887691
0.886251
0.887724
0.887022
0.883406
0.883406
0.885374
0.882742
0.883813
0.883681
0.882414
0.882902
0.883796
0.883796
0.883514
0.884727
0.884743
0.886052
0.885182
0.884824
0.884743
0.885708
0.887789
0.886436
0.885148
0.884587
0.884465
0.886864
0.887147
0.887371
0.888656
0.889445
0.887602
0.890049
0.888434
0.888434
0.888434
0.887565
0.887191
0.888845
0.88928
0.890299
0.889726
0.888726
0.887691
0.886113
0.885647
0.885563
0.886531
0.886531
0.88572
0.88572
0.883815
0.885369
0.884911
0.884911
0.885832
0.884476
0.884857
0.884483
0.884626
0.884841
0.885161
0.884581
0.885358
0.887375
0.884578
0.885075
0.884491
0.88521
0.88522
0.886987
0.884935
0.883634
0.883634
0.885229
0.885198
0.885198
0.884865
0.884099
0.883528
0.883176
0.881185
0.882268
0.88187
0.882577
0.883906
0.886121
0.886709
0.88642
0.887929
0.891163
0.891682
0.890484
0.886216
0.888967
0.888225
0.888979
0.886901
0.884156
0.883526
0.883526
0.883526
0.88494
0.887411
0.887956
0.887866
0.886783
0.887022
0.884331
0.886818
0.887957
0.888389
0.88821
0.890186
0.892265
0.890721
0.888324
0.887135
0.887812
0.889563
0.889147
0.889294
0.889294
0.890388
0.890463
0.890981
0.890136
0.889812
0.8906
0.891283
0.889994
0.889994
0.8895
0.886461
0.884182
0.883949
0.885031
0.885031
0.887956
0.887956
0.886262
0.887253
0.889013
0.887356
0.888427
0.888259
0.888259
0.888617
0.889055
0.888045
0.886578
0.886238
0.886144
0.887869
0.888819
0.889087
0.890418
0.890653
0.890147
0.888138
0.887571
0.885994
0.886096
0.885305
0.886517
0.886517
0.882941
0.883551
0.884726
0.884452
0.885521
0.88634
0.884556
0.88299
0.883895
0.882572
0.882898
0.882983
0.883652
0.882079
0.880775
0.880434
0.880828
0.880321
0.878683
0.879213
0.879482
0.879482
0.881105
0.884893
0.884659
0.883395
0.883395
0.882708
0.884317
0.886713
0.883882
0.884725
0.884015
0.884015
0.88545
0.887265
0.886624
0.887261
0.888068
0.886407
0.885163
0.887281
0.886038
0.88728
0.885579
0.883229
0.883208
0.885551
0.887237
0.886749
0.886375
0.886957
0.888926
0.888733
0.889292
0.890476
0.890476
0.890476
0.888922
0.888808
0.890561
0.890561
0.89021
0.890221
0.89107
0.893095
0.893826
0.894402
0.894325
0.893545
0.890505
0.889901
0.887606
0.889874
0.888111
0.886824
0.885681
0.885753
0.885127
0.884789
0.88311
0.882581
0.884855
0.886096
0.887819
0.887441
0.888644
0.887356
0.887893
0.885323
0.885082
0.884494
0.886004
0.888268
0.887107
0.885061
0.885423
0.88525
0.889841
0.888971
0.888356
0.891224
0.889898
0.888571
0.886391
0.887504
0.887168
0.885908
0.883461
0.88529
0.88529
0.887568
0.885182
0.886092
0.887142
0.889315
0.892905
0.889535
0.889003
0.889003
0.887884
0.886337
0.886625
0.887766
0.8881
0.88604
0.886537
0.886972
0.889155
0.89207
0.894446
0.89324
0.893545
0.895257
0.895352
0.895352
0.896176
0.896493
0.896595
0.892562
0.892562
0.895137
0.89582
0.89664
0.89664
0.893308
0.893547
0.893844
0.893515
0.894247
0.892293
0.893634
0.894715
0.892796
0.891977
0.890558
0.889885
0.888993
0.889317
0.889121
0.890258
0.890995
0.891353
0.891966
0.88907
0.888424
0.888645
0.888612
0.89215
0.891785
0.890662
0.890391
0.890327
0.892751
0.892908
0.893635
0.891384
0.890448
0.889212
0.889858
0.891478
0.891983
0.891955
0.891955
0.891381
0.892637
0.890165
0.891017
0.892054
0.89198
0.889518
0.890656
0.889968
0.891079
0.89143
0.890227
0.889548
0.889799
0.888383
0.888815
0.888082
0.888082
0.888566
0.8882
0.887548
0.886915
0.888731
0.890947
0.889381
0.888615
0.887882
0.889216
0.889889
0.886932
0.885566
0.885566
0.888647
0.889257
0.88992
0.889977
0.887708
0.889585
0.889585
0.891197
0.891437
0.891521
0.890982
0.889448
0.88669
0.887728
0.885991
0.884061
0.885338
0.884886
0.883225
0.885035
0.886654
0.885875
0.887155
0.885523
0.885341
0.882809
0.886024
0.887268
0.889057
0.888459
0.888657
0.887177
0.887498
0.890393
0.890582
0.888233
0.884684
0.884825
0.884825
0.884825
0.886581
0.888026
0.887451
0.887725
0.886
0.887921
0.885741
0.888629
0.889099
0.888556
0.889134
0.88665
0.885477
0.885477
0.885477
0.886156
0.884771
0.885912
0.887564
0.88763
0.886316
0.888657
0.888631
0.888516
0.888944
0.886122
0.884324
0.883956
0.88457
0.887193
0.885647
0.885647
0.884391
0.884664
0.884674
0.884674
0.883738
0.883971
0.88413
0.881217
0.880599
0.880599
0.880673
0.882589
0.883931
0.88548
0.888181
0.888181
0.888445
0.887333
0.886485
0.88795
0.887443
0.887443
0.888856
0.887863
0.887554
0.888097
0.888685
0.888685
0.890256
0.888899
0.890047
0.889024
0.888171
0.886208
0.887923
0.885934
0.885934
0.884829
0.886129
0.884942
0.886278
0.888273
0.88705
0.887023
0.885128
0.88621
0.88639
0.887938
0.891033
0.889237
0.888692
0.889732
0.890683
0.890159
0.889838
0.890641
0.889648
0.890319
0.890319
0.888867
0.888758
0.884948
0.885591
0.885591
0.885591
0.884325
0.886968
0.888299
0.891525
0.894018
0.894018
0.893346
0.894633
0.894436
0.892955
0.892955
0.89197
0.893162
0.892093
0.891374
0.891406
0.892176
0.892176
0.891211
0.891211
0.891055
0.891055
0.889743
0.891132
0.888314
0.891579
0.891321
0.892743
0.894845
0.894919
0.895179
0.892576
0.893985
0.893799
0.89298
0.891612
0.890427
0.892222
0.889276
0.888324
0.88891
0.888422
0.885112
0.884685
0.887661
0.889232
0.888848
0.887281
0.885915
0.885915
0.885284
0.88638
0.885546
0.885979
0.884869
0.887808
0.886132
0.884831
0.886361
0.887394
0.886596
0.886596
0.885868
0.889412
0.889092
0.889092
0.890693
0.889368
0.888948
0.887172
0.887172
0.886439
0.887361
0.887361
0.886592
0.887364
0.886954
0.888411
0.888574
0.888953
0.887407
0.888513
0.886633
0.887607
0.887184
0.887015
0.888344
0.888355
0.887986
0.889683
0.888911
0.886975
0.886598
0.887582
0.886492
0.885007
0.884657
0.8838
0.886386
0.886386
0.887218
0.888117
0.888269
0.887625
0.887224
0.887102
0.888457
0.887809
0.887809
0.887901
0.887254
0.888537
0.887851
0.888136
0.888666
0.887023
0.88673
0.88631
0.887083
0.887012
0.885727
0.887969
0.887776
0.888724
0.888858
0.887694
0.889049
0.889303
0.889087
0.888604
0.886521
0.882984
0.883533
0.88523
0.887806
0.886785
0.886993
0.884903
0.886048
0.884116
0.883513
0.882922
0.883191
0.88174
0.881671
0.883767
0.882785
0.882785
0.882785
0.886472
0.88597
0.885531
0.888167
0.886057
0.8893
0.8893
0.886859
0.886187
0.882998
0.88567
0.886362
0.88597
0.884956
0.884956
0.885282
0.883885
0.885245
0.883574
0.885567
0.886185
0.886046
0.886046
0.88921
0.887233
0.887233
0.888778
0.887177
0.88691
0.883201
0.881613
0.879577
0.880449
0.880492
0.877569
0.879567
0.879576
0.878914
0.88216
0.883292
0.883292
0.884312
0.884426
0.884336
0.88361
0.884099
0.883767
0.883861
0.88415
0.882919
0.883633
0.882457
0.884473
0.886932
0.886932
0.885424
0.884958
0.88625
0.886899
0.88719
0.886191
0.88819
0.890607
0.889286
0.887739
0.887048
0.888784
0.890777
0.889985
0.889908
0.890674
0.89032
0.890118
0.889312
0.890086
0.889147
0.887202
0.886622
0.886622
0.884767
0.884482
0.883609
0.884663
0.884619
0.881942
0.883527
0.883527
0.883491
0.883969
0.887037
0.886941
0.887308
0.88833
0.887564
0.888001
0.888535
0.88609
0.888332
0.887278
0.883943
0.883526
0.884182
0.884182
0.883755
0.883755
0.883009
0.882625
0.880736
0.879679
0.880608
0.882622
0.880811
0.882039
0.88257
0.883773
0.886443
0.887435
0.885319
0.882766
0.882881
0.88255
0.883944
0.883507
0.884644
0.883432
0.882491
0.881042
0.881042
0.881042
0.880904
0.881811
0.882158
0.880832
0.880043
0.881048
0.880756
0.882905
0.882954
0.883021
0.882731
0.882731
0.882568
0.88063
0.88063
0.88063
0.88155
0.8834
0.88608
0.885942
0.885921
0.888456
0.889891
0.888963
0.889054
0.886851
0.887621
0.887831
0.887641
0.887641
0.888651
0.886541
0.886735
0.885667
0.885294
0.885451
0.884049
0.886108
0.886306
0.884788
0.887051
0.890287
0.889452
0.888209
0.889492
0.888914
0.888586
0.886779
0.887064
0.885541
0.885059
0.885233
0.884941
0.882888
0.883899
0.881882
0.882614
0.88169
0.880033
0.880044
0.880943
0.881693
0.881924
0.880719
0.880719
0.881988
0.88488
0.888862
0.888525
0.888522
0.885522
0.886406
0.885248
0.883849
0.883849
0.883135
0.884309
0.885983
0.8832
0.883657
0.88275
0.882242
0.883288
0.883736
0.882259
0.881155
0.881495
0.883795
0.884472
0.88321
0.881116
0.881572
0.879414
0.881092
0.882331
0.882304
0.880075
0.879534
0.881154
0.878223
0.879269
0.879706
0.880822
0.879745
0.879838
0.879838
0.879838
0.879838
0.877585
0.87856
0.878369
0.879736
0.879502
0.880143
0.881863
0.879505
0.878543
0.879623
0.879975
0.880844
0.879806
0.879806
0.880001
0.882287
0.882537
0.884417
0.882966
0.884081
0.885448
0.884388
0.881051
0.878742
0.879987
0.879987
0.878523
0.878687
0.879916
0.879338
0.88042
0.879273
0.877895
0.876846
0.874862
0.87665
0.878869
0.879793
0.879097
0.880908
0.879972
0.879864
0.88228
0.881155
0.883363
0.883294
0.882523
0.881624
0.880609
0.882253
0.882253
0.882074
0.881212
0.879641
0.879641
0.879742
0.879205
0.88118
0.881243
0.881698
0.881609
0.883002
0.883256
0.88353
0.883315
0.884005
0.885356
0.884517
0.886264
0.884891
0.885684
0.883571
0.883897
0.883521
0.883745
0.882769
0.883572
0.88369
0.886192
0.886335
0.884166
0.885185
0.885345
0.886568
0.886594
0.884046
0.885051
0.883313
0.886016
0.885827
0.886682
0.885476
0.884806
0.884445
