1.16353
1.18968
1.21339
1.23725
1.26014
1.28323
1.3034
1.32323
1.34371
1.36316
1.38133
1.39689
1.41413
1.42999
1.44507
1.46026
1.47399
1.48795
1.50064
1.51331
1.52509
1.53718
1.55016
1.56022
1.57137
1.5835
1.5958
1.60706
1.61634
1.6257
1.6341
1.64342
1.65148
1.66066
1.66879
1.67818
1.68812
1.69696
1.70527
1.71371
1.72068
1.72869
1.7368
1.74331
1.74943
1.75681
1.76277
1.76891
1.7753
1.78151
1.78786
1.79154
1.79695
1.80363
1.80972
1.8155
1.8213
1.8287
1.83424
1.839
1.84465
1.84807
1.85343
1.85857
1.86349
1.86769
1.87265
1.8786
1.88414
1.88821
1.89388
1.89822
1.90256
1.90706
1.91157
1.91588
1.91957
1.92358
1.92806
1.93165
1.93602
1.93602
1.93903
1.94204
1.94502
1.94618
1.95074
1.9553
1.95964
1.96412
1.96723
1.97168
1.97341
1.97752
1.98088
1.98349
1.98528
1.98756
1.98964
1.99176
1.99448
1.9985
2.00324
2.00691
2.01062
2.0131
2.01564
2.01784
2.02076
2.02278
2.02643
2.0298
2.03306
2.03448
2.0362
2.03952
2.04186
2.04542
2.04971
2.04971
2.0521
2.05472
2.05818
2.06089
2.06488
2.06655
2.0675
2.06893
2.06943
2.07162
2.07233
2.0755
2.07791
2.08062
2.08253
2.08533
2.08722
2.0886
2.09089
2.09167
2.09321
2.09658
2.09913
2.10083
2.10125
2.10455
2.10792
2.10956
2.11057
2.11389
2.11502
2.11744
2.12002
2.12085
2.12233
2.12444
2.12491
2.1253
2.12579
2.12669
2.12686
2.1288
2.12872
2.12906
2.13009
2.13098
2.13313
2.13483
2.13611
2.13789
2.14016
2.14143
2.14191
2.14333
2.14413
2.1451
2.14525
2.14746
2.14815
2.1498
2.1512
2.15213
2.15338
2.15296
2.15336
2.15453
2.15741
2.15826
2.16
2.16173
2.16398
2.1628
2.16396
2.16571
2.16628
2.16715
2.16845
2.16764
2.17027
2.17024
2.17095
2.17314
2.17446
2.17665
2.17829
2.1787
2.18105
2.18307
2.1828
2.18451
2.18533
2.18414
2.18558
2.18623
2.19002
2.18985
2.19165
2.19112
2.19229
2.1938
2.19629
2.19763
2.19744
2.19814
2.19663
2.19555
2.19479
2.1946
2.19446
2.19415
2.19434
2.19522
2.19685
2.19731
2.19735
2.19692
2.1988
2.19937
2.19908
2.19868
2.19917
2.20068
2.20117
2.2016
2.20404
2.20485
2.20554
2.20641
2.20822
2.2072
2.21065
2.21141
2.21258
2.21164
2.2116
2.21291
2.21342
2.216
2.21701
2.21589
2.21521
2.21521
2.21516
2.21759
2.21648
2.21673
2.21814
2.21845
2.21724
2.21746
2.21745
2.21807
2.22067
2.22158
2.22193
2.22239
2.22119
2.22161
2.2236
2.22486
2.22502
2.22678
2.22618
2.22661
2.22477
2.2257
2.22869
2.22914
2.22864
2.23068
2.23142
2.23129
2.23129
2.22987
2.22979
2.23055
2.23147
2.23269
2.23308
2.23331
2.23492
2.23568
2.23723
2.23824
2.23918
2.23806
2.23876
2.23953
2.24124
2.24168
2.24449
2.24627
2.24569
2.24591
2.24611
2.24535
2.24545
2.24673
2.2477
2.24832
2.24799
2.24842
2.24935
2.24968
2.24943
2.25061
2.25025
2.25008
2.24994
2.2499
2.25102
2.25029
2.25136
2.25137
2.25293
2.25019
2.25009
2.24928
2.24961
2.25032
2.25103
2.25037
2.25077
2.25128
2.2508
2.2508
2.25199
2.25005
2.2495
2.24834
2.25039
2.25109
2.24966
2.25004
2.25132
2.25216
2.25446
2.25507
2.25333
2.25175
2.25129
2.25178
2.25067
2.25125
2.25185
2.25081
2.25091
2.25036
2.25169
2.25037
2.25052
2.25076
2.25123
2.25055
2.25219
2.25159
2.25238
2.25377
2.25376
2.25433
2.25533
2.25511
2.25583
2.25575
2.25546
2.25524
2.25608
2.25608
2.25535
2.25354
2.25347
2.25228
2.25255
2.25326
2.25289
2.25404
2.25453
2.25344
2.25342
2.25686
2.25632
2.25774
2.25959
2.25828
2.25845
2.25842
2.25895
2.25919
2.25755
2.25751
2.25778
2.25929
2.25821
2.25891
2.25897
2.26008
2.26102
2.25989
2.25956
2.25877
2.25925
2.26088
2.25855
2.26166
2.25992
2.26164
2.26191
2.26153
2.26091
2.26197
2.26146
2.26187
2.26008
2.25866
2.25736
2.25766
2.25823
2.26004
2.26135
2.26135
2.26262
2.26267
2.261
2.26056
2.26094
2.26025
2.26256
2.2653
2.26444
2.26564
2.2673
2.26663
2.26643
2.26512
2.26592
2.26582
2.26528
2.26441
2.26362
2.26454
2.26354
2.26281
2.26447
2.26332
2.26172
2.26144
2.26215
2.26268
2.26129
2.25958
2.26044
2.25969
2.25926
2.25854
2.25815
2.25777
2.25793
2.25931
2.25954
2.25989
2.25958
2.25971
2.25987
2.25903
2.25999
2.26098
2.25983
2.26249
2.26352
2.26354
2.26367
2.2648
2.26493
2.26501
2.2654
2.26577
2.26476
2.2645
2.26488
2.26667
2.26384
2.26348
2.26368
2.26378
2.26396
2.26334
2.26358
2.26567
2.26648
2.26731
2.26678
2.26573
2.2659
2.26599
2.26795
2.26958
2.26883
2.26709
2.26648
2.26634
2.26557
2.26566
2.2652
2.26524
2.26505
2.26597
2.26493
2.2635
2.26304
2.26098
2.26133
2.26114
2.26148
2.26025
2.25779
2.25744
2.25768
2.26003
2.26089
2.26141
2.26141
2.26113
2.26265
2.26465
2.26318
2.26217
2.26363
2.264
2.26179
2.26227
2.26054
2.25923
2.25762
2.25729
2.25561
2.25608
2.25572
2.25562
2.25609
2.25639
2.25779
2.2571
2.25822
2.25934
2.26112
2.25971
2.26071
2.25994
2.25999
2.26163
2.26023
2.26094
2.26163
2.26168
2.26065
2.25941
2.25995
2.26014
2.25938
2.26078
2.26163
2.26387
2.2636
2.26395
2.26389
2.2629
2.26113
2.26125
2.2608
2.26083
2.26177
2.26134
2.25757
2.25714
2.25628
2.25622
2.25561
2.25574
2.25632
2.25616
