2.22972738 2.23556542 2.23945890 
2.22889521 2.23740876 2.24073432 
2.22965831 2.23882053 2.24319893 
2.22854932 2.24074855 2.24543103 
2.22987966 2.24010329 2.24754268 
2.22878456 2.24029698 2.24511249 
2.22870091 2.24189236 2.24569688 
2.22793408 2.24184273 2.24880568 
2.23020158 2.24234908 2.25116346 
2.22765696 2.24310565 2.25426859 
2.23488830 2.24403588 2.25455379 
2.23620202 2.24404245 2.25855969 
2.23330772 2.24507882 2.25868638 
2.23667523 2.24393311 2.25711628 
2.23511376 2.24603561 2.25716568 
2.23340361 2.24732114 2.25531752 
2.23408439 2.24767692 2.25458388 
2.23812252 2.24948905 2.25258765 
2.23800269 2.25249782 2.25261434 
2.23746693 2.25244146 2.25504842 
2.23453409 2.25486910 2.25457002 
2.23709044 2.25435618 2.25382577 
2.23715152 2.25448278 2.25642707 
2.23539430 2.25449891 2.25914423 
2.23611272 2.25355851 2.25860540 
2.23890921 2.25382850 2.25908415 
2.23762543 2.25417459 2.25894555 
2.23715356 2.25467981 2.25840566 
2.23650479 2.25259296 2.26073260 
2.23724413 2.25325709 2.25919624 
2.23737776 2.25379001 2.26188551 
2.23452820 2.25473593 2.26159444 
2.23523435 2.25566577 2.26317629 
2.23134593 2.25610132 2.26666987 
2.23570432 2.25618624 2.26688621 
2.23466627 2.25212150 2.26379251 
2.23807293 2.25235251 2.25983089 
2.23501491 2.25298148 2.25983363 
2.23417120 2.25537546 2.25927665 
2.23725933 2.25505842 2.25862842 
2.23676097 2.25627024 2.26007006 
2.23773564 2.25452497 2.25884904 
2.23972011 2.25553737 2.25704512 
2.24064743 2.25848736 2.25469981 
2.24163819 2.25860190 2.25217287 
2.24163819 2.25860190 2.25217287 
2.23949312 2.26251870 2.25396875 
2.23639245 2.26295985 2.25079473 
2.23518270 2.26268198 2.25063406 
2.23667210 2.25967659 2.24867757 
2.23825040 2.26285563 2.25005972 
2.23812301 2.26506833 2.25008860 
2.23917386 2.26083169 2.24895997 
2.23995933 2.25950029 2.25066308 
2.24009513 2.26154455 2.25231467 
2.23775139 2.26306265 2.25567437 
2.24367397 2.26307690 2.25663862 
2.24398805 2.26407014 2.25716214 
2.23878459 2.26290120 2.25831531 
2.23479952 2.26368348 2.25676830 
2.23713204 2.26062224 2.25611855 
2.23884540 2.26064570 2.25584571 
2.23696914 2.26066656 2.25436955 
2.24064094 2.25891617 2.25418818 
2.24265071 2.25871371 2.25419333 
2.24141192 2.25782174 2.25318399 
2.24189169 2.25525344 2.25557148 
2.24329191 2.25244339 2.25534163 
2.24685386 2.25268845 2.25553501 
2.24610524 2.25170529 2.25329322 
2.24552102 2.25136975 2.25466329 
2.24412314 2.25229539 2.25586830 
2.24558149 2.25049046 2.25761305 
2.24375782 2.25280146 2.25509224 
2.24641323 2.25267984 2.25748698 
2.24680612 2.25155305 2.25640759 
2.24926402 2.25084573 2.25703946 
2.24895510 2.25447810 2.25788323 
2.24847347 2.25608999 2.25671027 
2.24674573 2.25645757 2.25979587 
2.24744946 2.25981291 2.25873433 
2.24816440 2.25976457 2.25739389 
2.25005961 2.25943158 2.25799489 
2.24826609 2.26045969 2.25853816 
2.24878421 2.25910347 2.25850405 
2.24828006 2.25777895 2.25966276 
2.24830514 2.26010249 2.25984112 
2.24830514 2.26010249 2.25984112 
2.24818366 2.25951958 2.25835344 
2.24426339 2.25878211 2.25757791 
2.24486035 2.25680252 2.25874794 
2.24391980 2.25198786 2.26093102 
2.24332667 2.25379304 2.26053031 
2.24530132 2.25457754 2.25990942 
2.24328431 2.25664213 2.25873638 
2.24399510 2.25430295 2.26382949 
2.24633255 2.25319973 2.26405095 
2.24686783 2.25097591 2.26248609 
2.24496724 2.25194014 2.26334085 
2.24655416 2.25318606 2.27082762 
2.24515708 2.25132495 2.27248115 
2.24603434 2.25414061 2.27305407 
2.25006802 2.25441025 2.27429720 
2.24774105 2.25095484 2.27613211 
2.25091561 2.24836950 2.27605321 
2.24944459 2.25001890 2.27578432 
2.25069740 2.25264671 2.27351714 
2.25012531 2.25250175 2.27495445 
2.24615556 2.25184798 2.27465413 
2.24770308 2.25172084 2.27310528 
2.24965170 2.25172668 2.27195362 
2.25249048 2.25308409 2.27228726 
2.24988513 2.25001532 2.27473286 
2.24936435 2.25342794 2.27394433 
2.25274784 2.25102673 2.27312432 
2.25328475 2.25170607 2.27523513 
2.25474186 2.25356186 2.27476000 
2.25257247 2.25236548 2.27473434 
2.25233066 2.25021598 2.27612786 
2.25129703 2.24878946 2.27620910 
2.25104040 2.25113711 2.27558204 
2.25286509 2.25327536 2.27650186 
2.25185181 2.24757770 2.27621552 
2.25525220 2.25151445 2.27821739 
2.25657974 2.24932639 2.27385838 
2.26189117 2.24953893 2.27348163 
2.26253269 2.25014657 2.27303602 
2.26543575 2.24754043 2.27160788 
2.26381550 2.24678642 2.27212983 
2.26623261 2.24722311 2.27246770 
2.26348557 2.24662580 2.27426467 
2.26538447 2.24531206 2.27490713 
2.26451120 2.24330294 2.27242715 
2.26283444 2.24190838 2.27125197 
2.26029727 2.23991345 2.27188225 
2.25893662 2.24195484 2.27208824 
2.25947777 2.24124121 2.27398566 
2.26068228 2.24177651 2.27765539 
2.26096963 2.24299315 2.28008666 
2.26000414 2.24263049 2.28142405 
2.26249635 2.24587775 2.27949989 
2.26299115 2.24793357 2.27709173 
2.26161859 2.24556172 2.27580949 
2.25990290 2.24638603 2.27540076 
2.25895186 2.24509607 2.27877965 
2.26049226 2.24130636 2.27894840 
2.26231037 2.24563687 2.27971875 
2.26695196 2.24498471 2.28395631 
2.26602468 2.24512031 2.28217941 
2.26662111 2.24599523 2.28429941 
2.26872216 2.24818167 2.28498217 
2.26542441 2.24865409 2.28580133 
2.26482697 2.24928745 2.28516086 
2.26548978 2.24773410 2.28212164 
2.26891020 2.24680476 2.28203331 
2.26677580 2.24981811 2.28087611 
2.26728955 2.24764932 2.28090127 
2.26412171 2.24501921 2.28410342 
2.26256780 2.24672718 2.28157933 
2.26328210 2.24704820 2.28328137 
2.26443336 2.24464106 2.28155201 
2.26442990 2.24435812 2.27965006 
2.26622781 2.24554028 2.28162784 
2.26431752 2.24519686 2.28045054 
2.26229318 2.24383929 2.27903372 
2.26051772 2.24310528 2.28070895 
2.26063125 2.24400806 2.28181430 
2.25980549 2.24704184 2.28118668 
2.25643386 2.24593282 2.28150808 
2.25935201 2.23933035 2.28005436 
2.26256494 2.23833395 2.28042696 
2.26435752 2.23664472 2.27805628 
2.26227738 2.23750424 2.27798902 
2.26022428 2.23653533 2.27887107 
2.25720173 2.24055819 2.27669363 
2.25499609 2.24179390 2.27650824 
2.25908277 2.23982240 2.27487303 
2.26203036 2.24174099 2.27415321 
2.26204858 2.24037943 2.27620684 
2.26115419 2.24214064 2.27637185 
2.26167777 2.24119707 2.27587162 
2.26214820 2.24197489 2.27500339 
2.26329603 2.24349706 2.27280367 
2.26336041 2.24359497 2.27014118 
2.26457089 2.24584554 2.26954596 
2.26641475 2.24493580 2.27158212 
2.26530006 2.24374193 2.27045746 
2.26770997 2.24676406 2.27299585 
2.26508510 2.25057041 2.27489575 
2.26372342 2.25030524 2.27660079 
2.26238644 2.24983207 2.27878062 
2.26390243 2.24961882 2.28086740 
2.26274256 2.25165665 2.28040116 
2.26090208 2.25178476 2.28234037 
2.26105444 2.25097459 2.28417779 
2.26118488 2.25277525 2.28336223 
2.25896288 2.25317209 2.28215043 
2.25986885 2.25286896 2.28076813 
2.26014534 2.25353815 2.28094837 
2.26119632 2.25699070 2.28181142 
2.25877419 2.25549563 2.27724685 
2.25747125 2.25504110 2.27793298 
2.25752644 2.25545537 2.27804491 
2.25642132 2.25658010 2.27835018 
2.25557592 2.25691874 2.27939330 
2.25751720 2.25548080 2.27701156 
2.25868958 2.25823932 2.27381625 
2.26071355 2.26135134 2.27494259 
2.26089543 2.26302760 2.27552712 
2.26042070 2.26241847 2.27907584 
2.26302263 2.25946260 2.27786604 
2.26175092 2.25785094 2.27760227 
2.26107513 2.25853538 2.27810065 
2.26146309 2.25778462 2.27873658 
2.26435351 2.26136512 2.27814581 
2.26559114 2.26480610 2.27834145 
2.26490062 2.26518280 2.27640875 
2.26264731 2.26337786 2.27523174 
2.26251971 2.26351139 2.27339448 
2.26368160 2.26315573 2.27219280 
2.26334237 2.26405945 2.26931766 
2.26519946 2.26517159 2.26660122 
2.26418244 2.26592438 2.26550788 
2.26686851 2.26432966 2.26452869 
2.26621360 2.26484287 2.26409001 
2.27155654 2.26410030 2.26226605 
2.26900859 2.26381464 2.26197338 
2.26797104 2.26037569 2.26215443 
2.26730673 2.25928404 2.26251715 
2.26617513 2.25691457 2.25984541 
2.26809008 2.25531582 2.26057054 
2.26758268 2.25110529 2.26472085 
2.27138433 2.24942967 2.26362820 
2.26905543 2.24732153 2.26436518 
2.26779668 2.24222179 2.26334928 
2.26866858 2.24073395 2.26291407 
2.26799390 2.24212993 2.26292787 
2.27085085 2.24622424 2.26300069 
2.27086391 2.24690276 2.26491232 
2.27280562 2.24778243 2.26364212 
2.27280562 2.24778243 2.26364212 
2.27158903 2.24685411 2.26495663 
2.27230740 2.24845448 2.26718272 
2.27393373 2.24881288 2.27118840 
2.27532741 2.24665310 2.26756983 
2.27312792 2.24691673 2.26646857 
2.27173961 2.25019396 2.26895513 
2.27220501 2.24847007 2.27132945 
2.26994379 2.24553257 2.26989883 
2.26903668 2.24859709 2.26917643 
2.26752552 2.24716124 2.26693095 
2.26727675 2.24248676 2.26794110 
2.26704660 2.23919679 2.26662961 
2.26969257 2.24033898 2.26182419 
2.26845468 2.24028115 2.25809799 
2.26601534 2.24132761 2.26091006 
2.26653509 2.24132285 2.25930988 
2.26647214 2.24134412 2.25904016 
2.26531628 2.24395630 2.25899482 
2.26364711 2.24342893 2.26207986 
2.26301287 2.24691140 2.26344108 
2.25978856 2.24756000 2.26395877 
2.25932940 2.25132939 2.26401013 
2.26431356 2.25071004 2.26299655 
2.26568256 2.25281516 2.26487405 
2.26156865 2.25353696 2.26401176 
2.26183717 2.25406783 2.26623392 
2.26031524 2.25513049 2.26436742 
2.26106318 2.25352136 2.26539698 
2.26389775 2.25763897 2.26336032 
2.26131837 2.25829335 2.26107798 
2.26186784 2.25883642 2.26212736 
2.26390031 2.25810693 2.26288568 
2.26359749 2.26066350 2.26077060 
2.26356384 2.26131851 2.25706542 
2.26099701 2.26223237 2.25499106 
2.26128686 2.26364502 2.25491807 
2.26145253 2.26254459 2.25643160 
2.26098469 2.26131823 2.25584591 
2.26172433 2.26290858 2.25770693 
2.26340056 2.26417776 2.25730727 
2.26714638 2.26562949 2.25883197 
2.26680358 2.26620947 2.25777459 
2.26972729 2.26447719 2.25764600 
2.27100861 2.26455784 2.25611228 
2.27191562 2.25999146 2.25680089 
2.26973164 2.25872826 2.25493695 
2.27168587 2.25688159 2.25518786 
2.27096387 2.25831836 2.25311718 
2.27037586 2.25739880 2.25470695 
2.27131403 2.25768042 2.25632356 
2.27229722 2.25782343 2.25391170 
2.26788975 2.25426660 2.25053896 
2.26792656 2.25435297 2.24914920 
2.26837877 2.25152906 2.24894039 
2.26658903 2.25283740 2.24922342 
2.26327051 2.25529757 2.24825814 
2.26169601 2.25690533 2.24862702 
2.26002163 2.26002869 2.24891830 
2.25923079 2.26059558 2.24866108 
