1.16168245 1.17287186 1.15602932 
1.18749758 1.19845838 1.18308901 
1.20994919 1.22200353 1.20823137 
1.23493354 1.24530355 1.23151954 
1.25788546 1.27050522 1.25201508 
1.28018008 1.29535518 1.27415130 
1.30206764 1.31412783 1.29401424 
1.32284494 1.33295377 1.31389103 
1.34364465 1.35329798 1.33418980 
1.36445520 1.37224155 1.35279388 
1.38409167 1.38874141 1.37116691 
1.39977555 1.40370391 1.38717929 
1.41728675 1.42089698 1.40420826 
1.43528766 1.43534466 1.41934410 
1.44905046 1.44965404 1.43649900 
1.46353042 1.46542177 1.45181287 
1.47677375 1.47685210 1.46834588 
1.49075969 1.49161662 1.48148104 
1.50146319 1.50634960 1.49412119 
1.51433988 1.51986494 1.50571532 
1.52575955 1.53239695 1.51711455 
1.53731692 1.54570241 1.52852741 
1.54778363 1.55847117 1.54423330 
1.55636492 1.57084449 1.55343780 
1.56728690 1.58227753 1.56455096 
1.58060117 1.59313495 1.57676667 
1.59395206 1.60635638 1.58710088 
1.60194694 1.61962089 1.59962218 
1.61207715 1.62860553 1.60832835 
1.62183220 1.63878660 1.61649300 
1.63027708 1.64920772 1.62280173 
1.64023629 1.65794619 1.63209091 
1.64773898 1.66524296 1.64145554 
1.65665823 1.67326343 1.65206175 
1.66439928 1.68191168 1.66004848 
1.67438483 1.68955285 1.67061578 
1.68549493 1.69888104 1.67997148 
1.69512540 1.70956491 1.68618245 
1.70323074 1.71715223 1.69542231 
1.71132160 1.72334653 1.70646575 
1.71785710 1.73163353 1.71255381 
1.72727942 1.73945240 1.71933063 
1.73488176 1.74819212 1.72732812 
1.74160944 1.75581600 1.73250869 
1.74622220 1.76209136 1.73998726 
1.75318632 1.76930263 1.74794476 
1.75790586 1.77535577 1.75503767 
1.76317851 1.78047408 1.76307944 
1.76851261 1.78686611 1.77052027 
1.77610519 1.79212396 1.77628684 
1.78514879 1.79764674 1.78077711 
1.79012147 1.79983477 1.78464945 
1.79450052 1.80574943 1.79060741 
1.80101432 1.81193186 1.79794579 
1.80643690 1.82101502 1.80171082 
1.81446740 1.82338889 1.80865063 
1.82294474 1.82639996 1.81454288 
1.82793906 1.83528923 1.82286265 
1.83583312 1.83886186 1.82801413 
1.84061734 1.84408312 1.83231119 
1.84570076 1.85000256 1.83825978 
1.84816257 1.85538729 1.84066518 
1.85687535 1.85711630 1.84630465 
1.85990315 1.86513184 1.85066284 
1.86567915 1.86898156 1.85580653 
1.86944812 1.87504702 1.85858589 
1.87353743 1.88129838 1.86312685 
1.87918441 1.88672776 1.86988422 
1.88287338 1.89307617 1.87645760 
1.88487655 1.89925186 1.88051349 
1.88888511 1.90294529 1.88979905 
1.89433186 1.90496167 1.89537995 
1.89806536 1.91006649 1.89954817 
1.90045113 1.91552588 1.90519625 
1.90284644 1.92171824 1.91014544 
1.90649233 1.92769738 1.91344081 
1.90972273 1.93115633 1.91783640 
1.91501617 1.93437281 1.92133852 
1.91900960 1.93924217 1.92592788 
1.92328555 1.94076077 1.93090989 
1.92743209 1.94485488 1.93576073 
1.92743209 1.94485488 1.93576073 
1.92880231 1.95047629 1.93780963 
1.93132077 1.95237068 1.94242736 
1.93527542 1.95551451 1.94426635 
1.93650179 1.95737351 1.94465109 
1.94001464 1.96067912 1.95152476 
1.94358287 1.96711608 1.95521163 
1.94836754 1.97268229 1.95786643 
1.95382167 1.97591952 1.96261339 
1.95655494 1.97829667 1.96683165 
1.96044371 1.98313169 1.97146584 
1.96251539 1.98580127 1.97191226 
1.96463326 1.99142397 1.97651148 
1.96770866 1.99327671 1.98165711 
1.96881901 1.99776149 1.98390172 
1.97093941 1.99863600 1.98626369 
1.97451886 2.00215905 1.98601053 
1.97476217 2.00386016 1.99029201 
1.97656667 2.00570746 1.99300691 
1.97814585 2.00848040 1.99682556 
1.98298454 2.01272819 1.99978136 
1.98802652 2.01457333 2.00710753 
1.99079003 2.01898808 2.01095869 
1.99401826 2.02223042 2.01560988 
1.99509231 2.02700829 2.01721095 
1.99961761 2.02740802 2.01990077 
2.00115898 2.02722099 2.02514054 
2.00384804 2.03012800 2.02831279 
2.00520620 2.03035362 2.03276845 
2.00858473 2.03302913 2.03768721 
2.01118535 2.03674685 2.04146254 
2.01636574 2.04080060 2.04200120 
2.01957146 2.04044021 2.04342678 
2.02001049 2.04428634 2.04429863 
2.02464212 2.04876837 2.04514636 
2.02590933 2.05359041 2.04608791 
2.03210844 2.05539382 2.04874743 
2.03690405 2.05993835 2.05230037 
2.03690405 2.05993835 2.05230037 
2.03911441 2.06278170 2.05439081 
2.04271217 2.06566313 2.05579327 
2.04593794 2.06856777 2.06001939 
2.04984542 2.07489151 2.05793953 
2.05403906 2.07943739 2.06115626 
2.05698494 2.07934991 2.06330306 
2.05859873 2.08016440 2.06374628 
2.05868201 2.08223176 2.06586959 
2.05919393 2.08374050 2.06534373 
2.06181165 2.08496475 2.06807208 
2.06369905 2.08322517 2.07006850 
2.06496353 2.08685691 2.07467533 
2.06930848 2.08694279 2.07748892 
2.07311106 2.08726557 2.08147358 
2.07657024 2.08751589 2.08350475 
2.07641797 2.09241099 2.08715413 
2.07674604 2.09726831 2.08763999 
2.07783096 2.09840151 2.08957383 
2.08002786 2.10431205 2.08832876 
2.08141823 2.10545412 2.08814415 
2.08302820 2.10574606 2.09086781 
2.08781285 2.10826614 2.09365600 
2.09074866 2.10804981 2.09859095 
2.09265048 2.10969377 2.10014147 
2.09613957 2.10849543 2.09910439 
2.09584039 2.11352250 2.10428110 
2.09951243 2.11671466 2.10754596 
2.10182416 2.11910529 2.10775534 
2.09954454 2.12021463 2.11195579 
2.10170449 2.12508529 2.11486924 
2.10364511 2.12544240 2.11596303 
2.10664229 2.12747583 2.11820858 
2.11018579 2.12936199 2.12052078 
2.11215656 2.12990133 2.12049685 
2.11554518 2.13073402 2.12072305 
2.11754829 2.13396519 2.12181891 
2.11720078 2.13534776 2.12219199 
2.11863035 2.13642290 2.12085342 
2.11703466 2.13636470 2.12397384 
2.11972796 2.13611644 2.12421895 
2.12275572 2.13350313 2.12432150 
2.12378269 2.13495766 2.12766096 
2.12320026 2.13465905 2.12828807 
2.12123202 2.13704818 2.12889762 
2.12276174 2.13732148 2.13018635 
2.12398871 2.13625558 2.13269924 
2.12542673 2.13907081 2.13487916 
2.12866400 2.14053134 2.13528981 
2.12915347 2.14436018 2.13482668 
2.12976992 2.14804377 2.13585647 
2.13083039 2.15116115 2.13848212 
2.13301483 2.15305424 2.13821215 
2.13488684 2.15380298 2.13705353 
2.13717080 2.15125230 2.14157467 
2.13754405 2.15229480 2.14255958 
2.13916809 2.15223321 2.14389126 
2.14033430 2.15061273 2.14480925 
2.14400797 2.15114315 2.14721606 
2.14392828 2.15151573 2.14901599 
2.14347379 2.15295150 2.15296545 
2.14389620 2.15565849 2.15405052 
2.14584741 2.15530844 2.15522470 
2.14581546 2.15598266 2.15833650 
2.14561257 2.15760808 2.15567143 
2.14326821 2.15869625 2.15812504 
2.14368127 2.15913074 2.16078808 
2.14621944 2.16157104 2.16445027 
2.14948137 2.15929290 2.16599083 
2.15244033 2.15982939 2.16773620 
2.15490840 2.15999001 2.17028496 
2.15805981 2.16281967 2.17106191 
2.15921530 2.16247653 2.16671873 
2.16168903 2.15996303 2.17021541 
2.16345433 2.16171571 2.17195812 
2.16491554 2.16050107 2.17343591 
2.16699716 2.16286415 2.17159697 
2.16868096 2.16483790 2.17182817 
2.16611969 2.16296501 2.17382908 
2.16985808 2.16622531 2.17472520 
2.16804802 2.16714409 2.17554022 
2.17150501 2.16587106 2.17548558 
2.17764820 2.16632529 2.17543387 
2.18002572 2.16527064 2.17807895 
2.18255087 2.16750074 2.17990910 
2.18256211 2.16750890 2.18478547 
2.18172112 2.17082372 2.18354439 
2.18520361 2.17238804 2.18556010 
2.18509614 2.17546518 2.18865916 
2.18494613 2.17717931 2.18628251 
2.18837227 2.17977814 2.18537905 
2.19019266 2.18008311 2.18570651 
2.18956665 2.17663529 2.18622778 
2.19185975 2.17767132 2.18721234 
2.19031333 2.17918682 2.18920139 
2.19464104 2.18261378 2.19280271 
2.19402487 2.18445002 2.19107776 
2.19611117 2.18429591 2.19453318 
2.19553302 2.18256173 2.19527674 
2.19840159 2.18478030 2.19369185 
2.19872294 2.18731890 2.19535572 
2.20372178 2.18988185 2.19527337 
2.20455733 2.19114376 2.19719228 
2.20331079 2.19140598 2.19760289 
2.20569629 2.19098400 2.19774606 
2.20579057 2.18990691 2.19419549 
2.20261471 2.18990684 2.19412033 
2.20011941 2.19244723 2.19180596 
2.19849600 2.19144560 2.19386953 
2.20010553 2.19126490 2.19201466 
2.19842557 2.19163849 2.19239189 
2.19621610 2.19196754 2.19484135 
2.19569911 2.19318636 2.19676742 
2.19736810 2.19337775 2.19981524 
2.19545945 2.19549299 2.20098041 
2.19479215 2.19632760 2.20092157 
2.19485125 2.19459206 2.20132068 
2.19527696 2.19649379 2.20463275 
2.19548272 2.19627354 2.20636653 
2.19616693 2.19470684 2.20637327 
2.19700018 2.19516172 2.20388285 
2.19510242 2.19943457 2.20296124 
2.19479719 2.19950989 2.20772022 
2.19567280 2.20199168 2.20586000 
2.19902392 2.19985337 2.20593621 
2.19928039 2.20322450 2.20962402 
2.20034733 2.20329195 2.21090973 
2.20369017 2.20190580 2.21102715 
2.20490329 2.20248585 2.21184451 
2.20829413 2.20538279 2.21097947 
2.20836197 2.20319923 2.21004632 
2.21444455 2.20592412 2.21158059 
2.21316435 2.20816908 2.21289042 
2.21319896 2.20984203 2.21469736 
2.20810462 2.21235145 2.21445212 
2.20651969 2.21304972 2.21523846 
2.20365703 2.21689642 2.21816578 
2.20564250 2.21629941 2.21831490 
2.21026734 2.21644340 2.22129341 
2.21071488 2.21724514 2.22307246 
2.21089936 2.21501073 2.22174981 
2.21209206 2.21307678 2.22046708 
2.21259790 2.21470286 2.21833128 
2.21094119 2.21479915 2.21974490 
2.21292895 2.21743299 2.22239759 
2.21193764 2.21568339 2.22181653 
2.21163424 2.21471888 2.22383999 
2.21267810 2.21662672 2.22512183 
2.21216509 2.21750747 2.22566546 
2.21109631 2.21698335 2.22362664 
2.21014130 2.21787909 2.22436341 
2.20919142 2.22029496 2.22286675 
2.21047301 2.21991572 2.22382847 
2.21344709 2.22411571 2.22443786 
2.21490542 2.22208193 2.22775837 
2.21550338 2.22208275 2.22819112 
2.21700326 2.22362102 2.22653231 
2.21619189 2.22190213 2.22548245 
2.21802990 2.22002471 2.22678487 
2.22132363 2.21979473 2.22968734 
2.22183666 2.22049375 2.23223679 
2.22004170 2.22245722 2.23256644 
2.22047221 2.22408926 2.23577821 
2.21986904 2.22389704 2.23476189 
2.21907197 2.22494678 2.23581244 
2.21693151 2.22445789 2.23293318 
2.21998936 2.22728865 2.22981472 
2.22262485 2.22850569 2.23494754 
2.22274776 2.22924407 2.23543640 
2.22242844 2.22787263 2.23561183 
2.22395925 2.22967716 2.23840688 
2.22649554 2.22798014 2.23978831 
2.22754391 2.22800784 2.23832085 
2.22754391 2.22800784 2.23832085 
2.22625656 2.22566905 2.23767620 
2.22616176 2.22484927 2.23835515 
2.22734010 2.22642208 2.23787424 
2.22699924 2.22723014 2.24016662 
2.22722288 2.23147284 2.23938067 
2.22860334 2.23326041 2.23737090 
2.22652838 2.23530333 2.23809816 
