2.86988
2.996
3.10902
3.23003
3.34557
3.46217
3.56331
3.66835
3.78115
3.88899
3.9913
4.07897
4.17557
4.25944
4.34661
4.43134
4.51661
4.60371
4.67954
4.76115
4.8295
4.90551
4.98643
5.05153
5.12751
5.20719
5.29043
5.36454
5.42229
5.4851
5.54141
5.60383
5.66097
5.72646
5.78572
5.85306
5.92469
5.97965
6.03902
6.10228
6.1516
6.20787
6.26221
6.31218
6.36205
6.41689
6.45559
6.50576
6.55375
6.59942
6.6398
6.66916
6.72089
6.77014
6.80769
6.85961
6.91253
6.97124
7.01584
7.05564
7.0978
7.12668
7.16057
7.20117
7.24274
7.28049
7.32218
7.37202
7.41524
7.4442
7.50012
7.53811
7.57237
7.60839
7.6503
7.68228
7.70523
7.7338
7.77435
7.8068
7.846
7.846
7.86716
7.89581
7.9124
7.92642
7.96514
8.00656
8.04069
8.07496
8.09989
8.13637
8.14853
8.19035
8.22878
8.25816
8.26948
8.29817
8.31577
8.33801
8.35382
8.39535
8.44065
8.46706
8.49911
8.52268
8.54771
8.57217
8.59466
8.61271
8.64028
8.66722
8.69528
8.71106
8.72477
8.75091
8.77223
8.80429
8.84425
8.84425
8.86556
8.88284
8.90606
8.93513
8.97727
8.99445
9.00436
9.01809
9.02477
9.04711
9.05928
9.08835
9.10491
9.12578
9.14694
9.17399
9.19422
9.20081
9.21377
9.22262
9.24196
9.265
9.28311
9.29971
9.30143
9.3366
9.36957
9.37757
9.38922
9.4214
9.43391
9.46201
9.48729
9.49241
9.50634
9.53038
9.53865
9.54365
9.55199
9.56376
9.56505
9.58903
9.59347
9.59359
9.61107
9.61505
9.63191
9.64363
9.65846
9.66993
9.68569
9.69394
9.70033
9.71332
9.71829
9.7224
9.72948
9.74568
9.75297
9.76113
9.77991
9.78175
9.79286
9.79683
9.80423
9.81251
9.84258
9.84518
9.87707
9.89709
9.9189
9.90394
9.91208
9.92859
9.92698
9.92361
9.94387
9.93704
9.97073
9.9731
9.9886
10.0096
10.0157
10.0378
10.0505
10.0512
10.0735
10.0929
10.0904
10.1002
10.1094
10.0931
10.1071
10.1204
10.1561
10.1609
10.1748
10.1655
10.172
10.1827
10.2085
10.214
10.201
10.2111
10.1924
10.1827
10.1676
10.1682
10.1649
10.1613
10.1732
10.1831
10.1902
10.1934
10.1855
10.1868
10.204
10.2086
10.211
10.1995
10.2114
10.234
10.2439
10.2568
10.2831
10.2888
10.2901
10.3036
10.3195
10.3133
10.3515
10.3598
10.3721
10.363
10.3535
10.3612
10.3616
10.3793
10.3967
10.3882
10.3823
10.3843
10.3889
10.417
10.413
10.4224
10.4359
10.4273
10.4123
10.4064
10.4116
10.4189
10.4406
10.4488
10.4536
10.4659
10.4535
10.4521
10.4674
10.4835
10.4926
10.5131
10.5096
10.5212
10.4979
10.4999
10.5256
10.5242
10.5117
10.5314
10.5323
10.5271
10.5271
10.5102
10.5035
10.5111
10.5205
10.5411
10.542
10.5515
10.5663
10.5645
10.5706
10.5809
10.5842
10.5844
10.5929
10.6003
10.6102
10.6126
10.651
10.6638
10.6628
10.6593
10.6571
10.6501
10.66
10.671
10.6755
10.6799
10.6826
10.6884
10.7009
10.707
10.7082
10.7232
10.7173
10.7049
10.7109
10.7111
10.7211
10.7148
10.7243
10.712
10.7283
10.6976
10.7021
10.6959
10.7067
10.7146
10.7221
10.7161
10.7169
10.7172
10.7083
10.7083
10.7172
10.6968
10.6921
10.6799
10.6954
10.6973
10.6892
10.6891
10.6992
10.7099
10.7293
10.7358
10.7266
10.7019
10.6985
10.7117
10.7083
10.7085
10.7207
10.7139
10.7225
10.7162
10.7274
10.7195
10.7263
10.7329
10.7407
10.7247
10.7394
10.7391
10.7468
10.7616
10.7675
10.773
10.7775
10.7781
10.7909
10.7932
10.7853
10.772
10.7732
10.7732
10.7695
10.7483
10.7433
10.7299
10.738
10.7404
10.7306
10.7416
10.7405
10.7279
10.7299
10.7661
10.7611
10.7775
10.8035
10.7969
10.7868
10.7909
10.7999
10.8101
10.8004
10.8025
10.8003
10.8196
10.8135
10.8173
10.8208
10.8371
10.8488
10.8289
10.8228
10.8154
10.8319
10.8516
10.8282
10.8578
10.8461
10.8639
10.874
10.8655
10.859
10.8793
10.8743
10.8796
10.8571
10.8457
10.8279
10.8322
10.8331
10.8543
10.8703
10.8706
10.8927
10.8953
10.8882
10.8738
10.8851
10.8764
10.8931
10.9262
10.9276
10.9295
10.9451
10.9351
10.9343
10.9232
10.923
10.9205
10.9142
10.9132
10.892
10.8994
10.8837
10.8809
10.8965
10.8855
10.8701
10.8587
10.8597
10.8571
10.8432
10.8342
10.8399
10.8277
10.8168
10.804
10.8009
10.7981
10.8015
10.8101
10.813
10.8097
10.807
10.8022
10.8127
10.7966
10.8138
10.8289
10.8198
10.8445
10.8519
10.863
10.8609
10.8665
10.8799
10.8872
10.887
10.888
10.8825
10.8818
10.8755
10.8941
10.8672
10.8729
10.8759
10.8711
10.8719
10.8567
10.863
10.8869
10.8974
10.9031
10.8872
10.8796
10.8879
10.8943
10.9156
10.9373
10.9311
10.9273
10.9115
10.9084
10.8921
10.8952
10.8899
10.8955
10.8885
10.9008
10.8887
10.8754
10.8727
10.8601
10.8541
10.8474
10.8584
10.8409
10.8222
10.8198
10.8139
10.834
10.8452
10.8565
10.8565
10.8617
10.8722
10.8785
10.8533
10.8397
10.861
10.8619
10.8417
10.8427
10.8243
10.8089
10.8016
10.7928
10.7795
10.7858
10.7842
10.7823
10.7891
10.7871
10.8053
10.806
10.8153
10.8249
10.8439
10.8279
10.8416
10.827
10.8318
10.8473
10.8347
10.8344
10.8408
10.8351
10.8185
10.7994
10.8092
10.819
10.8059
10.82
10.8369
10.8597
10.8571
10.8635
10.8569
10.8485
10.8207
10.8134
10.8142
10.8143
10.8297
10.8342
10.7995
10.7901
10.7885
10.7874
10.7739
10.7687
10.7734
10.779
