2.85370775 2.91890577 2.83703531 
2.98028307 3.03971570 2.96799122 
3.08502897 3.15308010 3.08894932 
3.21358155 3.26953048 3.20696611 
3.33300091 3.39731468 3.30638434 
3.45005785 3.51640707 3.42005102 
3.55395439 3.61558999 3.52037308 
3.66899326 3.71348575 3.62257597 
3.78373968 3.82610813 3.73360787 
3.89250755 3.93604022 3.83841039 
4.00426530 4.02135734 3.94827415 
4.08979946 4.11137218 4.03572980 
4.19784877 4.19896581 4.12990615 
4.28952454 4.27697842 4.21182776 
4.36794762 4.36194027 4.30993483 
4.44521548 4.45454820 4.39426438 
4.53236037 4.52764689 4.48980782 
4.62100105 4.62141400 4.56872902 
4.67595628 4.71261441 4.65004433 
4.76139808 4.80087304 4.72118548 
4.82435105 4.87620525 4.78794544 
4.89563890 4.95796690 4.86292933 
4.96057268 5.03762046 4.96109256 
5.01976056 5.11968252 5.01513289 
5.09484126 5.19665315 5.09102128 
5.17888785 5.27245682 5.17023827 
5.26781437 5.35556532 5.24790187 
5.32413360 5.44172768 5.32775833 
5.38230285 5.50025301 5.38431563 
5.45157297 5.56221658 5.44151859 
5.49756582 5.63779299 5.48886081 
5.55813083 5.69729357 5.55607376 
5.62218859 5.74528796 5.61542200 
5.68525001 5.80230429 5.69182880 
5.74541598 5.86509877 5.74664831 
5.82045762 5.91800481 5.82071179 
5.90455079 5.98862936 5.88089463 
5.95963799 6.04933353 5.92997335 
6.01442285 6.10671903 5.99591230 
6.07352339 6.15711287 6.07619209 
6.12437410 6.21828042 6.11213666 
6.18975125 6.28381258 6.15005575 
6.23414564 6.34509057 6.20739757 
6.28946092 6.40670422 6.24037021 
6.33355831 6.45432810 6.29826470 
6.38477202 6.50394778 6.36193659 
6.41834883 6.54435839 6.40405274 
6.46881096 6.58105477 6.46742602 
6.51368260 6.62561392 6.52194992 
6.57005677 6.66258230 6.56560709 
6.62280158 6.69997252 6.59661139 
6.66214272 6.72213816 6.62319950 
6.70637732 6.78102172 6.67527266 
6.75825362 6.82180907 6.73036490 
6.79679408 6.88381808 6.74247167 
6.86745257 6.91407360 6.79729211 
6.93963581 6.94698109 6.85097346 
6.97426630 7.02642469 6.91302634 
7.03891218 7.06466759 6.94393267 
7.07249609 7.11052532 6.98391064 
7.11144689 7.15069664 7.03124713 
7.12716854 7.19376633 7.05909092 
7.17887115 7.20007285 7.10276311 
7.20639651 7.26051464 7.13660304 
7.25121409 7.30077179 7.17622003 
7.28726980 7.34898639 7.20522787 
7.32148285 7.39909681 7.24594978 
7.38287004 7.43085218 7.30232484 
7.40701678 7.48728312 7.35142886 
7.41792295 7.52742970 7.38725599 
7.46245437 7.56828925 7.46961282 
7.51409840 7.58589710 7.51432852 
7.54717853 7.62219718 7.54773334 
7.56279054 7.66675801 7.59563150 
7.57991058 7.73598613 7.63501001 
7.61538638 7.77635132 7.65509389 
7.63909093 7.79858794 7.67802551 
7.68012026 7.81604472 7.70522199 
7.71192415 7.86214817 7.74898132 
7.74200979 7.88425864 7.79412132 
7.78736016 7.91076798 7.83987141 
7.78736016 7.91076798 7.83987141 
7.79586223 7.95956161 7.84606610 
7.82442769 7.98832456 7.87467130 
7.84829256 8.00391483 7.88498166 
7.86623745 8.01843672 7.89459921 
7.90169562 8.04617474 7.94754231 
7.93493449 8.09181596 7.99292180 
7.97228183 8.13649969 8.01329543 
8.01672897 8.15962414 8.04851744 
8.03937012 8.17714296 8.08317183 
8.06712105 8.22027507 8.12169919 
8.07930560 8.24652589 8.11975887 
8.11302942 8.28840464 8.16962515 
8.14437189 8.31469769 8.22728175 
8.15943116 8.35884673 8.25621552 
8.17550792 8.34685182 8.28608250 
8.21234535 8.38207925 8.30007614 
8.21253915 8.40017118 8.33459096 
8.22897220 8.43285673 8.35221214 
8.22381817 8.47175147 8.36590039 
8.28623778 8.50717586 8.39263143 
8.32351020 8.53570050 8.46274103 
8.34088457 8.56719347 8.49310735 
8.37481866 8.59499703 8.52751804 
8.38658878 8.63909001 8.54237523 
8.42954915 8.65649064 8.55708615 
8.44022106 8.65974780 8.61653882 
8.45840250 8.68099155 8.64459758 
8.47587836 8.67789065 8.68435477 
8.50482040 8.69257346 8.72345897 
8.51652679 8.72656836 8.75855058 
8.56533467 8.76173245 8.75878246 
8.58111622 8.77262896 8.77944423 
8.58386162 8.81035135 8.78008585 
8.61653819 8.85950237 8.77668440 
8.62827352 8.88999832 8.79842103 
8.68756546 8.89936864 8.82593073 
8.71770073 8.94891198 8.86612914 
8.71770073 8.94891198 8.86612914 
8.73102204 8.97359790 8.89206550 
8.74167288 9.00479137 8.90206177 
8.75716816 9.03323599 8.92777465 
8.79434560 9.10024293 8.91080414 
8.84781766 9.13513587 8.94886898 
8.87805468 9.14019732 8.96508922 
8.88925061 9.14492099 8.97889858 
8.88968924 9.16439347 9.00019753 
8.88880895 9.17819094 9.00731671 
8.91680479 9.19285584 9.03168208 
8.93765956 9.18811068 9.05208236 
8.93973755 9.22767750 9.09764300 
8.97376566 9.22004897 9.12090826 
9.00573724 9.21399012 9.15762504 
9.04302587 9.22713086 9.17067736 
9.04937889 9.26723954 9.20535981 
9.06309251 9.31617109 9.20339130 
9.05736522 9.32713910 9.21794048 
9.07013799 9.37171541 9.19944901 
9.08651244 9.37856226 9.20278655 
9.10729172 9.39602582 9.22254818 
9.14893372 9.41074290 9.23532985 
9.18256764 9.40459786 9.26216682 
9.19807648 9.41524444 9.28580097 
9.22461220 9.41195855 9.26771811 
9.22273395 9.46722251 9.31985570 
9.25500790 9.49580983 9.35789269 
9.27242334 9.50800557 9.35227754 
9.25425761 9.52136548 9.39204956 
9.29157484 9.56070935 9.41190157 
9.30440644 9.56346627 9.43385347 
9.34523346 9.57746698 9.46332763 
9.37331013 9.59945668 9.48910225 
9.40467017 9.58559015 9.48696094 
9.43820819 9.59735750 9.48345586 
9.46523698 9.62860337 9.49729251 
9.46604414 9.63774987 9.51214989 
9.47802372 9.64354341 9.50938912 
9.45570174 9.65674173 9.54352006 
9.49394072 9.66387106 9.53347936 
9.53517821 9.62749839 9.53248239 
9.55364045 9.65516809 9.55827520 
9.55330888 9.66200141 9.56508937 
9.54152267 9.67269609 9.56653656 
9.57216154 9.68388252 9.57717598 
9.57687159 9.67975814 9.58853092 
9.56457317 9.71897511 9.61218100 
9.60425628 9.71624507 9.61037807 
9.61937785 9.75774239 9.59826717 
9.61834892 9.79855609 9.59289041 
9.63062990 9.80273944 9.62369082 
9.65492551 9.80866201 9.61824147 
9.66768924 9.81832651 9.61498403 
9.68470919 9.79371221 9.66152421 
9.67885385 9.80020665 9.67581973 
9.69047632 9.79164090 9.68508244 
9.70518053 9.77913036 9.70413592 
9.73691408 9.77328988 9.72682406 
9.74410453 9.77562245 9.73917347 
9.72164753 9.79171359 9.77001761 
9.72917379 9.82106554 9.78947647 
9.72877440 9.82431934 9.79214897 
9.73170133 9.82430876 9.82258333 
9.72792863 9.84912065 9.81345438 
9.72012328 9.85174830 9.84080595 
9.72001650 9.85393423 9.86356458 
9.75802619 9.87033189 9.89939041 
9.78340576 9.84064443 9.91149948 
9.82755228 9.85568968 9.94796146 
9.86173524 9.86575523 9.96378289 
9.88800755 9.89297976 9.97571130 
9.90120997 9.88035601 9.93025126 
9.92831299 9.85195093 9.95597659 
9.94283419 9.87863509 9.96429010 
9.95138290 9.86917287 9.96039583 
9.95479477 9.88208195 9.93394899 
9.99053084 9.90210283 9.93897825 
9.97131432 9.87803814 9.96176973 
10.00659426 9.92846128 9.97712672 
9.98371219 9.94908116 9.98650233 
10.02446969 9.94273721 9.99858309 
10.07832691 9.95099031 9.99960295 
10.08702919 9.94311808 10.01680331 
10.11198452 9.97662473 10.02484683 
10.11747742 9.97056415 10.06352809 
10.09849098 10.00172236 10.05330033 
10.13953402 10.01264916 10.06838812 
10.11743998 10.04773044 10.11357190 
10.11823391 10.05831411 10.09474382 
10.14133851 10.08481060 10.07431846 
10.16032186 10.09371557 10.07427882 
10.14682956 10.06176219 10.07061301 
10.17896897 10.05744489 10.08484396 
10.17224433 10.08428089 10.10477905 
10.20681970 10.11723185 10.14417976 
10.20718965 10.14437888 10.13106298 
10.22935231 10.13508887 10.16010258 
10.21449629 10.12215273 10.15978530 
10.22968034 10.14430482 10.14202574 
10.22644174 10.16665666 10.15491071 
10.28974950 10.18062098 10.15503711 
10.29782539 10.18444917 10.15986949 
10.28563702 10.17061469 10.14679255 
10.32156254 10.15778065 10.15398242 
10.32299975 10.13102509 10.12315471 
10.28791876 10.13011517 10.13004884 
10.24748878 10.14493892 10.11046150 
10.24958297 10.13447402 10.12059426 
10.27448381 10.13201947 10.08823525 
10.25230631 10.13322128 10.09835778 
10.24835195 10.14089992 10.13048732 
10.23521901 10.16925138 10.14493357 
10.23368256 10.15382505 10.18309270 
10.22064996 10.15570907 10.20388609 
10.20668960 10.16139631 10.18835885 
10.21517247 10.15070940 10.19445334 
10.23250189 10.15294427 10.22655025 
10.22272647 10.16242561 10.24070353 
10.22996956 10.15911526 10.24381396 
10.22392911 10.15823166 10.21626332 
10.20618999 10.21328217 10.21481882 
10.20751192 10.21908913 10.27537703 
10.21718111 10.24584895 10.26878406 
10.25823166 10.22755484 10.28459044 
10.26632894 10.26401555 10.31882740 
10.27925728 10.26403133 10.32309713 
10.29783239 10.25479340 10.31777341 
10.31772247 10.25816892 10.33502260 
10.34826034 10.28462566 10.32569865 
10.34753959 10.27372124 10.31873597 
10.41853267 10.30536018 10.33064114 
10.39972681 10.33329067 10.34632845 
10.40894320 10.34692373 10.36048799 
10.36004594 10.35730234 10.37163438 
10.33474868 10.35915864 10.36654166 
10.30662188 10.39444461 10.38247868 
10.32064290 10.39525474 10.36891998 
10.36336634 10.38200967 10.39253391 
10.37366087 10.39689765 10.41956137 
10.38380092 10.36645947 10.41426797 
10.39662221 10.34500988 10.40512586 
10.40351612 10.36899396 10.38051086 
10.39986100 10.37101364 10.39574467 
10.41423742 10.41173058 10.42505249 
10.41391372 10.39882160 10.42626525 
10.40746226 10.40839024 10.45121801 
10.41698050 10.41397786 10.47688563 
10.40374012 10.40746574 10.47064848 
10.39348911 10.40659967 10.43683155 
10.38195719 10.41490619 10.42220536 
10.37280122 10.45244973 10.40962408 
10.39895735 10.45356814 10.40412359 
10.41802046 10.49023307 10.41350307 
10.42604006 10.47058620 10.44984800 
10.43999618 10.46275065 10.45803984 
10.47169665 10.47889393 10.44713446 
10.45315690 10.45721987 10.45017114 
10.45819786 10.43722351 10.46095802 
10.48483376 10.43035667 10.48712083 
10.50231819 10.43450892 10.51367884 
10.48526056 10.45447747 10.53817391 
10.50506180 10.47789500 10.55620571 
10.51166831 10.47932940 10.53790348 
10.50958276 10.49135285 10.56268279 
10.47017676 10.48916626 10.53444194 
10.49212008 10.51248892 10.49507587 
10.51008084 10.51836184 10.54836639 
10.49933723 10.52618732 10.54704941 
10.48795457 10.50665260 10.54045180 
10.49002292 10.53480404 10.56951289 
10.49292947 10.51804186 10.58605561 
10.49304976 10.51630860 10.57201026 
10.49304976 10.51630860 10.57201026 
10.49076438 10.47544079 10.56448105 
10.48190740 10.46927346 10.55930645 
10.48097425 10.48114690 10.57130503 
10.48484602 10.48842277 10.58811631 
10.50065915 10.53640507 10.58630698 
10.50308061 10.54340218 10.57939740 
10.49718494 10.55250828 10.60472903 
