10.53041097 10.56126728 10.60717594 
10.51254580 10.56695237 10.61401599 
10.50687626 10.58370232 10.62117207 
10.48584466 10.60623869 10.65061718 
10.48503752 10.58804635 10.67943044 
10.49537860 10.58980993 10.66792317 
10.51003971 10.60274277 10.66579227 
10.51850914 10.59858293 10.68384059 
10.53083271 10.60653745 10.69327416 
10.49962482 10.60943655 10.72876076 
10.56384141 10.63116507 10.75787039 
10.56671480 10.63613266 10.78865252 
10.53972839 10.65680531 10.79184850 
10.56425948 10.65110769 10.76255890 
10.54596895 10.66789621 10.75750298 
10.52609438 10.67283091 10.75151451 
10.55082953 10.67380946 10.75541989 
10.58445201 10.69319258 10.73527624 
10.58300551 10.72798728 10.71550972 
10.57232463 10.72878857 10.73870510 
10.55070573 10.74988379 10.74716641 
10.57613751 10.75192082 10.73713021 
10.57973790 10.76322668 10.75959355 
10.56968397 10.76555194 10.78574096 
10.57749508 10.77181869 10.77518110 
10.59807031 10.77944408 10.79213302 
10.58822745 10.79468317 10.76905203 
10.57219821 10.78673355 10.75576500 
10.57521348 10.76341066 10.79416547 
10.58147953 10.75515592 10.79660521 
10.57391324 10.76173917 10.82753433 
10.53180260 10.77086191 10.84159678 
10.53952715 10.77446573 10.85891177 
10.48912588 10.77360878 10.87329061 
10.53084675 10.77552816 10.87861302 
10.51099255 10.73828594 10.84353043 
10.54849933 10.73416876 10.82351911 
10.51302295 10.74142899 10.83337840 
10.50637046 10.77508748 10.83849399 
10.54122584 10.77809516 10.82434614 
10.53177475 10.79142568 10.84308432 
10.53923431 10.77869044 10.83046542 
10.55016848 10.78828789 10.81218963 
10.56797733 10.80263391 10.78096349 
10.56967769 10.79783516 10.75731322 
10.56967769 10.79783516 10.75731322 
10.55281111 10.81797284 10.78092391 
10.51433207 10.81274548 10.76333719 
10.51640774 10.81724328 10.74259346 
10.52508736 10.78434755 10.73012506 
10.53591537 10.81877079 10.73159159 
10.54378900 10.82146553 10.72669395 
10.55324492 10.77708913 10.73734529 
10.55995822 10.76925061 10.73803252 
10.55761271 10.77543983 10.76461178 
10.54674076 10.78030372 10.80261690 
10.61150564 10.77481863 10.80164460 
10.61107648 10.78407651 10.81226286 
10.56376801 10.77600701 10.84010215 
10.52115288 10.77342875 10.81123673 
10.53178017 10.75493263 10.80891291 
10.56733956 10.75172863 10.81615995 
10.56660297 10.76249210 10.79569245 
10.59438033 10.73460557 10.79659159 
10.61601805 10.74717938 10.79885619 
10.60853768 10.74693022 10.78629797 
10.61567126 10.73945441 10.81223744 
10.61897588 10.72146546 10.80827362 
10.64477859 10.73267319 10.80477890 
10.64051481 10.72150371 10.79643280 
10.63204426 10.71826017 10.82858419 
10.61629884 10.74242171 10.83993352 
10.63122257 10.73292746 10.85798394 
10.60923149 10.75041202 10.81459909 
10.63414580 10.74945486 10.83456535 
10.64252683 10.73322727 10.84161655 
10.66827685 10.71894438 10.85309490 
10.67297196 10.75263842 10.85910338 
10.67188091 10.76861254 10.86187063 
10.66433459 10.76390184 10.89066178 
10.66032602 10.79362364 10.87855211 
10.67314155 10.80409464 10.85691385 
10.70370302 10.79933081 10.86976981 
10.68484410 10.81915067 10.87568542 
10.68056295 10.80642303 10.86891788 
10.66396261 10.79141621 10.86069029 
10.65483014 10.81087886 10.85374428 
10.65483014 10.81087886 10.85374428 
10.65644882 10.80939025 10.84270746 
10.60843410 10.79856793 10.83803513 
10.61164895 10.76777585 10.85044005 
10.60109478 10.72007476 10.86854704 
10.59852728 10.73140300 10.88395836 
10.61505806 10.73004032 10.87612499 
10.58557873 10.74765803 10.85842178 
10.60233121 10.72123801 10.90125740 
10.62213481 10.69991437 10.89930824 
10.62191595 10.66831653 10.89340050 
10.59468563 10.69094377 10.90416068 
10.62238989 10.70241730 10.97351662 
10.59343648 10.68710090 11.00278296 
10.61328495 10.71572331 11.00351241 
10.65436372 10.72948766 11.02677285 
10.63104031 10.68860838 11.07119615 
10.65556523 10.64912454 11.05565077 
10.65887583 10.66189921 11.05184079 
10.67992885 10.69391599 11.02584593 
10.68814564 10.69468712 11.04753024 
10.65951224 10.70029783 11.04138848 
10.66940920 10.70680683 11.03118216 
10.68687151 10.70805668 11.00583110 
10.71433325 10.72746902 11.01691806 
10.69862194 10.68976962 11.05200056 
10.70274075 10.71459243 11.03471291 
10.73490746 10.69859723 11.02890512 
10.75436537 10.70924084 11.04765196 
10.76340731 10.72851497 11.05444067 
10.73206083 10.70988140 11.04461569 
10.72984339 10.69144681 11.04708239 
10.72166318 10.67617806 11.04833586 
10.72098382 10.71854658 11.05618209 
10.74236019 10.74107823 11.07141450 
10.73388535 10.68024948 11.07041170 
10.78262152 10.71780290 11.07290858 
10.80125692 10.71223349 11.02482076 
10.86037588 10.71158940 11.01988387 
10.87049027 10.74216429 11.00928362 
10.89253473 10.71881896 10.98507057 
10.88692291 10.71148514 10.97871964 
10.92068748 10.72398244 10.99335793 
10.88663033 10.73537352 11.00078586 
10.92210986 10.69841232 11.01819187 
10.90640618 10.68734322 10.97740695 
10.89638707 10.67093250 10.96986444 
10.86871108 10.63960826 10.97538730 
10.85186200 10.66398460 10.98071356 
10.85749068 10.66440083 10.97754694 
10.85639062 10.68698755 11.01951999 
10.87304185 10.70025270 11.03768360 
10.86352040 10.70092946 11.04745302 
10.90851912 10.73031740 11.03934005 
10.92840262 10.74069990 11.01693027 
10.91757573 10.72324343 11.02378614 
10.89770680 10.70824866 11.01529552 
10.90024939 10.68451663 11.07067335 
10.91128635 10.64825158 11.06974897 
10.92055349 10.68425785 11.07440659 
10.98291352 10.67722136 11.11851371 
10.98463670 10.68939216 11.10880810 
10.98327944 10.68998281 11.11533735 
10.99281058 10.72308034 11.11927699 
10.94848671 10.72924310 11.12758218 
10.93395988 10.73446603 11.13451391 
10.94943838 10.71176220 11.10848971 
10.96876014 10.70388236 11.09632454 
10.95784773 10.72513859 11.07853776 
10.96024155 10.69759137 11.08477801 
10.94051556 10.68608045 11.11289506 
10.92184127 10.68788543 11.06638139 
10.91637645 10.69908292 11.08268577 
10.93194455 10.66068880 11.05848660 
10.93058160 10.66960774 11.04257559 
10.95735300 10.68670233 11.04531589 
10.92953273 10.69678780 11.03024893 
10.91523312 10.68414627 11.01085272 
10.87586472 10.68008246 11.02017158 
10.87280948 10.68290385 11.02326283 
10.85147422 10.71149301 11.00824354 
10.81503650 10.69388619 11.02081821 
10.84761588 10.64110760 11.01377758 
10.87135532 10.63212282 11.01633179 
10.87949641 10.60796670 10.99571593 
10.82920665 10.61281948 11.00852371 
10.80585077 10.58791400 11.01824555 
10.77600228 10.62380362 11.00296299 
10.74615247 10.63105728 11.01703199 
10.78727211 10.60966062 11.00747187 
10.80566183 10.60932742 11.01531356 
10.80887791 10.58662710 11.04359524 
10.80159100 10.58828606 11.03911756 
10.79703942 10.58240435 11.04155146 
10.79384474 10.57219565 11.04057311 
10.81252240 10.61712781 11.00846705 
10.80759069 10.61373114 10.96859583 
10.81855845 10.64269777 10.98019215 
10.84156833 10.63766894 11.00740727 
10.82731890 10.61538613 11.01663223 
10.84187669 10.63655780 11.05507023 
10.81895238 10.66329956 11.07338965 
10.81794299 10.66631062 11.10470389 
10.80203668 10.66546262 11.11515847 
10.81831300 10.65728423 11.12389889 
10.82168027 10.67752743 11.14053546 
10.80032989 10.68884618 11.17231831 
10.79575952 10.67654198 11.18881063 
10.81468706 10.68940860 11.16005209 
10.79340501 10.70374069 11.15039521 
10.81709556 10.69301872 11.13514332 
10.80066301 10.69860037 11.12727723 
10.81631461 10.73586816 11.13014995 
10.80158777 10.72103401 11.07909446 
10.80569129 10.71573498 11.09729972 
10.82320926 10.71845614 11.08606401 
10.81030096 10.71380562 11.08927917 
10.79673265 10.72044862 11.09841890 
10.81733108 10.69166953 11.06105011 
10.82725164 10.71885573 11.04289929 
10.84322146 10.75191080 11.06546064 
10.85971774 10.77656582 11.05594263 
10.84513829 10.77652539 11.08765488 
10.86502079 10.73688732 11.05961383 
10.83272314 10.72772072 11.07820762 
10.83514595 10.73733808 11.09121099 
10.83226353 10.74232076 11.10819586 
10.84750717 10.77639528 11.12295436 
10.86766068 10.80932469 11.13498248 
10.85742133 10.82398754 11.11203343 
10.85350852 10.82303503 11.10529778 
10.83300948 10.83086877 11.07057783 
10.83157629 10.82515823 11.06831901 
10.83029338 10.81596451 11.02998330 
10.86586734 10.82213539 10.99752203 
10.85578189 10.82006948 10.99399049 
10.90045688 10.80610225 10.97983394 
10.88616689 10.80135033 10.97784826 
10.94764452 10.80416067 10.95053510 
10.92397123 10.79589566 10.94625288 
10.90924155 10.75947292 10.95742191 
10.89718867 10.77254486 10.94849010 
10.89119896 10.77439872 10.91462415 
10.90700706 10.73194775 10.92337625 
10.90099919 10.67700778 10.96414306 
10.93763188 10.67106760 10.96654884 
10.89479314 10.64942283 10.97835919 
10.89978977 10.60477676 10.96216640 
10.91993116 10.58827751 10.95111080 
10.88581900 10.60389971 10.95206527 
10.92203701 10.62611386 10.95390741 
10.91291589 10.65102956 10.97168484 
10.93534644 10.66327949 10.97082879 
10.93534644 10.66327949 10.97082879 
10.93589989 10.66219962 10.98687719 
10.94742452 10.67225388 10.99696038 
10.95149786 10.67884240 11.00514607 
10.96147559 10.63612927 10.96241725 
10.94914882 10.63032486 10.93968607 
10.93626659 10.66969614 10.97691043 
10.94731025 10.63757448 11.00066608 
10.91507886 10.61981989 10.99012059 
10.90499231 10.63654285 10.98659154 
10.88762460 10.62390393 10.96150560 
10.87606890 10.58189720 10.96882508 
10.88605910 10.55249324 10.96619525 
10.91703929 10.56102114 10.90026519 
10.92397172 10.55536371 10.85903580 
10.90595964 10.57048539 10.88097918 
10.90964265 10.56447192 10.87837516 
10.91140237 10.55971430 10.87593222 
10.90696695 10.57887495 10.88156852 
10.88672922 10.57621730 10.89845365 
10.88173695 10.61438754 10.91975841 
10.85588679 10.64664598 10.91543216 
10.85323652 10.67326013 10.91929571 
10.90811450 10.67091220 10.89579620 
10.92452864 10.69155266 10.91558388 
10.86965942 10.70054895 10.91358124 
10.87038698 10.70815688 10.94632877 
10.85318586 10.70873794 10.91893088 
10.87168133 10.70866536 10.91509959 
10.90797808 10.74480419 10.88917245 
10.88291765 10.75385880 10.86744909 
10.87213715 10.75622632 10.87478655 
10.89904403 10.74643844 10.87683895 
10.87788701 10.75872203 10.86872705 
10.86791190 10.75742559 10.83013758 
10.83766740 10.76253026 10.79796292 
10.84720302 10.79220866 10.78806154 
10.86438116 10.79534595 10.79717094 
10.87349768 10.76109992 10.78322118 
10.88207232 10.78384946 10.79401542 
10.89938044 10.81040722 10.80101551 
10.93542949 10.83007370 10.81369868 
10.92863352 10.82984574 10.81282302 
10.96695657 10.81277591 10.81084737 
10.97123647 10.81739205 10.78204269 
10.99553502 10.77443129 10.77542257 
10.96859441 10.74499855 10.74855268 
10.97717497 10.71917226 10.74370487 
10.97501108 10.74126799 10.72617183 
10.96312446 10.73077840 10.74892645 
10.97805066 10.73085076 10.78020268 
11.00204114 10.74016697 10.76042623 
10.97397300 10.69460197 10.72998367 
10.95987318 10.69532143 10.71506984 
10.96773828 10.67459564 10.72315356 
10.96293225 10.67890567 10.72041738 
10.92909802 10.68659408 10.70614323 
10.90542725 10.68888726 10.71165404 
10.88050602 10.73666204 10.70306233 
10.88151262 10.75164991 10.70382266 
