0.82537014 	 0.82857998 	 0.82202658 	 0.81819510 
0.82369814 	 0.82431886 	 0.82279706 	 0.81939188 
0.82347879 	 0.82908144 	 0.82446671 	 0.81826583 
0.82350910 	 0.82816259 	 0.82817939 	 0.82179088 
0.82742482 	 0.82809042 	 0.82754360 	 0.82048694 
0.83071864 	 0.82788554 	 0.82578101 	 0.81942782 
0.82704319 	 0.82654808 	 0.82807872 	 0.81866621 
0.82297596 	 0.82627808 	 0.82726344 	 0.81964237 
0.82402518 	 0.82745915 	 0.82852594 	 0.82202872 
0.82593689 	 0.82920708 	 0.82783061 	 0.82166370 
0.82615646 	 0.82941132 	 0.82597027 	 0.82440323 
0.82615646 	 0.82941132 	 0.82597027 	 0.82440323 
0.82268928 	 0.82960251 	 0.82466717 	 0.82648179 
0.82130000 	 0.83001469 	 0.82928183 	 0.82529374 
0.82244882 	 0.83037857 	 0.82494498 	 0.82764951 
0.82792373 	 0.82722518 	 0.82286412 	 0.82870585 
0.82901926 	 0.83172685 	 0.82717569 	 0.82485233 
0.82901926 	 0.83172685 	 0.82717569 	 0.82485233 
0.82875251 	 0.83106820 	 0.82882691 	 0.81918196 
0.82863768 	 0.83336399 	 0.82778694 	 0.82111088 
0.82624255 	 0.83023020 	 0.82716138 	 0.81955171 
0.82314121 	 0.83315193 	 0.82558511 	 0.81935087 
0.82442399 	 0.83091074 	 0.82796818 	 0.82045898 
0.82793465 	 0.83131181 	 0.82682261 	 0.82132839 
0.83116698 	 0.83193205 	 0.82703188 	 0.82253835 
0.83279000 	 0.83304804 	 0.82353047 	 0.82564430 
0.83147826 	 0.83490846 	 0.82576824 	 0.82613814 
0.83125348 	 0.83493023 	 0.82827435 	 0.82403401 
0.82894216 	 0.82964798 	 0.82228664 	 0.82393806 
0.83461709 	 0.83030002 	 0.82246822 	 0.82145550 
0.83438033 	 0.83061707 	 0.82628299 	 0.82103100 
0.83528431 	 0.83317745 	 0.82253045 	 0.82407327 
0.83528431 	 0.83317745 	 0.82253045 	 0.82407327 
0.83528431 	 0.83317745 	 0.82253045 	 0.82407327 
0.83438035 	 0.82843442 	 0.81998338 	 0.82636317 
0.83482905 	 0.83194677 	 0.81966115 	 0.82565846 
0.83550445 	 0.82721358 	 0.82398415 	 0.82805984 
0.83522311 	 0.82921047 	 0.82199233 	 0.82999309 
0.83590968 	 0.83114474 	 0.82107382 	 0.83182951 
0.83325656 	 0.83018439 	 0.82442185 	 0.83586586 
0.83273544 	 0.83124096 	 0.82596228 	 0.83819035 
0.83322479 	 0.83305325 	 0.82628854 	 0.83699464 
0.83312779 	 0.83488153 	 0.82595034 	 0.83894608 
0.83374077 	 0.83427612 	 0.82474463 	 0.83808596 
0.83359818 	 0.83420343 	 0.82150761 	 0.83057264 
0.83410326 	 0.83359114 	 0.82737787 	 0.83082112 
0.83344730 	 0.83678828 	 0.82463905 	 0.83115970 
0.83641739 	 0.83664202 	 0.82619638 	 0.83130085 
0.83577647 	 0.83734081 	 0.82780510 	 0.83007220 
0.83571564 	 0.83469029 	 0.83171685 	 0.83396549 
0.83571564 	 0.83469029 	 0.83171685 	 0.83396549 
0.83465860 	 0.83371025 	 0.83148209 	 0.83071218 
0.83261627 	 0.82788920 	 0.83533460 	 0.83081803 
0.83213477 	 0.82920474 	 0.83209885 	 0.83166366 
0.83348361 	 0.82901135 	 0.83135626 	 0.82994165 
0.83600395 	 0.82736940 	 0.83033513 	 0.83252295 
0.83764895 	 0.82651722 	 0.83709781 	 0.83268315 
0.83506179 	 0.82880149 	 0.83435252 	 0.82857954 
0.83161842 	 0.83169355 	 0.83670893 	 0.82718651 
0.83236672 	 0.82967136 	 0.83519389 	 0.82873828 
0.83135855 	 0.83001093 	 0.83524220 	 0.83024491 
0.82739277 	 0.82796499 	 0.83435861 	 0.83086978 
0.82783924 	 0.82715464 	 0.83279180 	 0.83091131 
0.82977947 	 0.82674920 	 0.83378050 	 0.82863818 
0.82974899 	 0.82784856 	 0.83443273 	 0.83412913 
0.82627940 	 0.82801173 	 0.83280376 	 0.83092798 
0.82627940 	 0.82801173 	 0.83280376 	 0.83092798 
0.82935040 	 0.83119469 	 0.83453246 	 0.83227036 
0.82935040 	 0.83119469 	 0.83453246 	 0.83227036 
0.82921686 	 0.83148753 	 0.83511472 	 0.83554217 
0.83259451 	 0.83551942 	 0.83297098 	 0.83977687 
0.83259451 	 0.83551942 	 0.83297098 	 0.83977687 
0.83138911 	 0.83579356 	 0.83396187 	 0.83164620 
0.83138911 	 0.83579356 	 0.83396187 	 0.83164620 
0.83184559 	 0.83120914 	 0.83376043 	 0.83109432 
0.83106496 	 0.82756180 	 0.83095143 	 0.83508742 
0.83186579 	 0.82656116 	 0.83080677 	 0.83159849 
0.83229190 	 0.82341440 	 0.82812332 	 0.82878046 
0.83441782 	 0.81950656 	 0.82912455 	 0.82775545 
0.83512172 	 0.81941556 	 0.82687013 	 0.82935934 
0.83457072 	 0.81905545 	 0.82545711 	 0.82872660 
0.83214504 	 0.81909745 	 0.82261734 	 0.83001636 
0.83279823 	 0.81857674 	 0.82165731 	 0.83189157 
0.83528351 	 0.82201839 	 0.81915531 	 0.82837355 
0.83273773 	 0.82068087 	 0.81997758 	 0.82995698 
0.83515183 	 0.82458113 	 0.81845574 	 0.82704475 
0.83638622 	 0.82635254 	 0.81855554 	 0.82793030 
0.83554851 	 0.82759341 	 0.82086333 	 0.82773170 
0.83421488 	 0.82323908 	 0.82344923 	 0.82961870 
0.83434489 	 0.82335769 	 0.83066305 	 0.83258064 
0.83333845 	 0.82322263 	 0.83042525 	 0.83184468 
0.83324775 	 0.82083551 	 0.83271257 	 0.83003420 
0.83413204 	 0.82194842 	 0.82954890 	 0.82898097 
0.83017516 	 0.82259350 	 0.83086417 	 0.83227609 
0.82861724 	 0.82048236 	 0.83026827 	 0.83459948 
0.82583384 	 0.82158121 	 0.82869193 	 0.83195161 
0.82835398 	 0.82412396 	 0.82507022 	 0.83089569 
0.83027263 	 0.82309679 	 0.82740055 	 0.83082703 
0.82726143 	 0.82192892 	 0.82564105 	 0.83429214 
0.82850159 	 0.82501468 	 0.82710431 	 0.83367435 
0.82850159 	 0.82501468 	 0.82710431 	 0.83367435 
0.82723791 	 0.82370182 	 0.83048321 	 0.83130317 
0.82780866 	 0.82537077 	 0.82959666 	 0.82820314 
0.82780866 	 0.82537077 	 0.82959666 	 0.82820314 
0.82684257 	 0.82430191 	 0.82827313 	 0.82486505 
0.82684257 	 0.82430191 	 0.82827313 	 0.82486505 
0.82730152 	 0.82510464 	 0.82630098 	 0.82599356 
0.82299752 	 0.82235876 	 0.82765394 	 0.82470488 
0.82215805 	 0.82399000 	 0.82514699 	 0.82647411 
0.82395219 	 0.82077817 	 0.82175254 	 0.82558591 
0.82395219 	 0.82077817 	 0.82175254 	 0.82558591 
0.82395219 	 0.82077817 	 0.82175254 	 0.82558591 
0.81756632 	 0.81962138 	 0.82109030 	 0.82942168 
0.81936510 	 0.81921067 	 0.82501078 	 0.82886976 
0.81840890 	 0.82101492 	 0.82475578 	 0.83000451 
0.82178533 	 0.82404705 	 0.82573997 	 0.82957351 
0.82173674 	 0.82487075 	 0.82862330 	 0.83165142 
0.82177561 	 0.82336775 	 0.82993083 	 0.83217136 
0.82101948 	 0.82421153 	 0.82913829 	 0.83344366 
0.82077363 	 0.81816779 	 0.82883582 	 0.82937918 
0.81942005 	 0.81598948 	 0.82895690 	 0.82714158 
0.81674282 	 0.81703151 	 0.82953500 	 0.82617623 
0.82058465 	 0.81942607 	 0.83315149 	 0.82999012 
0.82107827 	 0.82348951 	 0.83500368 	 0.82915605 
0.82392232 	 0.82533419 	 0.83401815 	 0.83416309 
0.83036144 	 0.82799837 	 0.83438651 	 0.82979174 
0.83402495 	 0.82689897 	 0.83345635 	 0.82654110 
0.83230915 	 0.82705964 	 0.83288337 	 0.82271141 
0.82933810 	 0.82942789 	 0.83284063 	 0.82433800 
0.82850154 	 0.83035489 	 0.82843809 	 0.82585186 
0.82816145 	 0.82907620 	 0.82829481 	 0.82423503 
0.82817076 	 0.82750655 	 0.83117844 	 0.82537317 
0.82576903 	 0.82487812 	 0.82936588 	 0.82353932 
0.82611273 	 0.82649056 	 0.82735526 	 0.82513586 
0.82567252 	 0.82795664 	 0.82729687 	 0.82633310 
0.82552058 	 0.82623867 	 0.82522667 	 0.83126643 
0.82489193 	 0.82809864 	 0.82298556 	 0.82666553 
0.82222540 	 0.82990774 	 0.82397267 	 0.82970391 
0.82222540 	 0.82990774 	 0.82397267 	 0.82970391 
0.82507459 	 0.83131405 	 0.82283610 	 0.82785080 
0.82449298 	 0.82873156 	 0.82279720 	 0.82642017 
0.82449298 	 0.82873156 	 0.82279720 	 0.82642017 
0.82494776 	 0.82631880 	 0.81943372 	 0.82477297 
0.82733330 	 0.82314130 	 0.81908386 	 0.82676309 
0.82787759 	 0.82040679 	 0.81995410 	 0.82948053 
0.82848394 	 0.82207525 	 0.82345841 	 0.82873461 
0.83265946 	 0.82435621 	 0.82729226 	 0.82615337 
0.83265946 	 0.82435621 	 0.82729226 	 0.82615337 
0.83265946 	 0.82435621 	 0.82729226 	 0.82615337 
0.83326232 	 0.82799441 	 0.82865682 	 0.82427759 
0.83210294 	 0.82713602 	 0.82641885 	 0.82364649 
0.83571586 	 0.82529161 	 0.82537500 	 0.82803770 
0.82911700 	 0.82059669 	 0.82893083 	 0.83056089 
0.83090835 	 0.81983028 	 0.83064292 	 0.82981817 
0.83169269 	 0.82191993 	 0.82700053 	 0.83100611 
0.83068605 	 0.82175511 	 0.82459866 	 0.82875339 
0.83190773 	 0.81773476 	 0.82525346 	 0.82835166 
0.82925882 	 0.82000597 	 0.82617559 	 0.82956404 
0.83258831 	 0.82063647 	 0.82405825 	 0.83042228 
0.83540224 	 0.82336826 	 0.82500995 	 0.82652194 
0.83347505 	 0.82566128 	 0.82262271 	 0.82418770 
0.82979338 	 0.82778206 	 0.82315045 	 0.82033536 
0.83124956 	 0.82830371 	 0.82475700 	 0.82177699 
0.83172167 	 0.83230569 	 0.82393027 	 0.81831954 
0.83380341 	 0.83315561 	 0.82674948 	 0.82642524 
0.83355625 	 0.83081475 	 0.82530903 	 0.82794609 
0.83355625 	 0.83081475 	 0.82530903 	 0.82794609 
0.82818792 	 0.83353611 	 0.82486198 	 0.82917166 
0.82544092 	 0.82867251 	 0.82318014 	 0.82666766 
0.82697765 	 0.83111177 	 0.82333303 	 0.82475673 
0.82742796 	 0.82896550 	 0.82148505 	 0.82255059 
0.82595602 	 0.82682769 	 0.82032502 	 0.82140084 
0.82648424 	 0.82494542 	 0.81982653 	 0.82403756 
0.82606143 	 0.82728529 	 0.81816961 	 0.82257134 
0.82736688 	 0.82534287 	 0.81973037 	 0.82177610 
0.82746787 	 0.82493562 	 0.81961994 	 0.82040711 
0.82420684 	 0.81985942 	 0.81814721 	 0.82108242 
0.82526984 	 0.82281397 	 0.81705176 	 0.82310521 
0.82484375 	 0.82339273 	 0.81803949 	 0.82555374 
0.82591385 	 0.82448441 	 0.81696758 	 0.82535805 
0.82843122 	 0.82030164 	 0.81945669 	 0.82570899 
0.82940451 	 0.82132112 	 0.82100398 	 0.82671331 
0.83113956 	 0.82411675 	 0.81964720 	 0.82941874 
0.82495579 	 0.82571919 	 0.82159315 	 0.82897799 
0.82161747 	 0.82208490 	 0.82137452 	 0.82738096 
0.81912423 	 0.82155991 	 0.81668866 	 0.82538502 
0.82008424 	 0.82292756 	 0.81679494 	 0.82292513 
0.82008424 	 0.82292756 	 0.81679494 	 0.82292513 
0.82154750 	 0.82340768 	 0.81824478 	 0.82295501 
0.82429248 	 0.82403917 	 0.81760627 	 0.82295905 
0.82181961 	 0.82071768 	 0.81523862 	 0.82225849 
0.82211666 	 0.82468855 	 0.81598967 	 0.82343025 
0.81999396 	 0.82287905 	 0.81851607 	 0.82489664 
0.82176870 	 0.82429767 	 0.81693070 	 0.82761975 
0.82176870 	 0.82429767 	 0.81693070 	 0.82761975 
0.82094135 	 0.82143990 	 0.81962542 	 0.82539477 
0.82072796 	 0.82154960 	 0.82056418 	 0.82392297 
0.81964444 	 0.82131781 	 0.82244143 	 0.82457249 
0.82197412 	 0.81961768 	 0.82006503 	 0.82153746 
0.82057652 	 0.81991620 	 0.82062806 	 0.81798023 
0.82062966 	 0.82015411 	 0.81844434 	 0.81953662 
0.81973295 	 0.82285257 	 0.81753144 	 0.81742919 
0.81799459 	 0.81919879 	 0.81985070 	 0.81676306 
0.81993945 	 0.81798792 	 0.81705833 	 0.81836309 
0.81848122 	 0.81881532 	 0.81429221 	 0.82060518 
0.81918350 	 0.81550690 	 0.81534993 	 0.81842835 
0.81918350 	 0.81550690 	 0.81534993 	 0.81842835 
0.81764623 	 0.81716386 	 0.81602514 	 0.81988925 
0.81958350 	 0.81947192 	 0.81357407 	 0.82152399 
0.81829024 	 0.81695949 	 0.81354087 	 0.82031889 
0.81598541 	 0.81477834 	 0.81741983 	 0.82306766 
0.81389410 	 0.81628856 	 0.81970908 	 0.81891109 
0.81395876 	 0.81685270 	 0.82274188 	 0.81620861 
0.81672604 	 0.81838092 	 0.82315904 	 0.81748544 
0.81863284 	 0.81668022 	 0.82538873 	 0.81564491 
0.81545942 	 0.81801067 	 0.82442976 	 0.81215896 
0.81642954 	 0.82146732 	 0.82664347 	 0.81342671 
0.81621055 	 0.81852874 	 0.82344552 	 0.81291409 
0.81397891 	 0.81944918 	 0.82231444 	 0.81266208 
0.81654886 	 0.81647480 	 0.82465181 	 0.81442549 
0.81655371 	 0.81889770 	 0.82285094 	 0.81349086 
0.81655371 	 0.81889770 	 0.82285094 	 0.81349086 
0.81390848 	 0.81793268 	 0.82253223 	 0.81523962 
0.81239619 	 0.81693060 	 0.81890227 	 0.81601358 
0.81101595 	 0.81372856 	 0.81871819 	 0.81533068 
0.81247121 	 0.81547461 	 0.81597222 	 0.81398464 
0.81223893 	 0.81642827 	 0.81587574 	 0.81078373 
0.81382517 	 0.81895468 	 0.81973643 	 0.80966666 
0.81873631 	 0.82039733 	 0.81858550 	 0.81160202 
0.81876625 	 0.81930544 	 0.81796120 	 0.81618317 
0.81664745 	 0.81878838 	 0.81773848 	 0.81437434 
0.81657833 	 0.82176788 	 0.81877601 	 0.81424494 
0.81719043 	 0.82148763 	 0.81764840 	 0.81409066 
0.81607697 	 0.82117062 	 0.81876020 	 0.81470623 
0.81539531 	 0.81891813 	 0.81891211 	 0.81552168 
0.81797009 	 0.82065448 	 0.82267494 	 0.81496697 
0.82019600 	 0.82255986 	 0.82539330 	 0.81588151 
0.81923710 	 0.82320394 	 0.82296520 	 0.82180675 
0.81627411 	 0.82278925 	 0.82169294 	 0.82174327 
0.81627411 	 0.82278925 	 0.82169294 	 0.82174327 
0.81288048 	 0.82058318 	 0.82195961 	 0.82110225 
0.81604342 	 0.82278570 	 0.82083524 	 0.81609982 
0.81450703 	 0.81967092 	 0.82429536 	 0.81614422 
0.81091541 	 0.81819805 	 0.82342952 	 0.81896142 
0.80813928 	 0.82143922 	 0.81657897 	 0.81969900 
0.80692094 	 0.81957445 	 0.81497036 	 0.81938834 
0.80588238 	 0.81993416 	 0.81731629 	 0.81627297 
0.80637600 	 0.81800373 	 0.81838832 	 0.81505535 
0.80706826 	 0.82006959 	 0.82059548 	 0.81684181 
0.80707014 	 0.81953997 	 0.81985610 	 0.81677523 
0.81156757 	 0.82077169 	 0.82028883 	 0.81287591 
0.81150456 	 0.82405805 	 0.82009760 	 0.81517756 
0.81437558 	 0.81927198 	 0.82305940 	 0.81017602 
0.81357813 	 0.81818751 	 0.82364278 	 0.81133528 
0.81441827 	 0.82064138 	 0.82451030 	 0.81204944 
0.81451458 	 0.82444754 	 0.82203490 	 0.81256813 
0.81671198 	 0.82481955 	 0.82104997 	 0.81348225 
0.81261951 	 0.82894098 	 0.81757305 	 0.81361442 
0.81264315 	 0.82667290 	 0.81932477 	 0.81793072 
0.81548617 	 0.82690131 	 0.82120263 	 0.81949927 
0.81572744 	 0.82875522 	 0.82206962 	 0.82005231 
0.81563468 	 0.82840462 	 0.81930177 	 0.81769839 
0.81604041 	 0.83197615 	 0.81559190 	 0.81943184 
0.81831003 	 0.83229094 	 0.81691432 	 0.81875219 
0.81769334 	 0.82832698 	 0.81624777 	 0.81821788 
0.81984170 	 0.82817375 	 0.81509630 	 0.81873727 
0.81982707 	 0.83037387 	 0.81576521 	 0.82499496 
0.81957237 	 0.83097936 	 0.81668241 	 0.82679214 
0.81987035 	 0.83296817 	 0.81958130 	 0.82590293 
0.82316181 	 0.83434590 	 0.81874719 	 0.82597217 
0.82709839 	 0.83337252 	 0.81958949 	 0.82519643 
0.82849736 	 0.83391551 	 0.82050024 	 0.82703637 
0.82509188 	 0.83681819 	 0.82080281 	 0.82667511 
0.82606706 	 0.83293530 	 0.82379400 	 0.82408395 
0.82267354 	 0.82631428 	 0.82421550 	 0.82085512 
0.81998370 	 0.82906981 	 0.83037147 	 0.82496336 
0.82269074 	 0.82862792 	 0.82760431 	 0.82480545 
0.82285340 	 0.83095621 	 0.82487077 	 0.82448383 
0.82140134 	 0.83293129 	 0.82433533 	 0.82372005 
0.82317135 	 0.83025103 	 0.82702064 	 0.82449917 
0.82084318 	 0.82860648 	 0.82801719 	 0.82351695 
0.82365615 	 0.82645632 	 0.82750383 	 0.82299865 
0.82243706 	 0.82845979 	 0.82804133 	 0.82575195 
0.82081145 	 0.82905417 	 0.82558018 	 0.82535628 
0.82344801 	 0.83062959 	 0.82324168 	 0.82095330 
0.82183538 	 0.82878609 	 0.82174083 	 0.81898474 
0.82324946 	 0.83084011 	 0.82530879 	 0.81655248 
0.82611030 	 0.83012816 	 0.82499847 	 0.82026264 
0.82611030 	 0.83012816 	 0.82499847 	 0.82026264 
0.82248535 	 0.82882494 	 0.82476582 	 0.82219918 
0.82061288 	 0.82946501 	 0.82618385 	 0.82031794 
0.82546658 	 0.82795223 	 0.82801721 	 0.81877507 
0.82546658 	 0.82795223 	 0.82801721 	 0.81877507 
0.82378328 	 0.82608049 	 0.82839039 	 0.81835734 
0.82404465 	 0.82741817 	 0.83026421 	 0.81833362 
0.82977989 	 0.83011531 	 0.82857085 	 0.82358702 
0.83097123 	 0.82740841 	 0.82835618 	 0.82498774 
0.83215148 	 0.82815999 	 0.83027790 	 0.82276281 
0.82906878 	 0.82756852 	 0.82961121 	 0.82442182 
0.83051611 	 0.82805081 	 0.83146109 	 0.82803609 
0.82929833 	 0.82865069 	 0.82920148 	 0.82787149 
0.82929833 	 0.82865069 	 0.82920148 	 0.82787149 
0.83071234 	 0.82909784 	 0.83156928 	 0.82414984 
0.83423229 	 0.82582859 	 0.83338854 	 0.82532213 
0.83301601 	 0.82898151 	 0.82917217 	 0.82831502 
0.83301601 	 0.82898151 	 0.82917217 	 0.82831502 
0.83293637 	 0.83024591 	 0.82763029 	 0.82874245 
0.82900224 	 0.83016022 	 0.82496763 	 0.82634070 
0.82440895 	 0.82933256 	 0.82139550 	 0.82687010 
0.82861958 	 0.82893641 	 0.82467471 	 0.82657356 
0.82861958 	 0.82893641 	 0.82467471 	 0.82657356 
0.83296127 	 0.82471318 	 0.82716990 	 0.82691628 
0.83078215 	 0.82541166 	 0.82485325 	 0.82820289 
0.83078215 	 0.82541166 	 0.82485325 	 0.82820289 
0.82793481 	 0.82671116 	 0.82438541 	 0.82682842 
0.82649999 	 0.82671717 	 0.82531109 	 0.82122221 
0.82452878 	 0.82590246 	 0.82489509 	 0.82212154 
0.82642903 	 0.82856044 	 0.82773281 	 0.82080447 
0.82393118 	 0.82561551 	 0.82044427 	 0.82284721 
0.82701579 	 0.82392219 	 0.82378856 	 0.82105251 
0.82803026 	 0.82491529 	 0.82258508 	 0.82323598 
0.82502467 	 0.82614096 	 0.82458848 	 0.82672901 
0.82650377 	 0.82519639 	 0.82788402 	 0.82503988 
0.82928852 	 0.82470920 	 0.83310302 	 0.82614497 
0.82732913 	 0.82369977 	 0.83584092 	 0.82968279 
0.83163455 	 0.82623909 	 0.83440935 	 0.83047733 
0.83163455 	 0.82623909 	 0.83440935 	 0.83047733 
0.83516837 	 0.82452412 	 0.83301876 	 0.82770368 
0.83675578 	 0.82342144 	 0.83624976 	 0.82547540 
0.83875871 	 0.82609148 	 0.83754569 	 0.82327850 
0.83608885 	 0.82775824 	 0.83855870 	 0.82336572 
0.83394977 	 0.82831790 	 0.83570521 	 0.82718098 
0.83394977 	 0.82831790 	 0.83570521 	 0.82718098 
0.83451414 	 0.82956694 	 0.83494490 	 0.82691317 
0.83258042 	 0.83094296 	 0.83108741 	 0.82695326 
0.83367084 	 0.83149015 	 0.82940062 	 0.82799075 
0.82873496 	 0.83001627 	 0.82990184 	 0.82685290 
0.82814866 	 0.82876563 	 0.83040041 	 0.83097756 
0.82968658 	 0.83094831 	 0.82984750 	 0.82726315 
0.83223259 	 0.82405518 	 0.82492362 	 0.82919559 
0.83181572 	 0.82382201 	 0.82584394 	 0.82817601 
0.83149533 	 0.82552387 	 0.82649214 	 0.82726366 
0.82794995 	 0.82656173 	 0.82323591 	 0.82557829 
0.82721462 	 0.82818291 	 0.81982203 	 0.82472272 
0.82671814 	 0.82812144 	 0.82519682 	 0.82295011 
0.82671814 	 0.82812144 	 0.82519682 	 0.82295011 
0.82451593 	 0.82845843 	 0.82193231 	 0.82302109 
0.82540523 	 0.82690091 	 0.82152699 	 0.82370625 
0.82486450 	 0.82588128 	 0.82214922 	 0.82328857 
0.82759238 	 0.82514404 	 0.82320914 	 0.82535814 
0.82690598 	 0.82400043 	 0.82551930 	 0.83163099 
0.82690598 	 0.82400043 	 0.82551930 	 0.83163099 
0.82760490 	 0.82374192 	 0.82568559 	 0.83205761 
0.82760744 	 0.81964391 	 0.82485926 	 0.83506853 
0.83019052 	 0.82627891 	 0.82646841 	 0.83415920 
0.83060577 	 0.82757269 	 0.82842908 	 0.83420841 
0.82652169 	 0.82969460 	 0.82966707 	 0.83580799 
0.82570077 	 0.82963195 	 0.83055966 	 0.83560841 
0.82399465 	 0.82874743 	 0.83255489 	 0.83370956 
0.82735206 	 0.82808415 	 0.83641369 	 0.83193185 
0.82522713 	 0.82650333 	 0.83428779 	 0.83126487 
0.82424482 	 0.82547142 	 0.83183492 	 0.83126084 
0.82390732 	 0.82352221 	 0.83046646 	 0.82941553 
0.82601916 	 0.82051419 	 0.82892669 	 0.83077311 
0.82607361 	 0.82376937 	 0.82583154 	 0.82893996 
0.82718665 	 0.82061570 	 0.82767576 	 0.82976582 
0.82302318 	 0.82048669 	 0.82928726 	 0.82778068 
0.82325546 	 0.82398946 	 0.82894616 	 0.82824904 
0.82049921 	 0.82505029 	 0.82884748 	 0.82940451 
0.82077580 	 0.82622706 	 0.82903301 	 0.82317476 
0.82152657 	 0.82352848 	 0.82211435 	 0.82127688 
0.82102811 	 0.82391874 	 0.82436224 	 0.82009470 
0.81786601 	 0.82199600 	 0.82168449 	 0.82210857 
0.81653980 	 0.82105604 	 0.82520193 	 0.82344238 
0.81702395 	 0.81651778 	 0.82378220 	 0.82508637 
0.81790402 	 0.82019103 	 0.82221951 	 0.82113854 
0.82005397 	 0.82396691 	 0.81869294 	 0.82231280 
0.82248053 	 0.82331178 	 0.82397455 	 0.82283981 
0.82234635 	 0.82106255 	 0.82652379 	 0.82415907 
0.82377780 	 0.82437882 	 0.82577427 	 0.82261544 
0.82407496 	 0.82264242 	 0.82288266 	 0.82884131 
0.82407496 	 0.82264242 	 0.82288266 	 0.82884131 
0.82407496 	 0.82264242 	 0.82288266 	 0.82884131 
0.82544065 	 0.82273328 	 0.82162787 	 0.82731697 
0.82906738 	 0.82345793 	 0.82460738 	 0.82624161 
0.82885257 	 0.81905851 	 0.82475495 	 0.82720004 
0.82885257 	 0.81905851 	 0.82475495 	 0.82720004 
0.82877599 	 0.82030070 	 0.82357967 	 0.82809996 
0.82880076 	 0.81688542 	 0.82025973 	 0.83246600 
0.83332239 	 0.81664999 	 0.82088815 	 0.83324048 
0.83229030 	 0.81729529 	 0.82265563 	 0.83138238 
0.83399073 	 0.81790652 	 0.82437664 	 0.83623364 
0.82853933 	 0.81929108 	 0.82519006 	 0.83831461 
0.82991543 	 0.82107892 	 0.82685712 	 0.83670440 
0.82827397 	 0.81963306 	 0.82788460 	 0.83121551 
0.83329075 	 0.81817989 	 0.82858390 	 0.82984850 
0.82703217 	 0.81907312 	 0.82800466 	 0.83065913 
0.82435128 	 0.81838639 	 0.82813070 	 0.83110940 
0.82450524 	 0.82161122 	 0.82844062 	 0.83302906 
0.82716967 	 0.82820589 	 0.82757558 	 0.83535897 
0.82632236 	 0.83329012 	 0.82879116 	 0.83547018 
0.82253546 	 0.83527525 	 0.83126652 	 0.83677795 
0.82698780 	 0.83393847 	 0.82978591 	 0.83095908 
0.82605548 	 0.83298161 	 0.83182650 	 0.83266801 
0.82753763 	 0.83018854 	 0.83423174 	 0.83395358 
0.82612394 	 0.83036993 	 0.83591726 	 0.83470833 
0.82724291 	 0.82852707 	 0.83648511 	 0.83631393 
0.82763301 	 0.83196397 	 0.83524511 	 0.83511891 
0.82713261 	 0.83235985 	 0.83712633 	 0.83845514 
0.82713261 	 0.83235985 	 0.83712633 	 0.83845514 
0.82800173 	 0.83439481 	 0.83466849 	 0.83490844 
0.82487377 	 0.83275873 	 0.83440765 	 0.83662792 
0.82459994 	 0.83330108 	 0.83345741 	 0.83947929 
0.82436401 	 0.83389490 	 0.83173633 	 0.83987869 
0.82436401 	 0.83389490 	 0.83173633 	 0.83987869 
0.82768263 	 0.83317556 	 0.82985469 	 0.83500543 
0.83086219 	 0.83641592 	 0.82617308 	 0.83021543 
0.83141761 	 0.83588914 	 0.83061278 	 0.83309982 
0.83352080 	 0.83181016 	 0.82897148 	 0.83325380 
0.83271893 	 0.82868235 	 0.82603474 	 0.83224923 
0.82932232 	 0.82730148 	 0.82278112 	 0.83499162 
0.82721483 	 0.82837722 	 0.82732756 	 0.83339931 
0.82407482 	 0.82655147 	 0.82811944 	 0.83549394 
0.82783283 	 0.82470093 	 0.82756512 	 0.83526769 
0.82783283 	 0.82470093 	 0.82756512 	 0.83526769 
0.82786370 	 0.82233525 	 0.83368367 	 0.82908474 
0.82691888 	 0.82453998 	 0.83501469 	 0.82833429 
0.82921768 	 0.82633657 	 0.83531558 	 0.83121560 
0.82996102 	 0.82651460 	 0.83073982 	 0.83148805 
0.83086411 	 0.82632256 	 0.83132531 	 0.83622251 
0.82550812 	 0.82511364 	 0.82533393 	 0.83188440 
0.82421963 	 0.82410807 	 0.82702403 	 0.83462717 
0.82447852 	 0.82418594 	 0.82670326 	 0.83043051 
0.82203781 	 0.82691529 	 0.82912508 	 0.82949005 
0.82203781 	 0.82691529 	 0.82912508 	 0.82949005 
0.82365740 	 0.82491705 	 0.83132290 	 0.83173660 
0.82279773 	 0.82774738 	 0.83073553 	 0.83247523 
0.82015516 	 0.82971014 	 0.83108484 	 0.83499919 
0.82254363 	 0.82725917 	 0.83191427 	 0.83399046 
0.82184388 	 0.82506555 	 0.83208819 	 0.83695926 
0.82194553 	 0.82178369 	 0.83169283 	 0.83600497 
0.82234157 	 0.82169367 	 0.83327259 	 0.83442737 
0.82263769 	 0.81854545 	 0.83542858 	 0.83242438 
0.82333782 	 0.82182703 	 0.83542272 	 0.83347891 
0.82152725 	 0.82457463 	 0.83526619 	 0.83357806 
0.82152725 	 0.82457463 	 0.83526619 	 0.83357806 
0.82152725 	 0.82457463 	 0.83526619 	 0.83357806 
0.82559116 	 0.82428630 	 0.83002998 	 0.83515857 
0.82932263 	 0.82727108 	 0.83120731 	 0.83594187 
0.82973043 	 0.82686877 	 0.82965940 	 0.83385995 
0.82912240 	 0.82769257 	 0.82877940 	 0.83206877 
0.82912240 	 0.82769257 	 0.82877940 	 0.83206877 
0.83099451 	 0.82545553 	 0.82379772 	 0.83018391 
0.83029419 	 0.82666675 	 0.82024870 	 0.83200170 
0.82557111 	 0.82483338 	 0.81812444 	 0.83250222 
0.83149969 	 0.82159463 	 0.82044773 	 0.83100113 
0.83149119 	 0.82098879 	 0.82059848 	 0.83245488 
0.83149119 	 0.82098879 	 0.82059848 	 0.83245488 
0.82588300 	 0.81991995 	 0.82330324 	 0.83362139 
0.82588300 	 0.81991995 	 0.82330324 	 0.83362139 
0.82247135 	 0.81868353 	 0.82271031 	 0.83274461 
0.82450383 	 0.81688351 	 0.82001462 	 0.82629625 
0.82879610 	 0.81938064 	 0.82403754 	 0.82418228 
0.82861092 	 0.81750668 	 0.82519067 	 0.82032252 
0.83147752 	 0.81664518 	 0.82520667 	 0.81948361 
0.83084273 	 0.81527097 	 0.82517968 	 0.82169961 
0.82982001 	 0.81776634 	 0.82817966 	 0.82518044 
0.83311513 	 0.81963460 	 0.83059370 	 0.82533309 
0.83202761 	 0.81767991 	 0.82759663 	 0.82641805 
0.83353361 	 0.82007933 	 0.82571882 	 0.82715498 
0.83419331 	 0.82297884 	 0.82244349 	 0.82666752 
0.83061420 	 0.82357856 	 0.81952881 	 0.82393013 
0.82967010 	 0.82330242 	 0.81907778 	 0.82639922 
0.82830741 	 0.82480214 	 0.82438244 	 0.82140575 
0.82688073 	 0.82194677 	 0.82357676 	 0.82419313 
0.82736200 	 0.82272151 	 0.82133276 	 0.82641115 
0.82458086 	 0.82232093 	 0.82252997 	 0.82837264 
0.82396955 	 0.82076354 	 0.82251318 	 0.82737334 
0.81968221 	 0.82266236 	 0.82379336 	 0.82995238 
0.81968221 	 0.82266236 	 0.82379336 	 0.82995238 
0.81936829 	 0.82274654 	 0.82288409 	 0.82983565 
0.81874074 	 0.82159581 	 0.82227157 	 0.82369009 
0.81802082 	 0.81737069 	 0.81907007 	 0.82697161 
0.81288893 	 0.82088326 	 0.81693842 	 0.82703593 
0.81458373 	 0.82448082 	 0.81593470 	 0.82173195 
0.81458373 	 0.82448082 	 0.81593470 	 0.82173195 
0.81687027 	 0.82770192 	 0.81702489 	 0.82332927 
0.82127918 	 0.82566793 	 0.81657736 	 0.82109983 
0.82105794 	 0.82027021 	 0.81494918 	 0.82459347 
0.81752490 	 0.81926372 	 0.81674326 	 0.82417304 
0.81814006 	 0.82086719 	 0.81743641 	 0.82047919 
0.82171816 	 0.81773287 	 0.81781370 	 0.82037375 
0.82171816 	 0.81773287 	 0.81781370 	 0.82037375 
0.81925987 	 0.81741329 	 0.81834084 	 0.82108160 
0.82032222 	 0.81520273 	 0.81742688 	 0.82215601 
0.82032222 	 0.81520273 	 0.81742688 	 0.82215601 
0.81563806 	 0.82029687 	 0.81992681 	 0.81968101 
0.81635660 	 0.82236204 	 0.82354762 	 0.82241525 
0.81862440 	 0.81970365 	 0.82209694 	 0.82429923 
0.82373741 	 0.82015867 	 0.82286784 	 0.82420541 
0.82496932 	 0.82104614 	 0.82617669 	 0.82230411 
0.82637961 	 0.81938327 	 0.82526709 	 0.81868562 
0.82637961 	 0.81938327 	 0.82526709 	 0.81868562 
0.82390612 	 0.82197056 	 0.82759886 	 0.81864367 
0.82182118 	 0.81819547 	 0.82636868 	 0.82042256 
0.82707199 	 0.82172167 	 0.82446374 	 0.81989954 
0.82859505 	 0.82084440 	 0.82200447 	 0.82233183 
0.83169824 	 0.82090493 	 0.82290684 	 0.82450973 
0.82885220 	 0.82158932 	 0.82494096 	 0.82430355 
0.82653181 	 0.81968579 	 0.82625909 	 0.82497386 
0.82502957 	 0.82265454 	 0.82241786 	 0.82664492 
0.82685206 	 0.82141149 	 0.82566489 	 0.82613652 
0.82684634 	 0.81956163 	 0.82703944 	 0.82389844 
0.82684634 	 0.81956163 	 0.82703944 	 0.82389844 
0.82699425 	 0.82136903 	 0.82232374 	 0.82399601 
0.82420254 	 0.82230838 	 0.82142500 	 0.82361975 
0.82599527 	 0.82414025 	 0.82225331 	 0.82298131 
0.82330610 	 0.82633471 	 0.82476049 	 0.82426385 
0.82505652 	 0.82748011 	 0.82047587 	 0.82328501 
0.82256515 	 0.83031958 	 0.82237452 	 0.82334706 
0.82289482 	 0.83116690 	 0.82066023 	 0.82570827 
0.82441025 	 0.82990382 	 0.81664394 	 0.82330592 
0.82585505 	 0.82949149 	 0.82002327 	 0.82505555 
0.82196553 	 0.82780224 	 0.81916075 	 0.82494598 
0.82487927 	 0.82617654 	 0.81930321 	 0.82484469 
0.82359922 	 0.82634807 	 0.82048811 	 0.82460286 
0.82384486 	 0.82394938 	 0.82350667 	 0.82537184 
0.82384486 	 0.82394938 	 0.82350667 	 0.82537184 
0.81881167 	 0.82676090 	 0.82254734 	 0.82354225 
0.82245752 	 0.82525773 	 0.82454386 	 0.82381583 
0.82046521 	 0.82294797 	 0.82511044 	 0.82355513 
0.82552754 	 0.82331392 	 0.82678576 	 0.82615182 
0.82765672 	 0.82363563 	 0.82548039 	 0.83195902 
0.82659282 	 0.82074388 	 0.82188658 	 0.82847602 
0.82417244 	 0.82255611 	 0.82195591 	 0.83002941 
0.82417244 	 0.82255611 	 0.82195591 	 0.83002941 
0.82870553 	 0.82162063 	 0.82068448 	 0.83006546 
0.82663622 	 0.82312478 	 0.82547436 	 0.82874727 
0.82748469 	 0.82513762 	 0.82966812 	 0.83141702 
0.82768883 	 0.82332888 	 0.83041688 	 0.83127810 
0.82456445 	 0.82562791 	 0.82946633 	 0.83250024 
0.82604541 	 0.82481881 	 0.82920413 	 0.83061946 
0.82660087 	 0.82488226 	 0.82886072 	 0.83275024 
0.82551973 	 0.82603303 	 0.82808710 	 0.83292676 
0.82551973 	 0.82603303 	 0.82808710 	 0.83292676 
0.83095255 	 0.82135341 	 0.82633773 	 0.82935007 
0.82963947 	 0.82223265 	 0.82769983 	 0.82572757 
0.82950090 	 0.82573389 	 0.82741346 	 0.82711685 
0.82922547 	 0.82219092 	 0.82736340 	 0.82562708 
0.83164015 	 0.81935110 	 0.82615648 	 0.82375936 
0.83005874 	 0.82031325 	 0.82956447 	 0.82754365 
0.82439972 	 0.82563984 	 0.83014576 	 0.82446671 
0.82828832 	 0.82760651 	 0.83039458 	 0.82372650 
0.82616632 	 0.82689715 	 0.83149532 	 0.82636123 
0.82616632 	 0.82689715 	 0.83149532 	 0.82636123 
0.82667675 	 0.82622798 	 0.82923480 	 0.82464463 
0.82714943 	 0.82412753 	 0.82688194 	 0.82399054 
0.82831946 	 0.82482788 	 0.82715507 	 0.82263684 
0.82984290 	 0.82109929 	 0.82714212 	 0.82173504 
0.82931075 	 0.82143525 	 0.82797331 	 0.82350453 
0.82665958 	 0.82431577 	 0.82797231 	 0.82429612 
0.82382574 	 0.82399063 	 0.83220910 	 0.82537302 
0.82089306 	 0.82720840 	 0.83265619 	 0.82350903 
0.82295953 	 0.82601568 	 0.82473663 	 0.81915994 
0.82700393 	 0.82791316 	 0.82104194 	 0.81834745 
0.82631938 	 0.82771263 	 0.82041870 	 0.81899928 
0.82521289 	 0.82841094 	 0.82502891 	 0.81763596 
0.82404025 	 0.82363205 	 0.82323781 	 0.81582919 
0.82504833 	 0.82093710 	 0.82338592 	 0.81346452 
0.82065552 	 0.82122963 	 0.82190080 	 0.81513966 
0.81828057 	 0.82486621 	 0.82403536 	 0.81781363 
0.82052160 	 0.82626574 	 0.82658570 	 0.82214309 
0.82052160 	 0.82626574 	 0.82658570 	 0.82214309 
0.82149695 	 0.82396009 	 0.82323350 	 0.82164434 
0.82057299 	 0.83196820 	 0.82256946 	 0.82138799 
0.82057299 	 0.83196820 	 0.82256946 	 0.82138799 
0.81920235 	 0.83056147 	 0.82520306 	 0.82098895 
0.81598176 	 0.83191840 	 0.82407182 	 0.81864810 
0.81726107 	 0.82751587 	 0.82875654 	 0.81606959 
0.81630659 	 0.82903821 	 0.82411075 	 0.81707261 
0.81448772 	 0.83083369 	 0.82539164 	 0.81969512 
0.81557487 	 0.83326898 	 0.82397402 	 0.82475104 
0.81740510 	 0.83581803 	 0.82329583 	 0.82160780 
0.81849443 	 0.83244020 	 0.82224182 	 0.82591677 
0.81602971 	 0.83178772 	 0.82084323 	 0.82489579 
0.81351710 	 0.83485612 	 0.82245733 	 0.82147117 
0.81784286 	 0.83007847 	 0.82319050 	 0.82048149 
0.81784286 	 0.83007847 	 0.82319050 	 0.82048149 
0.81784286 	 0.83007847 	 0.82319050 	 0.82048149 
0.81578716 	 0.83055980 	 0.82209965 	 0.81948925 
0.81729321 	 0.83225698 	 0.82308876 	 0.81765182 
0.82255606 	 0.82850469 	 0.82551739 	 0.81826284 
0.82452129 	 0.82859081 	 0.82544305 	 0.82366652 
0.82460942 	 0.82717877 	 0.82668808 	 0.82308825 
0.82365593 	 0.82961562 	 0.82331530 	 0.82349993 
0.82993665 	 0.83114502 	 0.82547808 	 0.82600704 
0.83237332 	 0.83077297 	 0.82251777 	 0.82323957 
0.82940576 	 0.83169119 	 0.82235265 	 0.82353672 
0.82940576 	 0.83169119 	 0.82235265 	 0.82353672 
0.82653262 	 0.82813514 	 0.81828865 	 0.82496487 
0.82802820 	 0.82790871 	 0.81763303 	 0.82594591 
0.82880929 	 0.82855028 	 0.81754193 	 0.82778270 
0.82688149 	 0.82595798 	 0.81706164 	 0.82664419 
0.83012019 	 0.82834776 	 0.82047134 	 0.82894839 
0.82825073 	 0.82601991 	 0.82384539 	 0.83203003 
0.82755098 	 0.82561262 	 0.82576307 	 0.82767801 
0.82693827 	 0.82284175 	 0.82534733 	 0.82815827 
0.82706339 	 0.82226273 	 0.82859687 	 0.82722179 
0.83178953 	 0.82039815 	 0.82626256 	 0.83000557 
0.83117482 	 0.82459926 	 0.82696055 	 0.82555911 
0.82858931 	 0.82255079 	 0.82922857 	 0.82347126 
0.82394155 	 0.81940911 	 0.82976127 	 0.82279388 
0.82333736 	 0.81818166 	 0.82932660 	 0.82035293 
0.81856786 	 0.82027795 	 0.82727191 	 0.81979309 
0.81939939 	 0.82227544 	 0.82851090 	 0.81693200 
0.81939939 	 0.82227544 	 0.82851090 	 0.81693200 
0.81864486 	 0.81894502 	 0.82551936 	 0.81729910 
0.81984751 	 0.81791724 	 0.82864861 	 0.81846202 
0.81895412 	 0.81963117 	 0.82897680 	 0.81487621 
0.82307815 	 0.82471474 	 0.82871093 	 0.81770346 
0.82560239 	 0.82422751 	 0.82720990 	 0.82187633 
0.82623357 	 0.82317784 	 0.82856943 	 0.82318413 
0.82564386 	 0.82044754 	 0.82526576 	 0.82274427 
0.82235247 	 0.82348639 	 0.82779428 	 0.82408901 
0.82572846 	 0.82206324 	 0.83036931 	 0.82288331 
0.82277941 	 0.82291231 	 0.83040517 	 0.82242961 
0.81865463 	 0.82734437 	 0.82610365 	 0.82077030 
0.81789055 	 0.82467068 	 0.82599562 	 0.82278974 
0.81368440 	 0.82149034 	 0.82665535 	 0.82052934 
0.81961076 	 0.81814188 	 0.83059191 	 0.81977266 
0.81981935 	 0.81767036 	 0.83191103 	 0.82208986 
0.81981935 	 0.81767036 	 0.83191103 	 0.82208986 
0.81729066 	 0.82200808 	 0.83719040 	 0.81769189 
0.81784225 	 0.82386882 	 0.83569312 	 0.81993331 
0.81922830 	 0.82474249 	 0.83841320 	 0.81955226 
0.82039998 	 0.82332698 	 0.83647572 	 0.82310704 
0.81942277 	 0.81925196 	 0.83677970 	 0.82196744 
0.81942277 	 0.81925196 	 0.83677970 	 0.82196744 
0.82110387 	 0.81955466 	 0.83954903 	 0.82226433 
0.82356888 	 0.82156602 	 0.84115861 	 0.82394276 
0.82620172 	 0.82457872 	 0.84221919 	 0.82594675 
0.82787785 	 0.82768052 	 0.84195326 	 0.82687833 
0.82964008 	 0.82482759 	 0.83671628 	 0.82681805 
0.83387607 	 0.82250452 	 0.83500625 	 0.82905212 
0.82981562 	 0.82718121 	 0.83484668 	 0.83202166 
0.82626308 	 0.82716185 	 0.83615481 	 0.83350296 
0.82655456 	 0.83168434 	 0.83834031 	 0.83380544 
0.83009959 	 0.83114627 	 0.83740315 	 0.83242568 
0.82880332 	 0.83131615 	 0.83884243 	 0.83151417 
0.82820798 	 0.83409535 	 0.83785739 	 0.83345981 
0.83051513 	 0.83151614 	 0.83746202 	 0.83611130 
0.82944414 	 0.83238263 	 0.83740958 	 0.83506292 
0.82944414 	 0.83238263 	 0.83740958 	 0.83506292 
0.82882845 	 0.83323613 	 0.83766749 	 0.83345870 
0.82909630 	 0.83147761 	 0.83644491 	 0.83413046 
0.82811258 	 0.82991584 	 0.83386114 	 0.83416868 
0.83175738 	 0.83100565 	 0.83601243 	 0.83408192 
0.83005126 	 0.83145964 	 0.83214787 	 0.83248855 
0.82842422 	 0.83516155 	 0.83236666 	 0.82814306 
0.83072697 	 0.83104483 	 0.83050420 	 0.82731954 
0.82696745 	 0.83064851 	 0.83259979 	 0.83124966 
0.82452386 	 0.82939241 	 0.83508068 	 0.83162874 
0.82329375 	 0.83090043 	 0.83665396 	 0.82971609 
0.82443493 	 0.83225830 	 0.83513140 	 0.82868085 
0.82665189 	 0.83542071 	 0.83485799 	 0.82489219 
0.82828087 	 0.83724750 	 0.83040518 	 0.82553065 
0.82828087 	 0.83724750 	 0.83040518 	 0.82553065 
0.82734860 	 0.83200129 	 0.83237811 	 0.82532562 
0.82665121 	 0.83353579 	 0.83019757 	 0.82598207 
0.82347186 	 0.83019252 	 0.83069529 	 0.82808189 
0.82660610 	 0.82747667 	 0.83011376 	 0.82787629 
0.82599500 	 0.83236266 	 0.83076198 	 0.82659383 
0.82469389 	 0.83289479 	 0.83056051 	 0.82804075 
0.82531303 	 0.83123465 	 0.82930615 	 0.82977426 
0.82617863 	 0.83246084 	 0.83113182 	 0.82911997 
0.82791853 	 0.82902487 	 0.83197461 	 0.83006313 
0.82710715 	 0.83064688 	 0.83055325 	 0.82926205 
0.82571972 	 0.82393639 	 0.83019681 	 0.83216208 
0.82645197 	 0.82413316 	 0.83038403 	 0.82893773 
0.82831989 	 0.82075292 	 0.82992173 	 0.83150297 
0.82475233 	 0.82198836 	 0.83009622 	 0.83311557 
0.82679240 	 0.82184751 	 0.82933180 	 0.83350958 
0.82944296 	 0.82134247 	 0.83317453 	 0.83303072 
0.82742453 	 0.82140834 	 0.82952116 	 0.83220450 
0.82494639 	 0.82442050 	 0.82776297 	 0.83270983 
0.82260063 	 0.82150649 	 0.82899586 	 0.83344073 
0.82442361 	 0.82295920 	 0.83102169 	 0.83325317 
0.82049398 	 0.82293910 	 0.83390603 	 0.83268962 
0.81941235 	 0.82664692 	 0.83409177 	 0.83249662 
0.81941235 	 0.82664692 	 0.83409177 	 0.83249662 
0.81969256 	 0.82758941 	 0.83545719 	 0.83213054 
0.82086087 	 0.82454967 	 0.83476481 	 0.83016868 
0.81895136 	 0.83044660 	 0.83254420 	 0.82798328 
0.81700274 	 0.83009056 	 0.83183114 	 0.83003158 
0.81700274 	 0.83009056 	 0.83183114 	 0.83003158 
0.82109868 	 0.83496697 	 0.83158823 	 0.82702186 
0.82135667 	 0.83276679 	 0.83088098 	 0.82970387 
0.81999222 	 0.82690745 	 0.83232941 	 0.82991669 
0.81999222 	 0.82690745 	 0.83232941 	 0.82991669 
0.81765837 	 0.82286349 	 0.83033173 	 0.83283240 
0.82018810 	 0.82427514 	 0.82749393 	 0.83281073 
0.81900248 	 0.82733834 	 0.83030876 	 0.83246259 
0.82175897 	 0.82673285 	 0.82736403 	 0.83274320 
0.82175897 	 0.82673285 	 0.82736403 	 0.83274320 
0.82763612 	 0.82447367 	 0.83301170 	 0.83133706 
0.82672382 	 0.82705183 	 0.82975197 	 0.83283426 
0.82480102 	 0.82883916 	 0.83328456 	 0.83391898 
0.82480102 	 0.82883916 	 0.83328456 	 0.83391898 
0.82771280 	 0.83050587 	 0.82761027 	 0.83194030 
0.82937513 	 0.83020758 	 0.82178874 	 0.82760254 
0.82807348 	 0.83008679 	 0.82203266 	 0.82541638 
0.82620557 	 0.83332477 	 0.82385589 	 0.82931480 
0.82620557 	 0.83332477 	 0.82385589 	 0.82931480 
0.82900082 	 0.82865621 	 0.82220881 	 0.83555857 
0.83042880 	 0.82643157 	 0.82442440 	 0.83585120 
0.83176949 	 0.82909340 	 0.82544957 	 0.83549017 
0.82845586 	 0.82589551 	 0.82282443 	 0.83248718 
0.83013016 	 0.82634154 	 0.81941388 	 0.83108051 
0.82592301 	 0.82887530 	 0.82062307 	 0.82918866 
0.82771353 	 0.82672220 	 0.82005785 	 0.82831545 
0.82557116 	 0.82657302 	 0.82426775 	 0.82749687 
0.82463890 	 0.82323765 	 0.82591354 	 0.82604479 
0.82530174 	 0.82649724 	 0.82556947 	 0.82406629 
0.82378324 	 0.82695536 	 0.82517421 	 0.82371483 
0.82560522 	 0.82718986 	 0.82351538 	 0.82455942 
0.82388200 	 0.82804572 	 0.82649668 	 0.82195294 
0.82202794 	 0.82586974 	 0.82478564 	 0.82242470 
0.82228464 	 0.82741986 	 0.82798949 	 0.82407605 
0.82091600 	 0.82767903 	 0.82964882 	 0.82621201 
0.82085140 	 0.82171248 	 0.83147891 	 0.82578982 
0.82212044 	 0.82094865 	 0.83112005 	 0.82685123 
0.82374225 	 0.82099585 	 0.83023268 	 0.82778186 
0.82318283 	 0.82477307 	 0.83272488 	 0.82821752 
0.82496930 	 0.82402738 	 0.83469588 	 0.82388074 
0.82252904 	 0.82201652 	 0.83458389 	 0.82790820 
0.82216598 	 0.82213822 	 0.83561098 	 0.82800102 
0.82446925 	 0.82271724 	 0.83451500 	 0.82964389 
0.82536731 	 0.82611769 	 0.83327653 	 0.83177796 
0.82159145 	 0.82767894 	 0.83228822 	 0.82959369 
0.82349798 	 0.82641850 	 0.82560263 	 0.82710592 
0.82349798 	 0.82641850 	 0.82560263 	 0.82710592 
0.82671496 	 0.82224008 	 0.82865900 	 0.83117043 
0.82350515 	 0.82821888 	 0.82824561 	 0.83220703 
0.82196217 	 0.83188725 	 0.82886426 	 0.82844363 
0.82457786 	 0.82946692 	 0.82595057 	 0.83078146 
0.82577360 	 0.83156255 	 0.82673684 	 0.82784987 
0.82591729 	 0.82906910 	 0.82805048 	 0.83158087 
0.82524421 	 0.82719201 	 0.82643138 	 0.82916804 
0.82277873 	 0.82996768 	 0.82696330 	 0.83424468 
0.82277873 	 0.82996768 	 0.82696330 	 0.83424468 
0.82257505 	 0.82547371 	 0.82653695 	 0.83061027 
0.82224178 	 0.82907475 	 0.82928110 	 0.82808767 
0.82247532 	 0.83125851 	 0.83055623 	 0.82871676 
0.82479962 	 0.82953226 	 0.82904749 	 0.82552725 
0.82476519 	 0.82855277 	 0.83047234 	 0.82372694 
0.82253310 	 0.83057759 	 0.83095464 	 0.82506428 
0.82247536 	 0.83372012 	 0.82639464 	 0.82781302 
0.82073596 	 0.83352973 	 0.82672955 	 0.82559362 
0.82310032 	 0.82977600 	 0.82719869 	 0.83073455 
0.81878043 	 0.83001537 	 0.82666627 	 0.82897318 
0.81957767 	 0.82816953 	 0.82470167 	 0.82678540 
0.82431581 	 0.82929070 	 0.82289788 	 0.82408729 
0.82090466 	 0.82938331 	 0.82432602 	 0.82450080 
0.82060438 	 0.82972374 	 0.82367502 	 0.82255056 
0.82009019 	 0.82932409 	 0.82411001 	 0.82450124 
0.81956592 	 0.82825893 	 0.82475858 	 0.82319729 
0.82229074 	 0.82715033 	 0.82149451 	 0.82032290 
0.82211137 	 0.82386966 	 0.82099995 	 0.81912902 
0.82111232 	 0.82206914 	 0.82192429 	 0.81933337 
0.82105251 	 0.82485542 	 0.82173651 	 0.82265787 
0.82105251 	 0.82485542 	 0.82173651 	 0.82265787 
0.82271545 	 0.82642662 	 0.82320271 	 0.82102014 
0.82526951 	 0.82677746 	 0.83158140 	 0.82131682 
0.82301901 	 0.82374344 	 0.83008776 	 0.82138509 
0.82165113 	 0.82614558 	 0.83053373 	 0.82339134 
0.82165113 	 0.82614558 	 0.83053373 	 0.82339134 
0.81902288 	 0.82401186 	 0.82721482 	 0.82617140 
0.82152640 	 0.82512159 	 0.82672129 	 0.82589546 
0.82162381 	 0.82554833 	 0.82567073 	 0.83051216 
0.82049245 	 0.82305433 	 0.82776818 	 0.82643801 
0.82087591 	 0.82248885 	 0.82694954 	 0.82373184 
0.82067612 	 0.82535306 	 0.82816836 	 0.82463204 
0.81946890 	 0.82473460 	 0.83055023 	 0.82473230 
0.82276864 	 0.82469151 	 0.83148302 	 0.82389071 
0.82432540 	 0.82523101 	 0.82955240 	 0.82459101 
0.82426089 	 0.82417729 	 0.82782879 	 0.82086987 
0.82426089 	 0.82417729 	 0.82782879 	 0.82086987 
0.82347994 	 0.82495176 	 0.82933204 	 0.81890090 
0.82468408 	 0.82356115 	 0.83263984 	 0.82045994 
0.82792151 	 0.82780412 	 0.82751511 	 0.82330979 
0.82064176 	 0.82523501 	 0.82726069 	 0.82336904 
0.82064176 	 0.82523501 	 0.82726069 	 0.82336904 
0.82401703 	 0.82495504 	 0.82805959 	 0.82336101 
0.82307571 	 0.82173298 	 0.82726891 	 0.82204775 
0.82401801 	 0.82294877 	 0.82355617 	 0.82175429 
0.82810730 	 0.82587342 	 0.82192570 	 0.82195715 
0.83025063 	 0.82416339 	 0.82051391 	 0.82351660 
0.82607816 	 0.82432333 	 0.82173283 	 0.82014905 
0.82378783 	 0.82682261 	 0.82261374 	 0.81679206 
0.82625569 	 0.82698841 	 0.82427016 	 0.82293389 
0.82996826 	 0.82569506 	 0.82415450 	 0.82747830 
0.82998630 	 0.82298459 	 0.82775481 	 0.83165960 
0.82930600 	 0.82298378 	 0.82519257 	 0.82589469 
0.83064112 	 0.82355642 	 0.82737561 	 0.83007674 
0.82815482 	 0.82314567 	 0.82908922 	 0.83015655 
0.82992754 	 0.82370849 	 0.82690530 	 0.82873340 
0.82578987 	 0.82250162 	 0.82766551 	 0.82154208 
0.82489250 	 0.82332769 	 0.82953601 	 0.82360267 
0.82721665 	 0.82405289 	 0.83024994 	 0.82462492 
0.82409690 	 0.82434428 	 0.82649532 	 0.82512084 
0.82446075 	 0.82515822 	 0.82664136 	 0.82860051 
0.82763404 	 0.82716407 	 0.82886922 	 0.83154035 
0.82593941 	 0.82538307 	 0.83006778 	 0.83226997 
0.82302435 	 0.82710530 	 0.82871006 	 0.83317785 
0.82247216 	 0.83052910 	 0.82397930 	 0.83272155 
0.82171021 	 0.82629991 	 0.82413512 	 0.83294108 
0.82151673 	 0.82737324 	 0.82306230 	 0.82946990 
0.82177717 	 0.82796834 	 0.82294102 	 0.82888199 
0.82177717 	 0.82796834 	 0.82294102 	 0.82888199 
0.81976543 	 0.82595897 	 0.82288672 	 0.82521606 
0.81976543 	 0.82595897 	 0.82288672 	 0.82521606 
0.81835820 	 0.82917301 	 0.82337841 	 0.82511752 
0.81527243 	 0.83372604 	 0.82174707 	 0.82289158 
0.81527243 	 0.83372604 	 0.82174707 	 0.82289158 
0.82030888 	 0.83270464 	 0.82204202 	 0.82365369 
0.81876317 	 0.83047168 	 0.82197802 	 0.82464678 
0.81884458 	 0.83145085 	 0.82312187 	 0.82703832 
0.81863583 	 0.83213530 	 0.82416861 	 0.82223342 
0.82012873 	 0.83078108 	 0.82730824 	 0.82465215 
0.82287985 	 0.82736815 	 0.83041114 	 0.82707268 
0.82218979 	 0.82342845 	 0.82878353 	 0.82882990 
0.82122766 	 0.82617460 	 0.83015226 	 0.83078573 
0.81884955 	 0.82759552 	 0.83280210 	 0.83475377 
0.81784760 	 0.82754138 	 0.83174022 	 0.83076850 
0.81632582 	 0.82830037 	 0.83390230 	 0.83103793 
0.81815297 	 0.83099094 	 0.83314233 	 0.83363932 
0.82305962 	 0.82564083 	 0.83213596 	 0.82749230 
0.82076818 	 0.82174996 	 0.82858059 	 0.82709834 
0.82144149 	 0.82076904 	 0.83097755 	 0.82544342 
0.82294760 	 0.81997130 	 0.83138957 	 0.82693611 
0.82296625 	 0.81999082 	 0.83323205 	 0.82500460 
0.82296625 	 0.81999082 	 0.83323205 	 0.82500460 
0.82253323 	 0.82021357 	 0.83250071 	 0.82648064 
0.82253323 	 0.82021357 	 0.83250071 	 0.82648064 
0.82377875 	 0.82509248 	 0.82919281 	 0.82550546 
0.82556837 	 0.82091827 	 0.82762276 	 0.82571786 
0.82160685 	 0.82357956 	 0.82773397 	 0.82659004 
0.82423050 	 0.82464761 	 0.82462353 	 0.82559227 
0.82591514 	 0.82693072 	 0.82587946 	 0.82492232 
0.82652204 	 0.82760840 	 0.82288200 	 0.81951756 
0.83040288 	 0.82958129 	 0.82173488 	 0.81951541 
0.82887950 	 0.82818914 	 0.81993456 	 0.82216651 
0.82781956 	 0.82330969 	 0.82110755 	 0.82298360 
0.82781956 	 0.82330969 	 0.82110755 	 0.82298360 
0.82895954 	 0.82544338 	 0.82022242 	 0.82333038 
0.82895954 	 0.82544338 	 0.82022242 	 0.82333038 
0.82665339 	 0.82273001 	 0.82212650 	 0.82228586 
0.82515965 	 0.82388674 	 0.82439574 	 0.82576968 
0.82778823 	 0.82573057 	 0.82150249 	 0.82561078 
0.82494470 	 0.82808883 	 0.81889279 	 0.82206586 
0.82668466 	 0.82360098 	 0.81898547 	 0.82051957 
0.82799253 	 0.82236371 	 0.81756624 	 0.81839894 
0.82814129 	 0.82307416 	 0.81522061 	 0.82177571 
0.82867951 	 0.82485493 	 0.82081645 	 0.82184095 
0.82688074 	 0.82508543 	 0.82299905 	 0.82328410 
0.82916153 	 0.82678575 	 0.82326522 	 0.82115915 
0.82885415 	 0.82777805 	 0.82482266 	 0.82317180 
0.82418825 	 0.82847576 	 0.82376739 	 0.82210248 
0.82500594 	 0.82767964 	 0.82071288 	 0.82037744 
0.82507304 	 0.82841981 	 0.81566002 	 0.82234918 
0.82400118 	 0.82717840 	 0.81469276 	 0.82361861 
0.82400118 	 0.82717840 	 0.81469276 	 0.82361861 
0.82183832 	 0.82562711 	 0.81490343 	 0.82409508 
0.82631522 	 0.83031894 	 0.81749143 	 0.82528075 
0.82886332 	 0.82942261 	 0.82002665 	 0.82357200 
0.82931648 	 0.82994947 	 0.81798288 	 0.82510175 
0.83268447 	 0.82618048 	 0.81920406 	 0.82471908 
0.83249812 	 0.82503706 	 0.81981249 	 0.82496555 
0.83470325 	 0.82842910 	 0.82024866 	 0.82270614 
0.83476998 	 0.82985149 	 0.82153754 	 0.81886944 
0.83572911 	 0.83028602 	 0.81943087 	 0.81754967 
0.83304469 	 0.83456557 	 0.82126018 	 0.81708540 
0.83136980 	 0.82819663 	 0.82049404 	 0.82135674 
0.82889719 	 0.82636161 	 0.82209665 	 0.82129387 
0.82717917 	 0.82681675 	 0.82008758 	 0.82093921 
0.82778349 	 0.82580658 	 0.82041824 	 0.82186770 
0.82319368 	 0.83197770 	 0.81807431 	 0.82126826 
0.82319368 	 0.83197770 	 0.81807431 	 0.82126826 
0.82082715 	 0.82866617 	 0.82314770 	 0.82360365 
0.82312498 	 0.82899073 	 0.82566662 	 0.82425517 
0.82350953 	 0.82266521 	 0.82685176 	 0.82501143 
0.82354967 	 0.81894344 	 0.82300525 	 0.82412635 
0.82303657 	 0.82246475 	 0.82029320 	 0.82474025 
0.82091861 	 0.82278331 	 0.82105086 	 0.82621881 
0.82089408 	 0.82037613 	 0.81996614 	 0.82953052 
0.82231016 	 0.82167425 	 0.82132909 	 0.83053310 
0.82231016 	 0.82167425 	 0.82132909 	 0.83053310 
0.82643931 	 0.82201158 	 0.82513792 	 0.83222725 
0.82643931 	 0.82201158 	 0.82513792 	 0.83222725 
0.82673770 	 0.82579436 	 0.82634459 	 0.83556667 
0.82418830 	 0.82463627 	 0.82992498 	 0.83740098 
0.82293210 	 0.82630582 	 0.83253630 	 0.83607061 
0.82182211 	 0.82155645 	 0.83119608 	 0.83503299 
0.82116215 	 0.82098492 	 0.83255471 	 0.83198581 
0.82116215 	 0.82098492 	 0.83255471 	 0.83198581 
0.82008790 	 0.82241511 	 0.83559890 	 0.83118941 
0.82089945 	 0.82355708 	 0.83488828 	 0.83115276 
0.81906802 	 0.82317633 	 0.83882479 	 0.83323463 
0.81929043 	 0.81934534 	 0.83486927 	 0.83163110 
0.82113431 	 0.82034975 	 0.83609111 	 0.82948248 
0.82266740 	 0.81611130 	 0.83747817 	 0.83131365 
0.82266740 	 0.81611130 	 0.83747817 	 0.83131365 
0.82497473 	 0.81591533 	 0.83812497 	 0.83428029 
0.82506397 	 0.82098847 	 0.83361600 	 0.83345534 
0.82506397 	 0.82098847 	 0.83361600 	 0.83345534 
0.82196458 	 0.82034176 	 0.83350586 	 0.83126385 
0.82364561 	 0.82271167 	 0.83108948 	 0.83257252 
0.82435983 	 0.82334855 	 0.82998069 	 0.83277258 
0.82377963 	 0.82096196 	 0.82546202 	 0.82895099 
0.82290802 	 0.82273141 	 0.82383517 	 0.82773839 
0.82180100 	 0.81950771 	 0.82705241 	 0.82871584 
0.81866364 	 0.81737590 	 0.82779490 	 0.83132572 
0.82054839 	 0.81877513 	 0.82424677 	 0.83314992 
0.82054839 	 0.81877513 	 0.82424677 	 0.83314992 
0.81794244 	 0.81872659 	 0.82682721 	 0.83378879 
0.81775516 	 0.81753152 	 0.82659832 	 0.83067323 
0.81808061 	 0.81942639 	 0.82437476 	 0.82791831 
0.81691395 	 0.82053528 	 0.82051258 	 0.82866653 
0.81689516 	 0.81742099 	 0.81999971 	 0.82741067 
0.82024980 	 0.81992091 	 0.82506632 	 0.82746922 
0.81938077 	 0.82175480 	 0.82736543 	 0.82659212 
0.82069301 	 0.81918017 	 0.83082632 	 0.82484618 
0.82069301 	 0.81918017 	 0.83082632 	 0.82484618 
0.82263502 	 0.82343690 	 0.82984307 	 0.82391885 
0.82186138 	 0.82120317 	 0.83261509 	 0.82630607 
0.82013180 	 0.82096729 	 0.82806252 	 0.83044175 
0.82181341 	 0.82557810 	 0.82705474 	 0.82871880 
0.82136502 	 0.82330563 	 0.82598296 	 0.82609958 
0.82238342 	 0.82688774 	 0.82620342 	 0.82661901 
0.82078072 	 0.82608201 	 0.82590140 	 0.82590143 
0.82442625 	 0.82294668 	 0.82428769 	 0.82740935 
0.82586365 	 0.82411058 	 0.82432822 	 0.82949017 
0.82293270 	 0.82156264 	 0.82178396 	 0.83293478 
0.82297786 	 0.82266560 	 0.82658795 	 0.83332615 
0.82605542 	 0.82256726 	 0.82923309 	 0.83221293 
0.82472502 	 0.82087241 	 0.83256247 	 0.83401802 
0.82588582 	 0.81742682 	 0.83108599 	 0.83134547 
0.82841314 	 0.81959208 	 0.83281739 	 0.83188983 
0.82527702 	 0.82016068 	 0.83221398 	 0.82910679 
0.82197863 	 0.82297047 	 0.83261984 	 0.83075338 
0.82255535 	 0.82187009 	 0.83105259 	 0.82911398 
0.82516580 	 0.82358476 	 0.82712248 	 0.82563026 
0.82783070 	 0.82708531 	 0.82277205 	 0.82535927 
0.82497490 	 0.82661604 	 0.82444921 	 0.82645472 
0.82779644 	 0.82767565 	 0.81994854 	 0.82691959 
0.82456487 	 0.82885460 	 0.81563861 	 0.82307867 
0.82404255 	 0.83042430 	 0.81624591 	 0.82306752 
0.82493255 	 0.83013859 	 0.81767912 	 0.82565448 
0.82189176 	 0.82543872 	 0.82178514 	 0.83099428 
0.82436571 	 0.82345799 	 0.82344096 	 0.82756156 
0.82129001 	 0.82485374 	 0.82323855 	 0.82778318 
0.82129001 	 0.82485374 	 0.82323855 	 0.82778318 
0.82056224 	 0.82996931 	 0.82683550 	 0.82701322 
0.82045942 	 0.82743161 	 0.82490695 	 0.82701759 
0.82033336 	 0.82622013 	 0.82572595 	 0.82510114 
0.82069940 	 0.82618824 	 0.82835152 	 0.82487184 
0.82019563 	 0.82471947 	 0.82804285 	 0.82250389 
0.81683068 	 0.82486337 	 0.82669773 	 0.81937977 
0.81489521 	 0.82461544 	 0.82504601 	 0.82179643 
0.81644702 	 0.82698997 	 0.82416665 	 0.82201244 
0.81964356 	 0.82806744 	 0.82484958 	 0.82397238 
0.81660166 	 0.82603760 	 0.82501298 	 0.82238219 
0.81667132 	 0.82198478 	 0.82443997 	 0.82330695 
0.81799222 	 0.82422216 	 0.82720718 	 0.82379251 
0.81799222 	 0.82422216 	 0.82720718 	 0.82379251 
0.81838258 	 0.82044404 	 0.82569010 	 0.82305588 
0.81838258 	 0.82044404 	 0.82569010 	 0.82305588 
0.81402666 	 0.82002406 	 0.82328621 	 0.82248948 
0.81585134 	 0.82178762 	 0.82174900 	 0.82324304 
0.81923561 	 0.82010669 	 0.81931652 	 0.82222190 
0.81547510 	 0.82203089 	 0.81937132 	 0.82284327 
0.81558258 	 0.82131189 	 0.81822127 	 0.82471831 
0.81735647 	 0.82324776 	 0.82383107 	 0.82658846 
0.81734690 	 0.82109615 	 0.82835647 	 0.82569677 
0.81734690 	 0.82109615 	 0.82835647 	 0.82569677 
0.81696886 	 0.82117278 	 0.83293619 	 0.82603282 
0.82031930 	 0.82007585 	 0.83279498 	 0.82349454 
0.82053969 	 0.81936046 	 0.83390536 	 0.82502114 
0.82053969 	 0.81936046 	 0.83390536 	 0.82502114 
0.82053969 	 0.81936046 	 0.83390536 	 0.82502114 
0.81881044 	 0.81931720 	 0.83325091 	 0.82293648 
0.81881044 	 0.81931720 	 0.83325091 	 0.82293648 
0.82404233 	 0.81899294 	 0.82938895 	 0.82340587 
0.82468966 	 0.81724495 	 0.82778948 	 0.82711664 
0.82456636 	 0.81738382 	 0.82828230 	 0.82551399 
0.82457703 	 0.81858581 	 0.82512302 	 0.82114820 
0.82227780 	 0.81821359 	 0.82630204 	 0.82120744 
0.82118751 	 0.81626519 	 0.82419005 	 0.81942512 
0.82458303 	 0.81831074 	 0.82161675 	 0.81681196 
0.82506771 	 0.81596425 	 0.82226328 	 0.81802825 
0.82310548 	 0.81874034 	 0.82071816 	 0.81610592 
0.82310548 	 0.81874034 	 0.82071816 	 0.81610592 
0.82197405 	 0.81635010 	 0.81769748 	 0.81714370 
0.82402637 	 0.81894571 	 0.81777290 	 0.82341478 
0.82187395 	 0.82268586 	 0.81874537 	 0.82140797 
0.82187395 	 0.82268586 	 0.81874537 	 0.82140797 
0.81795437 	 0.82231823 	 0.81848382 	 0.82306611 
0.81978615 	 0.82411634 	 0.81782203 	 0.82821030 
0.82220791 	 0.82419763 	 0.81966299 	 0.82650751 
0.81990026 	 0.82179738 	 0.82106593 	 0.82541231 
0.81961585 	 0.82267868 	 0.81965151 	 0.82391682 
0.81804516 	 0.81905420 	 0.82205483 	 0.81790055 
0.81795049 	 0.81844187 	 0.82416916 	 0.81831309 
0.81776190 	 0.82349152 	 0.82185915 	 0.81818067 
0.81593665 	 0.82165400 	 0.82291175 	 0.81837841 
0.82000802 	 0.82416517 	 0.82343413 	 0.81832246 
0.82276870 	 0.82721487 	 0.82210551 	 0.82154974 
0.82149497 	 0.82600553 	 0.82292238 	 0.82075687 
0.82026369 	 0.82347440 	 0.82259446 	 0.82221793 
0.81936438 	 0.82135545 	 0.82083783 	 0.82046804 
0.82298160 	 0.82261244 	 0.82115333 	 0.81495907 
0.81997037 	 0.82253293 	 0.81819243 	 0.81481474 
0.82188230 	 0.82328713 	 0.82051225 	 0.82089995 
0.82188230 	 0.82328713 	 0.82051225 	 0.82089995 
0.82352389 	 0.81984090 	 0.81943286 	 0.81900444 
0.82309923 	 0.82129315 	 0.81645678 	 0.82290986 
0.82026515 	 0.82095393 	 0.82465977 	 0.82316612 
0.81878129 	 0.82196703 	 0.82387915 	 0.82130107 
0.81496735 	 0.82990250 	 0.81856923 	 0.82373178 
0.81470114 	 0.83032426 	 0.82330107 	 0.82330387 
0.81492841 	 0.82621118 	 0.82370142 	 0.82186418 
0.81453384 	 0.82602237 	 0.82394809 	 0.82178289 
0.81910265 	 0.82605450 	 0.82639464 	 0.82090138 
0.81932374 	 0.83170603 	 0.82542554 	 0.82076322 
0.82079068 	 0.82840783 	 0.82936375 	 0.82143357 
0.81899428 	 0.82925222 	 0.82895872 	 0.82283851 
0.82003973 	 0.82881598 	 0.82769506 	 0.82181348 
0.82109182 	 0.82872707 	 0.82962586 	 0.82456999 
0.82397992 	 0.82871295 	 0.82944377 	 0.82497969 
0.82598427 	 0.82285764 	 0.83005380 	 0.82341805 
0.82530319 	 0.82309236 	 0.82974704 	 0.82690951 
0.82733483 	 0.82367071 	 0.83132632 	 0.83197578 
0.82903712 	 0.82407239 	 0.83035414 	 0.83206093 
0.82629476 	 0.81752397 	 0.82994652 	 0.83191811 
0.82346536 	 0.82087329 	 0.82659029 	 0.82743620 
0.82433391 	 0.82029529 	 0.82427262 	 0.82859067 
0.82828723 	 0.81932902 	 0.82303246 	 0.82455367 
0.82828723 	 0.81932902 	 0.82303246 	 0.82455367 
0.82446548 	 0.81843500 	 0.82535426 	 0.82496279 
0.82699590 	 0.81942975 	 0.82546461 	 0.82572835 
0.82831690 	 0.81935871 	 0.82259072 	 0.82510098 
0.83043375 	 0.81838107 	 0.82084048 	 0.82679197 
0.82714317 	 0.82110572 	 0.81959363 	 0.82226273 
0.82714317 	 0.82110572 	 0.81959363 	 0.82226273 
0.82535086 	 0.82367866 	 0.82132645 	 0.82209740 
0.82610389 	 0.82161662 	 0.81979952 	 0.81946848 
0.82963814 	 0.82285013 	 0.81818879 	 0.82133188 
0.82792968 	 0.82025752 	 0.81650083 	 0.82351272 
0.83483416 	 0.82151008 	 0.81648012 	 0.81865677 
0.83394834 	 0.82026926 	 0.81694547 	 0.81726313 
0.83513914 	 0.81843656 	 0.81733648 	 0.82061520 
0.83206894 	 0.81816357 	 0.81503508 	 0.81919649 
0.82693499 	 0.81712397 	 0.81706180 	 0.81838196 
0.82599304 	 0.81996868 	 0.81939571 	 0.81731163 
0.82296231 	 0.82481450 	 0.81563544 	 0.81970511 
0.82378869 	 0.82722023 	 0.81440474 	 0.81967710 
0.82467629 	 0.82658232 	 0.81502918 	 0.82347228 
0.82392199 	 0.82333536 	 0.81800438 	 0.82243667 
0.82102248 	 0.82680973 	 0.81802988 	 0.82061083 
0.82102248 	 0.82680973 	 0.81802988 	 0.82061083 
0.82258026 	 0.82550441 	 0.81387572 	 0.82088118 
0.82263373 	 0.82402118 	 0.81545168 	 0.82231650 
0.82309467 	 0.82301599 	 0.81762952 	 0.82424547 
0.82147876 	 0.81952566 	 0.81921083 	 0.82334650 
0.82635377 	 0.82405813 	 0.81906376 	 0.82562565 
0.83283705 	 0.82307254 	 0.81818482 	 0.82570108 
0.83166043 	 0.82235037 	 0.81946732 	 0.82229866 
0.82644029 	 0.81853082 	 0.82208925 	 0.82346005 
0.82863449 	 0.81839763 	 0.82230442 	 0.82266874 
0.83089948 	 0.82169681 	 0.82628654 	 0.82133278 
0.83089948 	 0.82169681 	 0.82628654 	 0.82133278 
0.82987301 	 0.81961347 	 0.82854008 	 0.81965891 
0.82763915 	 0.81700859 	 0.83047118 	 0.81550352 
0.82987156 	 0.81758991 	 0.82637074 	 0.81720399 
0.83456349 	 0.81546341 	 0.82274978 	 0.80926013 
0.83221371 	 0.81985931 	 0.82004868 	 0.80990714 
0.83265685 	 0.82179046 	 0.82151995 	 0.81247712 
0.83265685 	 0.82179046 	 0.82151995 	 0.81247712 
0.82651143 	 0.82386618 	 0.82351413 	 0.81339902 
0.82651143 	 0.82386618 	 0.82351413 	 0.81339902 
0.82703258 	 0.82274641 	 0.82024855 	 0.81378024 
0.82426469 	 0.82273291 	 0.82500566 	 0.81510107 
0.82082411 	 0.82245743 	 0.82491893 	 0.81782717 
0.82758221 	 0.82486304 	 0.82444928 	 0.81806724 
0.82690587 	 0.82333159 	 0.82626430 	 0.81881291 
0.82554146 	 0.82304380 	 0.82605502 	 0.82062204 
0.82234723 	 0.81964903 	 0.82470385 	 0.82073764 
0.82618782 	 0.82014601 	 0.82341789 	 0.82173197 
0.82524030 	 0.82504936 	 0.82385345 	 0.81895848 
0.82356861 	 0.82534519 	 0.82065501 	 0.82060133 
0.82292079 	 0.82671184 	 0.82287378 	 0.81824930 
0.82284530 	 0.81973543 	 0.82151811 	 0.81899825 
0.82313903 	 0.82123785 	 0.82283465 	 0.81437937 
0.82072019 	 0.82242547 	 0.81893709 	 0.81691789 
0.82072019 	 0.82242547 	 0.81893709 	 0.81691789 
0.82072019 	 0.82242547 	 0.81893709 	 0.81691789 
0.82080836 	 0.82453802 	 0.82070301 	 0.81810318 
0.82397141 	 0.82581846 	 0.82045983 	 0.81567164 
0.82487325 	 0.82721696 	 0.82353236 	 0.81309389 
0.82540155 	 0.82671945 	 0.82327286 	 0.81983517 
0.81989606 	 0.82588247 	 0.82772300 	 0.82300500 
0.81860831 	 0.82396873 	 0.82718531 	 0.82323852 
0.82296607 	 0.82272969 	 0.83066036 	 0.82292390 
0.82660252 	 0.82294206 	 0.82691393 	 0.82325416 
0.82583991 	 0.82381216 	 0.82848654 	 0.82290807 
0.82808947 	 0.82515517 	 0.82704613 	 0.82222590 
0.82986776 	 0.82541917 	 0.82649545 	 0.82547540 
0.82833631 	 0.82581194 	 0.82538019 	 0.82192868 
0.82848644 	 0.82575171 	 0.82685719 	 0.82259780 
0.82452951 	 0.82908565 	 0.82545396 	 0.82243492 
0.82221320 	 0.82980692 	 0.82326299 	 0.82036359 
0.82026494 	 0.82918356 	 0.82466864 	 0.82198893 
0.82073270 	 0.82941414 	 0.82412580 	 0.82289783 
0.81707231 	 0.82794932 	 0.82413044 	 0.82180458 
0.82020943 	 0.82820162 	 0.83053727 	 0.82167989 
0.81792933 	 0.82939026 	 0.82728473 	 0.82559802 
0.82140911 	 0.83292862 	 0.82684164 	 0.82710973 
0.82155157 	 0.83144696 	 0.82647795 	 0.82829469 
0.82537021 	 0.82696600 	 0.82683814 	 0.82847414 
0.82556617 	 0.83049193 	 0.82497286 	 0.82418547 
0.82647212 	 0.82974775 	 0.82584344 	 0.82319521 
0.83050818 	 0.83112344 	 0.82577399 	 0.82283316 
0.82944173 	 0.82815032 	 0.82714363 	 0.81919636 
0.83053617 	 0.82947408 	 0.82785953 	 0.81978570 
0.83087137 	 0.83101168 	 0.82840424 	 0.81933825 
0.82849086 	 0.82585289 	 0.83000921 	 0.82089204 
0.82604468 	 0.82303756 	 0.83158731 	 0.82282029 
0.82689063 	 0.82491021 	 0.83001645 	 0.82738037 
0.82466008 	 0.82477996 	 0.82664709 	 0.82737038 
0.82649256 	 0.82362330 	 0.82922068 	 0.82518446 
0.82649256 	 0.82362330 	 0.82922068 	 0.82518446 
0.82304607 	 0.82296570 	 0.83187178 	 0.82359635 
0.82596292 	 0.82685886 	 0.82649361 	 0.82353694 
0.82738292 	 0.82497051 	 0.82800694 	 0.82806886 
0.82391234 	 0.82323790 	 0.82583037 	 0.82943544 
0.82335873 	 0.82418165 	 0.82637094 	 0.82691192 
0.82288515 	 0.82317824 	 0.82671441 	 0.82349905 
0.82288515 	 0.82317824 	 0.82671441 	 0.82349905 
0.82288515 	 0.82317824 	 0.82671441 	 0.82349905 
0.82288515 	 0.82317824 	 0.82671441 	 0.82349905 
0.82093559 	 0.82084720 	 0.82616340 	 0.82606656 
0.82598903 	 0.82193065 	 0.82198063 	 0.82652189 
0.82789850 	 0.82496202 	 0.82308987 	 0.82392222 
0.82911596 	 0.82429219 	 0.82177007 	 0.82556313 
0.82902412 	 0.82449889 	 0.82062713 	 0.82691849 
0.82666668 	 0.82638097 	 0.82327132 	 0.82924279 
0.82357757 	 0.82413776 	 0.82793196 	 0.82790427 
0.82242986 	 0.82335693 	 0.82762612 	 0.82653849 
0.82288692 	 0.82180279 	 0.82263114 	 0.82680010 
0.82150278 	 0.82647588 	 0.82032641 	 0.82593634 
0.82248806 	 0.82332657 	 0.82009718 	 0.82651225 
0.82040075 	 0.82697950 	 0.82130175 	 0.82727752 
0.82192056 	 0.82819640 	 0.82600120 	 0.82599635 
0.82247280 	 0.82501062 	 0.82830350 	 0.82547595 
0.82356658 	 0.82550665 	 0.82878087 	 0.82439465 
0.82891327 	 0.83078149 	 0.83232089 	 0.82414597 
0.82795900 	 0.83143422 	 0.82958600 	 0.82608942 
0.83006998 	 0.83023902 	 0.82904664 	 0.82410332 
0.83006998 	 0.83023902 	 0.82904664 	 0.82410332 
0.83014649 	 0.83038794 	 0.83076907 	 0.82462170 
0.83014649 	 0.83038794 	 0.83076907 	 0.82462170 
0.83014649 	 0.83038794 	 0.83076907 	 0.82462170 
0.82853274 	 0.83022541 	 0.83130261 	 0.82416997 
0.82928662 	 0.82989961 	 0.82869472 	 0.82337014 
0.82945791 	 0.82618469 	 0.82744191 	 0.82477076 
0.83260400 	 0.82706206 	 0.82623098 	 0.82697755 
0.82957408 	 0.83115151 	 0.82593516 	 0.82851632 
0.82950417 	 0.83159389 	 0.82708616 	 0.83202319 
0.82950417 	 0.83159389 	 0.82708616 	 0.83202319 
0.83332674 	 0.83130556 	 0.82588571 	 0.83230591 
0.82764292 	 0.83341820 	 0.82502580 	 0.82841380 
0.82764292 	 0.83341820 	 0.82502580 	 0.82841380 
0.82679154 	 0.83343042 	 0.82622036 	 0.82964442 
0.82734240 	 0.83382355 	 0.82524961 	 0.82663944 
0.82709053 	 0.83710428 	 0.82335380 	 0.82437998 
0.82861558 	 0.83778313 	 0.82406944 	 0.82662613 
0.82787352 	 0.83515287 	 0.82235939 	 0.82790233 
0.82787352 	 0.83515287 	 0.82235939 	 0.82790233 
0.82864185 	 0.83354240 	 0.82342087 	 0.82388627 
0.82467553 	 0.83729129 	 0.82015440 	 0.82705941 
0.82188695 	 0.83701566 	 0.82263127 	 0.82805424 
0.81883185 	 0.83805715 	 0.82363516 	 0.82841996 
0.81827996 	 0.83618280 	 0.82634782 	 0.82468696 
0.82068952 	 0.83168046 	 0.82769712 	 0.82026701 
0.82068952 	 0.83168046 	 0.82769712 	 0.82026701 
0.81829097 	 0.83080532 	 0.82986477 	 0.81793791 
0.81492082 	 0.83062319 	 0.83013577 	 0.82232285 
0.81733850 	 0.82866633 	 0.83321220 	 0.82650702 
0.81814789 	 0.82766723 	 0.83091653 	 0.82781446 
0.82019012 	 0.82474600 	 0.82709282 	 0.82158519 
0.81814270 	 0.82289534 	 0.82771064 	 0.82130699 
0.82046696 	 0.82241897 	 0.82628789 	 0.81629297 
0.82046696 	 0.82241897 	 0.82628789 	 0.81629297 
0.82046696 	 0.82241897 	 0.82628789 	 0.81629297 
0.82075743 	 0.81848115 	 0.82491124 	 0.81987077 
0.82048457 	 0.82145312 	 0.82214335 	 0.82126997 
0.82337776 	 0.82034282 	 0.82209270 	 0.82332591 
0.82010903 	 0.82030725 	 0.82315254 	 0.82263527 
0.82164825 	 0.82055351 	 0.82470520 	 0.82208806 
0.81987880 	 0.81374432 	 0.82486296 	 0.82021312 
0.81987880 	 0.81374432 	 0.82486296 	 0.82021312 
0.81756399 	 0.81296380 	 0.82323391 	 0.82097145 
0.81803655 	 0.81523311 	 0.82352889 	 0.82232376 
0.82051330 	 0.81532124 	 0.82452878 	 0.82438966 
0.82273751 	 0.81399655 	 0.82381389 	 0.82934101 
0.82360500 	 0.81656594 	 0.82342559 	 0.82583190 
0.82580121 	 0.81788538 	 0.81965014 	 0.82517588 
0.82231873 	 0.81657785 	 0.82207525 	 0.82434843 
0.82081644 	 0.81863756 	 0.82518880 	 0.82197906 
0.82081644 	 0.81863756 	 0.82518880 	 0.82197906 
0.82114162 	 0.82029997 	 0.82324449 	 0.82251678 
0.82365796 	 0.82515460 	 0.82339331 	 0.82419098 
0.82365796 	 0.82515460 	 0.82339331 	 0.82419098 
0.82365796 	 0.82515460 	 0.82339331 	 0.82419098 
0.82365796 	 0.82515460 	 0.82339331 	 0.82419098 
0.82121538 	 0.82109415 	 0.82507171 	 0.82429493 
0.82121538 	 0.82109415 	 0.82507171 	 0.82429493 
0.82127955 	 0.82615798 	 0.82554368 	 0.82441103 
0.82127955 	 0.82615798 	 0.82554368 	 0.82441103 
0.82171502 	 0.82697780 	 0.82721126 	 0.82850548 
0.82231068 	 0.83040931 	 0.83155813 	 0.82795442 
0.82347433 	 0.82973010 	 0.82747231 	 0.82383401 
0.82430817 	 0.82817724 	 0.82763762 	 0.82539002 
0.82538776 	 0.82689278 	 0.82545392 	 0.82621343 
0.82639623 	 0.82515474 	 0.82250106 	 0.82744513 
0.82639623 	 0.82515474 	 0.82250106 	 0.82744513 
0.82628257 	 0.82203520 	 0.82489057 	 0.82786072 
0.82217538 	 0.82383412 	 0.82087278 	 0.82738521 
0.82386975 	 0.82491293 	 0.82159833 	 0.82523872 
0.81850557 	 0.82255739 	 0.82170667 	 0.82210607 
0.81620833 	 0.82387965 	 0.82157903 	 0.82104264 
0.82130816 	 0.82643676 	 0.82163545 	 0.82455248 
0.82130816 	 0.82643676 	 0.82163545 	 0.82455248 
0.82157121 	 0.82078711 	 0.82098080 	 0.82680974 
0.82335701 	 0.81988793 	 0.82210181 	 0.82876606 
0.82179170 	 0.82156792 	 0.81843844 	 0.82653661 
0.82217542 	 0.82244778 	 0.81359432 	 0.82692186 
0.82638178 	 0.82379686 	 0.81478803 	 0.82938523 
0.82644348 	 0.82492388 	 0.81833686 	 0.83099793 
0.82521471 	 0.82099812 	 0.81928252 	 0.82495492 
0.82100259 	 0.82261575 	 0.82038095 	 0.82281819 
0.82237818 	 0.82664581 	 0.82402443 	 0.82315395 
0.82042673 	 0.82733826 	 0.82103809 	 0.82655178 
0.82207903 	 0.82789308 	 0.81888793 	 0.82723093 
0.82291590 	 0.83174537 	 0.82247791 	 0.82411820 
0.82547522 	 0.82844854 	 0.82174730 	 0.82418738 
0.82616955 	 0.82781608 	 0.82287327 	 0.82711308 
0.83040697 	 0.82690905 	 0.82306283 	 0.82817958 
0.82516976 	 0.82399843 	 0.82295451 	 0.82816156 
0.82735520 	 0.82452648 	 0.82305951 	 0.82601132 
0.82869051 	 0.82417419 	 0.82106766 	 0.82554577 
0.82613182 	 0.82424446 	 0.81847741 	 0.82457372 
0.82258748 	 0.82343753 	 0.82303755 	 0.82474403 
0.82165147 	 0.82399160 	 0.82423440 	 0.82428830 
0.81972326 	 0.82492468 	 0.82753176 	 0.82518483 
0.82225523 	 0.82562824 	 0.82643601 	 0.82848590 
0.82583022 	 0.82595065 	 0.82183304 	 0.82491120 
0.82363446 	 0.82209839 	 0.81862286 	 0.82459460 
0.82197073 	 0.82504816 	 0.81825167 	 0.82599001 
0.82369334 	 0.82425680 	 0.81949226 	 0.82869756 
0.82633419 	 0.82602303 	 0.81907682 	 0.82766862 
0.82535873 	 0.82140248 	 0.81815198 	 0.82544789 
0.82412131 	 0.81866676 	 0.81914670 	 0.82316772 
0.82341280 	 0.81805357 	 0.81772586 	 0.82700781 
0.82571839 	 0.82097802 	 0.82126094 	 0.82746763 
0.82974938 	 0.82126996 	 0.81701449 	 0.82448368 
0.82780405 	 0.82254666 	 0.81342611 	 0.82465543 
0.82850437 	 0.82306983 	 0.81765458 	 0.82398476 
0.82739331 	 0.82101561 	 0.81506785 	 0.82045903 
0.83028355 	 0.82356932 	 0.81532826 	 0.82012084 
0.83176978 	 0.82326789 	 0.81852513 	 0.81908498 
0.83185172 	 0.82298984 	 0.81379487 	 0.81820747 
0.83423322 	 0.82597931 	 0.81267345 	 0.82031471 
0.83153386 	 0.82523701 	 0.81461249 	 0.81946546 
0.83070688 	 0.82587105 	 0.81490273 	 0.81809993 
0.82917837 	 0.82670711 	 0.81628627 	 0.81907314 
0.82546621 	 0.82391520 	 0.81851382 	 0.82001065 
0.82644894 	 0.82233606 	 0.81604133 	 0.81767689 
0.82566853 	 0.82563658 	 0.81489652 	 0.81626893 
0.82183479 	 0.82062774 	 0.81536317 	 0.81720052 
0.82341211 	 0.81888901 	 0.81238157 	 0.81457587 
0.82358526 	 0.81819434 	 0.81461056 	 0.81680042 
0.82167724 	 0.82128109 	 0.81710970 	 0.82099005 
0.82222440 	 0.82130447 	 0.81884254 	 0.82432558 
0.82528702 	 0.82115697 	 0.81445189 	 0.82577769 
0.82546889 	 0.82216703 	 0.81727035 	 0.82358639 
0.82391759 	 0.82335674 	 0.82120923 	 0.82228629 
0.82013047 	 0.82187809 	 0.82149021 	 0.82210292 
0.82013047 	 0.82187809 	 0.82149021 	 0.82210292 
0.82123852 	 0.82480188 	 0.82349598 	 0.81772954 
0.81684771 	 0.82550339 	 0.82184207 	 0.81897970 
0.81433162 	 0.82603167 	 0.82489182 	 0.81838830 
0.81714615 	 0.82742640 	 0.82787431 	 0.81930378 
0.82002035 	 0.82386510 	 0.82949646 	 0.81957605 
0.82243679 	 0.81758740 	 0.82906276 	 0.81779499 
0.82243679 	 0.81758740 	 0.82906276 	 0.81779499 
0.82180738 	 0.81659735 	 0.82533245 	 0.81825847 
0.81909329 	 0.81499874 	 0.82587271 	 0.81978270 
0.81909329 	 0.81499874 	 0.82587271 	 0.81978270 
0.82045678 	 0.81287603 	 0.82556437 	 0.82051557 
0.82161101 	 0.81764701 	 0.82545677 	 0.82386552 
0.82218466 	 0.81788336 	 0.82381118 	 0.82453815 
0.81837014 	 0.81862609 	 0.82124741 	 0.82073636 
0.82165092 	 0.81992591 	 0.82086234 	 0.81893610 
0.82363392 	 0.81934655 	 0.82113187 	 0.81592469 
0.82363392 	 0.81934655 	 0.82113187 	 0.81592469 
0.82675853 	 0.82384619 	 0.82141359 	 0.81903441 
0.82557026 	 0.82310377 	 0.82164981 	 0.82070100 
0.82557026 	 0.82310377 	 0.82164981 	 0.82070100 
0.82557026 	 0.82310377 	 0.82164981 	 0.82070100 
0.82519881 	 0.81743566 	 0.82329480 	 0.82387946 
0.82674631 	 0.81904521 	 0.82664315 	 0.82194924 
0.82909650 	 0.82033390 	 0.82632823 	 0.82338639 
0.82837658 	 0.81894541 	 0.82644763 	 0.82076008 
0.82831030 	 0.82133436 	 0.82693405 	 0.81898789 
0.82768824 	 0.82764323 	 0.82862553 	 0.82134982 
0.82818083 	 0.82531170 	 0.82752483 	 0.82274081 
0.83014023 	 0.82702427 	 0.82498111 	 0.82192944 
0.83258235 	 0.82821730 	 0.82360508 	 0.82225572 
0.83158608 	 0.82855528 	 0.82501188 	 0.82197341 
0.82746133 	 0.82776765 	 0.82857785 	 0.82015858 
0.82559190 	 0.82624016 	 0.82977857 	 0.82189459 
0.82559190 	 0.82624016 	 0.82977857 	 0.82189459 
0.82368451 	 0.82757874 	 0.83079410 	 0.82427657 
0.82368451 	 0.82757874 	 0.83079410 	 0.82427657 
0.82419485 	 0.82654571 	 0.82832101 	 0.82466449 
0.82359330 	 0.82639391 	 0.82791370 	 0.82296312 
0.82139104 	 0.83014246 	 0.83252028 	 0.82307169 
0.81864252 	 0.82995775 	 0.83289713 	 0.82605770 
0.81958669 	 0.82994976 	 0.82908940 	 0.82940771 
0.82003792 	 0.82949589 	 0.83186436 	 0.82868078 
0.82003792 	 0.82949589 	 0.83186436 	 0.82868078 
0.82167783 	 0.82762247 	 0.83336236 	 0.82739150 
0.82006549 	 0.82423019 	 0.83590806 	 0.82541874 
0.81736876 	 0.82359051 	 0.83594236 	 0.82289939 
0.81736876 	 0.82359051 	 0.83594236 	 0.82289939 
0.81946379 	 0.82420585 	 0.83754898 	 0.82259734 
0.81946379 	 0.82420585 	 0.83754898 	 0.82259734 
0.82158086 	 0.82213521 	 0.83876431 	 0.82062051 
0.81814865 	 0.82321275 	 0.84026785 	 0.81722617 
0.81814865 	 0.82321275 	 0.84026785 	 0.81722617 
0.81814865 	 0.82321275 	 0.84026785 	 0.81722617 
0.82121759 	 0.82348869 	 0.83316820 	 0.81730267 
0.81928373 	 0.82552136 	 0.83073610 	 0.82026055 
0.81876635 	 0.82510572 	 0.82846605 	 0.81890087 
0.81964048 	 0.82426240 	 0.82848724 	 0.82294685 
0.81925830 	 0.82144589 	 0.82918407 	 0.82121482 
0.81925830 	 0.82144589 	 0.82918407 	 0.82121482 
0.81944907 	 0.82120269 	 0.82941470 	 0.82425215 
0.82018234 	 0.81737437 	 0.82597155 	 0.82996929 
0.81744318 	 0.81866831 	 0.82409438 	 0.82988274 
0.81873478 	 0.81609043 	 0.82667739 	 0.82764632 
0.81619418 	 0.81961488 	 0.82820784 	 0.82844320 
0.81619418 	 0.81961488 	 0.82820784 	 0.82844320 
0.81899862 	 0.81786751 	 0.82661716 	 0.82481283 
0.81899862 	 0.81786751 	 0.82661716 	 0.82481283 
0.82062946 	 0.82367437 	 0.82328460 	 0.81930324 
0.82062946 	 0.82367437 	 0.82328460 	 0.81930324 
0.81868211 	 0.82594365 	 0.82306603 	 0.81748797 
0.81894353 	 0.82941150 	 0.82238988 	 0.81316743 
0.81783469 	 0.82790689 	 0.82302244 	 0.81112737 
0.81622843 	 0.82823424 	 0.82235243 	 0.81096251 
0.81793093 	 0.82657554 	 0.82413891 	 0.81145645 
0.81690282 	 0.82820450 	 0.82550433 	 0.81621914 
0.81633465 	 0.82907862 	 0.82847590 	 0.81381312 
0.81696043 	 0.82524771 	 0.82542751 	 0.81428162 
0.82124847 	 0.82354893 	 0.82659197 	 0.81613633 
0.82154327 	 0.81989300 	 0.82682056 	 0.81687909 
0.82231237 	 0.81912855 	 0.82357306 	 0.81653287 
0.82160112 	 0.82037866 	 0.82559530 	 0.81731249 
0.82000822 	 0.82035476 	 0.82313139 	 0.81379469 
0.81819644 	 0.81891525 	 0.82284757 	 0.81451736 
0.81939413 	 0.82200397 	 0.82100216 	 0.81519739 
0.82228198 	 0.82200931 	 0.82276022 	 0.81814627 
0.82488813 	 0.82350436 	 0.82088729 	 0.81943155 
0.82427882 	 0.82112857 	 0.82210598 	 0.82240445 
0.82144761 	 0.82402991 	 0.82217605 	 0.82212905 
0.82144761 	 0.82402991 	 0.82217605 	 0.82212905 
0.81954971 	 0.82132338 	 0.82936218 	 0.82460618 
0.82161251 	 0.82195506 	 0.82881138 	 0.82066130 
0.82273475 	 0.82106615 	 0.82746734 	 0.82266200 
0.82184411 	 0.81929970 	 0.82863256 	 0.82318448 
0.82586565 	 0.81731360 	 0.82630403 	 0.82205593 
0.82718189 	 0.81710030 	 0.82771963 	 0.81735325 
0.82272747 	 0.81573018 	 0.82686862 	 0.81816394 
0.82411874 	 0.81740025 	 0.82623700 	 0.81652244 
0.82018241 	 0.82044576 	 0.82285755 	 0.81766172 
0.82105066 	 0.82165194 	 0.82315906 	 0.81594924 
0.81636153 	 0.81916109 	 0.82671464 	 0.81947782 
0.81636153 	 0.81916109 	 0.82671464 	 0.81947782 
0.81636153 	 0.81916109 	 0.82671464 	 0.81947782 
0.81577949 	 0.81914043 	 0.82534946 	 0.81957011 
0.81916457 	 0.82085793 	 0.82258744 	 0.81618993 
0.81714222 	 0.82119274 	 0.81942580 	 0.81250276 
0.81854753 	 0.82149247 	 0.81829491 	 0.81161688 
0.82257070 	 0.82292349 	 0.81911185 	 0.81140085 
0.82232674 	 0.82543956 	 0.81913004 	 0.81212540 
0.82155652 	 0.82401719 	 0.82130987 	 0.81077131 
0.82117183 	 0.82565517 	 0.82293749 	 0.81556872 
0.82411325 	 0.82092548 	 0.82607624 	 0.81600797 
0.82065253 	 0.82208785 	 0.82701022 	 0.81886498 
0.82052785 	 0.82324157 	 0.82484371 	 0.81804455 
0.81963629 	 0.81985161 	 0.82769391 	 0.81866256 
0.82172943 	 0.82206358 	 0.83002644 	 0.81779876 
0.82496893 	 0.82535620 	 0.82575001 	 0.81596229 
0.82456979 	 0.82687547 	 0.82597634 	 0.81757103 
0.82271594 	 0.82735139 	 0.82726426 	 0.81869714 
0.82175035 	 0.82539577 	 0.82668525 	 0.81980419 
0.82089445 	 0.82007757 	 0.82497832 	 0.82056500 
0.82637985 	 0.82085658 	 0.82539257 	 0.82206734 
0.82662046 	 0.81890107 	 0.82555732 	 0.82225531 
0.82501222 	 0.81857190 	 0.82676406 	 0.82335693 
0.82378694 	 0.82038380 	 0.82824194 	 0.82415516 
0.82707781 	 0.82108953 	 0.82562082 	 0.82177256 
0.82734988 	 0.82189257 	 0.82612293 	 0.82126628 
0.82666346 	 0.82709257 	 0.82671096 	 0.82175460 
0.82809983 	 0.82552488 	 0.82790554 	 0.81980991 
0.82797772 	 0.82530035 	 0.83040554 	 0.82157502 
0.82631020 	 0.82289720 	 0.82685040 	 0.82299347 
0.82591004 	 0.82037657 	 0.82281545 	 0.82020166 
0.82672934 	 0.82110092 	 0.82510008 	 0.81650667 
0.82602069 	 0.82010526 	 0.82507113 	 0.81537824 
0.82695600 	 0.82176892 	 0.82077050 	 0.81487262 
0.82575000 	 0.81921447 	 0.82179759 	 0.81570196 
0.82336295 	 0.81979913 	 0.82363384 	 0.81826191 
0.82432786 	 0.82015106 	 0.82459993 	 0.81979095 
0.82528704 	 0.82368322 	 0.82166410 	 0.82164104 
0.82319957 	 0.82520562 	 0.82261636 	 0.81898760 
0.82319957 	 0.82520562 	 0.82261636 	 0.81898760 
0.82251453 	 0.82660474 	 0.81775354 	 0.82313408 
0.82057366 	 0.82371237 	 0.81801414 	 0.82390913 
0.82081313 	 0.82111628 	 0.81889251 	 0.82458465 
0.82435226 	 0.81923419 	 0.82248007 	 0.82623391 
0.82398331 	 0.81854531 	 0.82502762 	 0.82446168 
0.82729023 	 0.81992694 	 0.82610914 	 0.82363325 
0.83128370 	 0.82216695 	 0.82784717 	 0.82329589 
0.83128370 	 0.82216695 	 0.82784717 	 0.82329589 
0.82903781 	 0.82243840 	 0.83022813 	 0.82446919 
0.82701219 	 0.82617071 	 0.82970293 	 0.82634541 
0.82380814 	 0.82472148 	 0.83315272 	 0.83033797 
0.82458466 	 0.82466185 	 0.83307401 	 0.83181006 
0.82389444 	 0.82869802 	 0.83101119 	 0.82908252 
0.82358941 	 0.82910569 	 0.82670295 	 0.83017549 
0.82342785 	 0.82878719 	 0.82677912 	 0.82919076 
0.82401633 	 0.82937587 	 0.82443135 	 0.82727181 
0.82401633 	 0.82937587 	 0.82443135 	 0.82727181 
0.82620064 	 0.82976525 	 0.82284141 	 0.82623284 
0.82475708 	 0.82319811 	 0.82196807 	 0.83038726 
0.82737570 	 0.82408922 	 0.82356054 	 0.82922730 
0.82737570 	 0.82408922 	 0.82356054 	 0.82922730 
0.82662581 	 0.82498267 	 0.82090441 	 0.82628994 
0.82826981 	 0.82168443 	 0.82152158 	 0.82092372 
0.82910483 	 0.82515047 	 0.82068186 	 0.82201262 
0.82851149 	 0.82263574 	 0.82152076 	 0.82399055 
0.83074449 	 0.82611256 	 0.82124968 	 0.82295333 
0.82946327 	 0.82628843 	 0.82325953 	 0.82290571 
0.82946327 	 0.82628843 	 0.82325953 	 0.82290571 
0.83224496 	 0.82636010 	 0.81617859 	 0.82294119 
0.82980917 	 0.82880993 	 0.81601274 	 0.82446617 
0.82928255 	 0.82696007 	 0.82264546 	 0.82495171 
0.82820996 	 0.82622880 	 0.82159454 	 0.82305628 
0.82885012 	 0.82652492 	 0.82529660 	 0.82076170 
0.82661598 	 0.82358643 	 0.82508765 	 0.82094517 
0.83049414 	 0.82419727 	 0.82929855 	 0.82141932 
0.83101930 	 0.82321458 	 0.82827944 	 0.82504924 
0.83129839 	 0.82452847 	 0.82870919 	 0.82985521 
0.83414009 	 0.82639558 	 0.82843374 	 0.82820651 
0.83214654 	 0.82818746 	 0.83167906 	 0.82570489 
0.82979657 	 0.82905287 	 0.83047200 	 0.82966476 
0.82788665 	 0.83016823 	 0.83001463 	 0.83204965 
0.83296239 	 0.82855375 	 0.83083145 	 0.83173085 
0.83390200 	 0.82638819 	 0.83052048 	 0.83181594 
0.83681547 	 0.82735834 	 0.82775583 	 0.83012549 
0.83882824 	 0.82771920 	 0.82919275 	 0.83026930 
0.83908253 	 0.82494946 	 0.82810857 	 0.82864642 
0.83872694 	 0.82464699 	 0.82517925 	 0.82794639 
0.83624484 	 0.82320807 	 0.82704293 	 0.82395587 
0.83672761 	 0.82450935 	 0.82680794 	 0.82703196 
0.83619672 	 0.82719136 	 0.82754080 	 0.82934479 
0.83568132 	 0.82404679 	 0.83152934 	 0.82802951 
0.83226192 	 0.82209902 	 0.82871183 	 0.82551671 
0.83117144 	 0.81871486 	 0.82835394 	 0.82584823 
0.83162466 	 0.82216393 	 0.83077658 	 0.82633333 
0.83350978 	 0.82223893 	 0.82856442 	 0.82740492 
0.83242289 	 0.82076329 	 0.82932803 	 0.82613266 
0.83373860 	 0.82163730 	 0.83153894 	 0.82857439 
0.83189796 	 0.82454047 	 0.83600170 	 0.82742611 
0.83095029 	 0.82038884 	 0.83466046 	 0.82787592 
0.83409137 	 0.81882716 	 0.83511994 	 0.82366001 
0.83106338 	 0.82261493 	 0.83214074 	 0.82374286 
