0.0301961
0.0601626
0.0891447
0.116915
0.143045
0.167158
0.189543
0.209923
0.22828
0.244332
0.258538
0.271273
0.282279
0.292155
0.300645
0.308005
0.314235
0.320062
0.324589
0.328721
0.332359
0.335475
0.338253
0.341092
0.343331
0.345149
0.346894
0.348427
0.349935
0.351528
0.352506
0.353447
0.354513
0.355485
0.3561
0.356562
0.357038
0.357708
0.358077
0.358196
0.358271
0.358538
0.359018
0.359329
0.359496
0.359512
0.359572
0.359398
0.359858
0.359735
0.35986
0.359468
0.359477
0.359649
0.359814
0.359903
0.360159
0.360621
0.360662
0.361072
0.361159
0.361035
0.360987
0.361065
0.360979
0.361172
0.360986
0.361379
0.361324
0.36143
0.361221
0.360807
0.360885
0.360677
0.360537
0.360357
0.360586
0.360699
0.361137
0.361343
0.361018
0.360772
0.360632
0.360636
0.360759
0.360996
0.361415
0.361483
0.361212
0.361097
0.361057
0.361206
0.361006
0.360817
0.360707
0.360918
0.360541
0.360764
0.360931
0.360786
0.360532
0.360565
0.360605
0.360601
0.360817
0.360889
0.361204
0.361106
0.361322
0.3617
0.361537
0.361298
0.361059
0.360733
0.360806
0.360563
0.360761
0.360948
0.361115
0.361079
0.360911
0.361209
0.361414
0.361373
0.361263
0.361377
0.36147
0.361215
0.361139
0.361156
0.360877
0.361241
0.361243
0.361607
0.361574
0.361452
0.3616
0.361411
0.361553
0.361486
0.361247
0.361211
0.36109
0.360748
0.360334
0.360077
0.359968
0.360231
0.360535
0.360588
0.360563
0.360537
0.360499
0.360662
0.360827
0.360938
0.361083
0.361189
0.360887
0.360959
0.360712
0.360615
0.360626
0.360527
0.360642
0.360985
0.360779
0.360815
0.360525
0.360743
0.360518
0.360429
0.360631
0.360767
0.360916
0.361168
0.361071
0.360629
0.360801
0.360859
0.360951
0.36099
0.361543
0.36158
0.361854
0.362112
0.362279
0.362176
0.362007
0.36175
0.361608
0.361334
0.361322
0.361276
0.361338
0.361394
0.361136
0.36088
0.360759
0.361278
0.361399
0.361151
0.360763
0.360838
0.360946
0.361314
0.361635
0.361677
0.361578
0.361504
0.361802
0.361843
0.361755
0.361558
0.361442
0.360963
0.361152
0.361145
0.361083
0.361228
0.361555
0.361468
0.361171
0.361233
0.361551
0.361264
0.36121
0.361145
0.360916
0.360849
0.360724
0.360645
0.360791
0.360695
0.360679
0.360583
0.360802
0.361003
0.360844
0.36094
0.361038
0.360926
0.360715
0.360786
0.360617
0.360561
0.360665
0.360366
0.360538
0.360573
0.360619
0.360409
0.360154
0.360136
0.360458
0.360433
0.360713
0.360933
0.360654
0.360371
0.360384
0.360694
0.360683
0.361038
0.360913
0.361334
0.361532
0.361654
0.361886
0.361619
0.36142
0.36149
0.361345
0.361276
0.361435
0.361466
0.36174
0.361692
0.36181
0.361751
0.36168
0.361554
0.361694
0.36135
0.361341
0.361556
0.361831
0.362051
0.361886
0.361754
0.36148
0.361829
0.361884
0.361924
0.361911
0.361901
0.361946
0.362069
0.361757
0.361744
0.361894
0.361665
0.361955
0.361888
0.362197
0.361704
0.361348
0.361641
0.361609
0.361368
0.361466
0.361582
0.361267
0.361099
0.361375
0.361119
0.361185
0.360933
0.360818
0.360754
0.360537
0.360415
0.360594
0.360359
0.360365
0.360495
0.360764
0.360632
0.36109
0.361263
0.361312
0.360897
0.361193
0.361447
0.36157
0.361599
0.361794
0.361586
0.361456
0.361383
0.360976
0.36073
0.360576
0.36071
0.360688
0.36082
0.361133
0.361243
0.361198
0.36113
0.361223
0.361257
0.361151
0.361291
0.361489
0.361416
0.361406
0.361492
0.361468
0.361413
0.361349
0.361521
0.361365
0.361712
0.361669
0.361836
0.361598
0.361402
0.361908
0.361903
0.362307
0.362048
0.361894
0.361791
0.361689
0.361792
0.361576
0.361562
0.361486
0.361282
0.361153
0.360862
0.360808
0.36086
0.360858
0.360691
0.360532
0.36037
0.360695
0.360757
0.36137
0.361371
0.361374
0.361588
0.361415
0.361476
0.361487
0.361398
0.361104
0.36106
0.361235
0.361154
0.361172
0.360967
0.361026
0.361007
0.361279
0.361087
0.36122
0.360991
0.361057
0.360874
0.36104
0.360918
0.36125
0.361276
0.361344
0.361159
0.360998
0.361369
0.361062
0.361067
0.361166
0.360949
0.360986
0.361313
0.361325
0.361454
0.361267
0.361065
0.360875
0.360899
0.36084
0.361124
0.36102
0.360945
0.36098
0.36065
0.360776
0.360606
0.360732
0.360668
0.360621
0.360603
0.360881
0.36138
0.361315
0.361234
0.361021
0.360887
0.361089
0.361208
0.36126
0.36166
0.361596
0.361763
0.361912
0.361882
0.362068
0.361822
0.361565
0.36153
0.361217
0.360942
0.361157
0.360814
0.361061
0.360946
0.360682
0.360587
0.360596
0.360774
0.360996
0.360648
0.36052
0.360556
0.360399
0.360345
0.360714
0.360905
0.360819
0.360874
0.360919
0.361331
0.361312
0.361331
0.361275
0.361366
0.361315
0.361094
0.360938
0.360781
0.360241
0.360059
0.360092
0.35991
0.3603
0.360324
0.360471
0.36093
