0.03031547 0.03027237 0.03018384 0.03027609 0.03044585 0.03001065 0.03003727 0.03016427 0.03014198 0.03011285 
0.06061786 0.06035654 0.06019939 0.06016715 0.06081341 0.06012546 0.05959960 0.05976356 0.06008864 0.05989414 
0.08932992 0.08937704 0.08933232 0.08895038 0.09012355 0.08954388 0.08844139 0.08844071 0.08913842 0.08876962 
0.11783206 0.11648878 0.11757362 0.11671441 0.11770316 0.11727560 0.11653415 0.11645308 0.11627574 0.11629452 
0.14357169 0.14253262 0.14345067 0.14294774 0.14474932 0.14302572 0.14271444 0.14261411 0.14242203 0.14242339 
0.16741878 0.16646883 0.16752807 0.16688903 0.16916743 0.16773670 0.16633881 0.16703347 0.16637045 0.16663273 
0.19024465 0.18804707 0.18969687 0.18949045 0.19189824 0.19006401 0.18852929 0.18996990 0.18946147 0.18802770 
0.20999027 0.20856607 0.21003987 0.21019856 0.21274224 0.21039628 0.20931737 0.21021650 0.20944720 0.20831719 
0.22834756 0.22679581 0.22857679 0.22790777 0.23140430 0.22771903 0.22727326 0.22917914 0.22809586 0.22750503 
0.24410844 0.24296771 0.24546081 0.24395771 0.24712805 0.24434268 0.24294458 0.24509841 0.24373668 0.24357803 
0.25859903 0.25664362 0.25973667 0.25841304 0.26101095 0.25779265 0.25867356 0.25835763 0.25799778 0.25815046 
0.27201148 0.26768352 0.27150245 0.27149675 0.27359380 0.26975181 0.27346106 0.27155272 0.27038094 0.27129639 
0.28281665 0.27848571 0.28228209 0.28269206 0.28356312 0.28016542 0.28491934 0.28233529 0.28165883 0.28386692 
0.29256065 0.28817390 0.29185085 0.29232747 0.29445926 0.29033602 0.29445740 0.29223372 0.29157292 0.29358071 
0.30105644 0.29622957 0.29989687 0.30098312 0.30252655 0.29973261 0.30396334 0.29963447 0.29978887 0.30263863 
0.30789459 0.30477831 0.30839993 0.30843220 0.30922216 0.30695858 0.31084671 0.30698360 0.30748205 0.30905315 
0.31446836 0.31138526 0.31506233 0.31554008 0.31510976 0.31290806 0.31756741 0.31244656 0.31312832 0.31473595 
0.31977720 0.31778254 0.32164566 0.32084938 0.32153954 0.31893116 0.32332370 0.31746947 0.31886716 0.32043782 
0.32494551 0.32211528 0.32536324 0.32750510 0.32490990 0.32397737 0.32685206 0.32281904 0.32283682 0.32456726 
0.32882258 0.32636345 0.33019064 0.33231524 0.32869778 0.32803562 0.33065831 0.32711896 0.32696095 0.32804932 
0.33202182 0.33078503 0.33406414 0.33598272 0.33241105 0.33170644 0.33369184 0.33138320 0.33037587 0.33116654 
0.33572760 0.33373314 0.33678132 0.33884108 0.33594000 0.33427797 0.33695895 0.33427510 0.33421548 0.33399598 
0.33843644 0.33591768 0.33902764 0.34050458 0.34065630 0.33654171 0.34041175 0.33727826 0.33747231 0.33628592 
0.34080507 0.33850275 0.34099129 0.34328322 0.34394068 0.33866562 0.34453258 0.34090687 0.33962986 0.33966222 
0.34324110 0.34127653 0.34374029 0.34485010 0.34622219 0.34135605 0.34713015 0.34283363 0.34125370 0.34140361 
0.34465666 0.34366612 0.34606900 0.34565383 0.34819509 0.34235792 0.34843366 0.34471397 0.34376068 0.34398105 
0.34676054 0.34599511 0.34784882 0.34743745 0.34943889 0.34433370 0.35047481 0.34650008 0.34418152 0.34597371 
0.34798923 0.34750673 0.34933016 0.35052104 0.35080629 0.34554246 0.35130761 0.34724529 0.34637169 0.34764565 
0.35077680 0.34859923 0.35240836 0.35180963 0.35092261 0.34664274 0.35335446 0.34905724 0.34733984 0.34844375 
0.35206702 0.35056649 0.35378471 0.35362721 0.35199469 0.34834542 0.35530531 0.35107000 0.34826194 0.35025671 
0.35385593 0.35158996 0.35496733 0.35381901 0.35265178 0.34903276 0.35567705 0.35187610 0.34974393 0.35184423 
0.35541193 0.35341025 0.35484106 0.35535379 0.35299632 0.34959454 0.35550837 0.35313698 0.35054793 0.35367254 
0.35728421 0.35371442 0.35564112 0.35741418 0.35402771 0.35045955 0.35677150 0.35437664 0.35115256 0.35429153 
0.35793305 0.35533362 0.35551433 0.35884943 0.35556636 0.35200485 0.35720194 0.35581076 0.35209773 0.35453793 
0.35803406 0.35598603 0.35558608 0.35976188 0.35640503 0.35384162 0.35807205 0.35633037 0.35232061 0.35465881 
0.35768306 0.35650893 0.35538762 0.35890280 0.35762326 0.35564458 0.35836272 0.35696668 0.35301230 0.35552830 
0.35771639 0.35673015 0.35631471 0.35985720 0.35707500 0.35512889 0.35920200 0.35742767 0.35370826 0.35722230 
0.35839690 0.35769956 0.35612850 0.35956274 0.35817090 0.35647048 0.36030461 0.35883036 0.35336038 0.35815711 
0.35910641 0.35763215 0.35637050 0.35981889 0.35912123 0.35596247 0.36103173 0.35886082 0.35521064 0.35765382 
0.35986621 0.35658456 0.35661474 0.35969456 0.35976616 0.35588482 0.35999129 0.36013234 0.35612570 0.35730428 
0.35992765 0.35624700 0.35730791 0.36055437 0.35929209 0.35622834 0.35986970 0.35913826 0.35691110 0.35723037 
0.35947776 0.35652304 0.35657779 0.36018502 0.35974642 0.35576599 0.36074640 0.35962607 0.35781989 0.35891156 
0.36003376 0.35697742 0.35611030 0.36080694 0.35899512 0.35756621 0.36145603 0.36034870 0.35859445 0.35928830 
0.35884342 0.35788336 0.35678027 0.36064098 0.35995060 0.35831912 0.36130214 0.36040141 0.35845263 0.36071630 
0.35991143 0.35785126 0.35844565 0.36001657 0.36063959 0.35768661 0.36189804 0.36125009 0.35755188 0.35970939 
0.36021532 0.35772890 0.35946742 0.36005819 0.35958697 0.35782431 0.36205898 0.36152420 0.35593316 0.36072265 
0.36064721 0.35876481 0.35949249 0.35977696 0.35898190 0.35756636 0.36182899 0.36116380 0.35699375 0.36050303 
0.35985915 0.35805821 0.35968196 0.35930636 0.35931969 0.35771987 0.36134028 0.36149860 0.35679271 0.36040554 
0.36032347 0.35892621 0.35975541 0.35917099 0.35997674 0.35785689 0.36275758 0.36112101 0.35790489 0.36078290 
0.35929221 0.35881222 0.36057363 0.35923145 0.36017275 0.35740487 0.36166075 0.36074362 0.35825661 0.36120375 
0.35980872 0.35861650 0.36092015 0.35996867 0.36006012 0.35834548 0.36078403 0.36076125 0.35773817 0.36159922 
0.36000025 0.35720049 0.36158500 0.35981445 0.36089862 0.35725158 0.35918247 0.36042066 0.35766762 0.36065496 
0.36089706 0.35683349 0.36202243 0.36106745 0.36072141 0.35730416 0.35740085 0.36043738 0.35825285 0.35983203 
0.36125763 0.35770148 0.36380380 0.36005028 0.35999741 0.35718379 0.35827763 0.36012512 0.35852369 0.35956920 
0.36062876 0.35846995 0.36281909 0.35874354 0.35985676 0.35842897 0.35772916 0.36103687 0.36079275 0.35963497 
0.36107021 0.35935857 0.36188261 0.35973537 0.35936635 0.35954837 0.35805643 0.36029278 0.36017786 0.35954379 
0.36105900 0.35992174 0.36334041 0.36071393 0.35925392 0.36040351 0.35863875 0.35994722 0.36035506 0.35796086 
0.36096880 0.36069689 0.36292055 0.35989917 0.36012978 0.36160504 0.36020438 0.35977395 0.36074196 0.35926723 
0.36122627 0.36136535 0.36351094 0.35980584 0.35920296 0.36199278 0.35955506 0.35971135 0.36138970 0.35885986 
0.36102136 0.36245512 0.36441458 0.36018448 0.35944014 0.36248686 0.36110597 0.35853534 0.36054592 0.36053303 
0.36232962 0.36314359 0.36418187 0.36155161 0.35881010 0.36299909 0.36032007 0.35832509 0.36015013 0.35978252 
0.36218211 0.36277773 0.36405067 0.36129086 0.35932568 0.36236107 0.36010719 0.35795181 0.35996444 0.36033910 
0.36214609 0.36155000 0.36376549 0.36102317 0.35980254 0.36204627 0.35972448 0.35925310 0.35967222 0.36089017 
0.36104704 0.36121288 0.36506067 0.36060701 0.35969125 0.36172128 0.36021615 0.35913231 0.36046264 0.36149418 
0.36098049 0.36076841 0.36561999 0.36096138 0.35996754 0.36140502 0.35972575 0.35835893 0.35964330 0.36235625 
0.35992548 0.36059602 0.36502585 0.36229501 0.36023773 0.36121179 0.36043157 0.35998050 0.35945013 0.36256347 
0.35846122 0.36124652 0.36353973 0.36245515 0.35964238 0.36126575 0.36056252 0.36074222 0.35902352 0.36292425 
0.35983536 0.36065535 0.36275163 0.36356739 0.36057837 0.36205463 0.36114243 0.36073726 0.35941809 0.36304628 
0.35922418 0.36065843 0.36221870 0.36350390 0.36101446 0.36190432 0.36055602 0.36118567 0.36064673 0.36232589 
0.35866150 0.36053102 0.36275619 0.36319226 0.36132377 0.36158976 0.36076640 0.36162381 0.36230159 0.36155757 
0.35953193 0.36034339 0.36325649 0.36296059 0.36107426 0.36158433 0.36022160 0.36115354 0.36082743 0.36126133 
0.35925012 0.36051783 0.36299818 0.36262230 0.35987395 0.36124678 0.36017504 0.35990922 0.36082180 0.36065012 
0.35866264 0.36088317 0.36268311 0.36245649 0.35983090 0.36245808 0.36052522 0.35957183 0.36010555 0.36167760 
0.35824570 0.36101518 0.36264860 0.36255790 0.35936886 0.36252858 0.36069872 0.35960902 0.35900158 0.36109626 
0.35926872 0.36073805 0.36146530 0.36341934 0.35931675 0.36316670 0.35852135 0.35864867 0.35968806 0.36114183 
0.35964175 0.35933198 0.36076144 0.36253001 0.35933428 0.36301207 0.35892885 0.35957866 0.35960487 0.36085105 
0.36027056 0.35843253 0.36092534 0.36297772 0.36008524 0.36311703 0.35929144 0.36141501 0.36018993 0.35915107 
0.35991882 0.35825600 0.36089708 0.36309825 0.35913315 0.36286571 0.35971702 0.36268916 0.36045624 0.35996149 
0.36025625 0.35999983 0.36178926 0.36365216 0.35823892 0.36340568 0.35952437 0.36271660 0.36003435 0.36175562 
0.36100533 0.35953382 0.36170104 0.36349001 0.35893722 0.36364450 0.35944489 0.36305862 0.36038707 0.36222472 
0.36015163 0.35883446 0.36128488 0.36403906 0.35808838 0.36228787 0.35975292 0.36353651 0.36021693 0.36198688 
0.35986940 0.35828038 0.36176031 0.36284336 0.35712878 0.36234496 0.35989109 0.36329131 0.36095384 0.36135842 
0.35942668 0.35715702 0.36328115 0.36172214 0.35788136 0.36206145 0.35989315 0.36181401 0.36153084 0.36154740 
0.35867250 0.35742241 0.36230261 0.36169359 0.35872340 0.36126007 0.36073779 0.36338681 0.36105753 0.36110521 
0.35924546 0.35834752 0.36203635 0.36221505 0.35925578 0.36065339 0.36069544 0.36333441 0.36070720 0.36109881 
0.35838618 0.35869774 0.36298146 0.36342165 0.36040126 0.36128263 0.36022685 0.36182382 0.36214605 0.36059692 
0.35867268 0.35924486 0.36377660 0.36416253 0.36019827 0.36137945 0.36085994 0.36203885 0.36315122 0.36066309 
0.35951508 0.36053025 0.36439187 0.36347728 0.35880949 0.36074809 0.36095342 0.36240733 0.36284676 0.36115313 
0.36078847 0.36060593 0.36363505 0.36331648 0.35790012 0.35964562 0.36014392 0.36283777 0.36268068 0.36056930 
0.36067038 0.36018619 0.36206152 0.36425772 0.35878077 0.35910517 0.35911738 0.36295135 0.36306624 0.36077788 
0.36019002 0.36068615 0.36272082 0.36419575 0.35967216 0.35880146 0.35904211 0.36237308 0.36185192 0.36103981 
0.36086645 0.36124505 0.36331217 0.36285771 0.35984304 0.35787337 0.36013791 0.36247595 0.36179874 0.36164915 
0.36036896 0.36091413 0.36335910 0.36170135 0.35922365 0.35852203 0.35922804 0.36326739 0.36148338 0.36199152 
0.35841148 0.36286482 0.36279231 0.36260208 0.35898619 0.35877768 0.35818664 0.36236677 0.36181837 0.36135932 
0.35763632 0.36143340 0.36359870 0.36336721 0.35872212 0.35926166 0.35719050 0.36254488 0.36196491 0.36135349 
0.35990949 0.36080240 0.36368391 0.36369423 0.35795976 0.35939799 0.35864154 0.36303468 0.36202071 0.36003911 
0.36001541 0.35909436 0.36371435 0.36279292 0.35843649 0.35877274 0.35907157 0.36290564 0.36082232 0.35978614 
0.36049582 0.35947966 0.36357171 0.36268324 0.35898610 0.35912469 0.35999581 0.36223499 0.36101370 0.36005099 
0.36050143 0.35953572 0.36395295 0.36208982 0.35855733 0.36038063 0.36038370 0.36301973 0.36198846 0.35890275 
0.36107452 0.35964408 0.36379216 0.36095066 0.35780730 0.36091440 0.36024651 0.36294751 0.36159836 0.35888550 
0.36058370 0.35980659 0.36298131 0.35983896 0.35792454 0.36221821 0.36018503 0.36088938 0.36176516 0.35912661 
0.36196480 0.35915318 0.36190628 0.36036320 0.35785608 0.36156467 0.36035516 0.36146846 0.36148837 0.35952490 
0.36315088 0.35864904 0.36202177 0.36062731 0.35873694 0.36109137 0.35932850 0.36139394 0.36136400 0.35968250 
0.36334808 0.35846528 0.36193612 0.36137523 0.35874124 0.36032162 0.36012597 0.36098981 0.36221606 0.35849091 
0.36277576 0.35831028 0.36115344 0.36161434 0.35837963 0.36074273 0.36117189 0.36068112 0.36303684 0.36030210 
0.36412850 0.35799372 0.36101526 0.36160882 0.35823817 0.36094216 0.36082534 0.36010547 0.36335741 0.36067939 
0.36342572 0.35887240 0.36195273 0.36231651 0.35723881 0.36080190 0.36126900 0.36169874 0.36339179 0.36107002 
0.36273963 0.35904559 0.36183125 0.36244124 0.35892826 0.36101615 0.36039371 0.36087615 0.36230873 0.36147915 
0.36230745 0.35921629 0.36205951 0.36248970 0.35914320 0.36232795 0.35982513 0.36070274 0.36274359 0.36240459 
0.36305153 0.36008602 0.36224204 0.36269896 0.35961879 0.36220142 0.36072945 0.36093932 0.36361092 0.36182470 
0.36248070 0.35949440 0.36277711 0.36287074 0.35945177 0.36226245 0.36115199 0.36152266 0.36259012 0.36077091 
0.36173720 0.35844239 0.36300247 0.36232808 0.35842151 0.36263036 0.36195659 0.36082130 0.36213797 0.36150178 
0.36142289 0.35880215 0.36223234 0.36311224 0.35842585 0.36195947 0.36119661 0.36091594 0.36182691 0.36069383 
0.36009253 0.35862324 0.36274144 0.36245274 0.35842688 0.36175421 0.36071710 0.36096178 0.36140337 0.36016145 
0.36076282 0.35937678 0.36225888 0.36296981 0.35775992 0.36171170 0.36061355 0.36082447 0.36133632 0.36044952 
0.36035371 0.35777416 0.36281112 0.36336042 0.35635936 0.36124492 0.36071753 0.36053466 0.36179619 0.36067409 
0.36088880 0.35796929 0.36223777 0.36270724 0.35759360 0.36154879 0.36082784 0.36138972 0.36165054 0.36079682 
0.36088915 0.35901381 0.36315727 0.36301499 0.35764521 0.36125661 0.36015711 0.36157203 0.36190641 0.36086495 
0.36074467 0.35995262 0.36160462 0.36227423 0.35807233 0.36168218 0.36110054 0.36204583 0.36318261 0.36049433 
0.35971963 0.35996449 0.36084636 0.36226319 0.35830437 0.36179576 0.36169403 0.36174708 0.36337860 0.36107633 
0.35867961 0.36112458 0.36030413 0.36229393 0.35793052 0.36169713 0.36044637 0.36183708 0.36287624 0.36192055 
0.36041526 0.36221071 0.36008688 0.36278484 0.35740260 0.36187613 0.36052217 0.36143915 0.36285795 0.36249819 
0.36044546 0.36267098 0.36097538 0.36318584 0.35765859 0.36147041 0.36014440 0.36011731 0.36401903 0.36345722 
0.35977408 0.36233728 0.36034840 0.36399835 0.35811733 0.36194190 0.35958442 0.35999701 0.36443966 0.36319337 
0.35930668 0.36125106 0.36134091 0.36449805 0.35819713 0.36046433 0.36004114 0.35970719 0.36472618 0.36309751 
0.35946874 0.36224327 0.36199358 0.36464962 0.35897817 0.36074336 0.35948463 0.35937668 0.36432420 0.36251188 
0.36009354 0.36183191 0.36199411 0.36494246 0.35931440 0.36012608 0.35962283 0.36065576 0.36415579 0.36196016 
0.35930079 0.36204604 0.36321779 0.36372912 0.35821450 0.36012577 0.36042852 0.35925842 0.36436144 0.36146810 
0.35903525 0.36285968 0.36259178 0.36415962 0.35860036 0.35965075 0.36048227 0.35944102 0.36374927 0.36082449 
0.35874942 0.36350765 0.36357489 0.36344369 0.35860173 0.35963983 0.36014087 0.35992741 0.36334668 0.36062640 
0.35833590 0.36319735 0.36274609 0.36205306 0.35730980 0.35874899 0.36130523 0.35901384 0.36388360 0.36217279 
0.35861627 0.36488513 0.36330029 0.36296025 0.35696138 0.35865133 0.36134109 0.35929906 0.36419998 0.36219328 
0.35886147 0.36402373 0.36343931 0.36362227 0.35770163 0.35979652 0.35981790 0.35940237 0.36356676 0.36219957 
0.35751922 0.36437212 0.36376290 0.36387681 0.35806465 0.36113151 0.36136223 0.36030035 0.36420431 0.36147455 
0.35735543 0.36382832 0.36363066 0.36492492 0.35919909 0.36231960 0.36076915 0.35909217 0.36346757 0.36115445 
0.35706781 0.36467983 0.36322703 0.36326637 0.35977288 0.36232551 0.36145041 0.35883739 0.36313967 0.36075003 
0.35852919 0.36486413 0.36374885 0.36392747 0.36047006 0.36170897 0.36066329 0.35855805 0.36334638 0.36017986 
0.35847110 0.36594860 0.36339557 0.36306690 0.36068206 0.36171326 0.36149188 0.35857781 0.36259587 0.35816231 
0.35818710 0.36599642 0.36306231 0.36280508 0.36111127 0.36150274 0.36227528 0.35860974 0.36250762 0.35947695 
0.35888540 0.36526733 0.36370310 0.36290636 0.36134970 0.36189030 0.36163031 0.35836251 0.36205852 0.35880473 
0.35894551 0.36484218 0.36424878 0.36195872 0.36169274 0.36060443 0.35994449 0.35937629 0.36182943 0.35902512 
0.35924136 0.36483793 0.36325910 0.36258337 0.36114070 0.36001557 0.36095802 0.35948852 0.36204476 0.35854228 
0.35983141 0.36426020 0.36362601 0.36091550 0.36083764 0.36049629 0.35899096 0.36037666 0.36214972 0.35941087 
0.36020778 0.36378387 0.36239836 0.35957943 0.36087302 0.36078145 0.35862311 0.35982371 0.36211772 0.35929535 
0.35962521 0.36260263 0.36187088 0.36097155 0.36017082 0.36026216 0.35761377 0.35880497 0.36167789 0.35973691 
0.35908778 0.36266392 0.36148042 0.36075832 0.36003488 0.35894649 0.35760476 0.35870254 0.36149875 0.35998890 
0.35870519 0.36389126 0.36154554 0.36037739 0.35972779 0.35920813 0.35745429 0.35807986 0.36113131 0.35955937 
0.36040939 0.36481233 0.36225069 0.36004275 0.35930506 0.36004462 0.35711376 0.35730987 0.36102124 0.36000298 
0.36055769 0.36410037 0.36236410 0.36105398 0.35915878 0.36091856 0.35717532 0.35792126 0.36175982 0.36033567 
0.36086553 0.36468347 0.36291308 0.36120183 0.35921971 0.36017912 0.35797151 0.35810100 0.36165998 0.35908117 
0.36113310 0.36498909 0.36314903 0.36097649 0.35879670 0.35939620 0.35748448 0.35842188 0.36104079 0.36024558 
0.36149299 0.36542733 0.36230508 0.36018688 0.35898151 0.36059767 0.35703371 0.35913387 0.36199156 0.35822209 
0.36008841 0.36513696 0.36297357 0.35923770 0.35989256 0.35931569 0.35707250 0.36032118 0.36168706 0.35926880 
0.35964789 0.36459744 0.36289398 0.35967306 0.36070195 0.35939170 0.35722595 0.36108229 0.36199552 0.35941298 
0.36050924 0.36428887 0.36358806 0.35963923 0.36005525 0.36003664 0.35693430 0.36185009 0.36100452 0.36036095 
0.35993690 0.36413330 0.36285578 0.36025378 0.36037172 0.35979233 0.35794673 0.36208781 0.36107140 0.36093077 
0.35944308 0.36411949 0.36298423 0.36033691 0.35917203 0.36021941 0.35839846 0.36318182 0.36121939 0.36175579 
0.35971811 0.36511129 0.36375894 0.36117883 0.35966006 0.36041442 0.35771469 0.36154108 0.36140677 0.36138753 
0.35938563 0.36459549 0.36401981 0.36036016 0.35988031 0.36072667 0.35747421 0.36050556 0.36124784 0.36066984 
0.36025856 0.36318974 0.36437378 0.36065941 0.35932927 0.36212017 0.35753470 0.35952389 0.36104254 0.36155905 
0.35995890 0.36359588 0.36398924 0.36016810 0.35875513 0.36207968 0.35816095 0.35921201 0.36047635 0.36072210 
0.36110199 0.36276514 0.36348900 0.36064453 0.35964091 0.36185965 0.35693729 0.35906422 0.35979089 0.36085561 
0.36050052 0.36277794 0.36453872 0.36086750 0.35996266 0.36135118 0.35678638 0.35849880 0.35962831 0.36135057 
0.36085533 0.36270250 0.36448213 0.35957533 0.35909233 0.36144275 0.35755676 0.35876832 0.35954379 0.36125412 
0.35993931 0.36262069 0.36455452 0.35934510 0.35959111 0.36127858 0.35893067 0.35807390 0.36037484 0.36171607 
0.36084129 0.36188550 0.36490181 0.35935694 0.36047859 0.36145938 0.35943215 0.35865474 0.36037186 0.36246405 
0.36122465 0.36258981 0.36466198 0.35895923 0.36005156 0.36018835 0.35958594 0.35905654 0.35923444 0.36223388 
0.36075396 0.36330568 0.36498001 0.35901047 0.36070430 0.35902911 0.36051603 0.35827464 0.35942073 0.36215486 
0.36020085 0.36263093 0.36544592 0.35859521 0.36228172 0.35788144 0.35875888 0.35807790 0.36061429 0.36076566 
0.36100418 0.36317426 0.36422464 0.35999069 0.36190057 0.35857539 0.35785927 0.35808221 0.36126308 0.36135135 
0.36108460 0.36280484 0.36271579 0.36111726 0.36183017 0.35761977 0.35887714 0.35703308 0.36108727 0.36100805 
0.36025124 0.36264280 0.36255210 0.36197964 0.36184964 0.35814366 0.35835650 0.35667751 0.36112627 0.36070816 
0.36062151 0.36213812 0.36197760 0.36232840 0.36164709 0.35845112 0.35879595 0.35804121 0.36203262 0.36027276 
0.36108538 0.36308174 0.36211405 0.36181027 0.36222241 0.35830858 0.35886139 0.35873990 0.36096359 0.36048032 
0.36167361 0.36321964 0.36199072 0.36182140 0.36265703 0.35865486 0.35958687 0.35919995 0.36056926 0.35978356 
0.36208848 0.36417644 0.36125467 0.36132166 0.36272712 0.35911249 0.35935821 0.35912182 0.36198733 0.36052799 
0.36056164 0.36359856 0.36198038 0.36205745 0.36337894 0.35815072 0.35903002 0.35857180 0.36219845 0.36118691 
0.36001539 0.36247420 0.36058072 0.36284385 0.36259854 0.35819198 0.35991694 0.35821651 0.36185379 0.35959564 
0.36073767 0.36274569 0.36064470 0.36337317 0.36259273 0.35888530 0.35949334 0.35877683 0.36222432 0.35853519 
0.36123097 0.36272966 0.36101503 0.36366692 0.36300162 0.35932881 0.35976653 0.35821231 0.36126347 0.35837545 
0.36114835 0.36331176 0.36101197 0.36346849 0.36384814 0.35936323 0.35897882 0.35889365 0.36124626 0.35823759 
0.36057835 0.36226044 0.36054502 0.36402127 0.36359798 0.35918653 0.35767461 0.36004684 0.36345290 0.35853487 
0.36098925 0.36325534 0.36187456 0.36390329 0.36455137 0.35899908 0.35873571 0.36028315 0.36335890 0.35948056 
0.36096043 0.36327874 0.36347124 0.36357066 0.36331981 0.35941749 0.35865242 0.36048592 0.36308833 0.35955043 
0.36138713 0.36414969 0.36425543 0.36350814 0.36309671 0.35908395 0.36005936 0.36078636 0.36229357 0.35991827 
0.36096356 0.36527564 0.36423006 0.36385160 0.36410303 0.35901409 0.36103615 0.36066199 0.36260784 0.35937462 
0.36093750 0.36494127 0.36360480 0.36445600 0.36446213 0.35946827 0.36197671 0.36109937 0.36298210 0.35886331 
0.36052319 0.36510623 0.36346311 0.36397049 0.36353107 0.35939239 0.36145972 0.36156800 0.36295941 0.35979136 
0.36135738 0.36455279 0.36251208 0.36357703 0.36431453 0.35887443 0.36121677 0.36103353 0.36262065 0.36000935 
0.36181640 0.36471723 0.36216930 0.36283168 0.36383904 0.35806885 0.36077533 0.36066621 0.36215071 0.36046863 
0.36233884 0.36387475 0.36246837 0.36249613 0.36357215 0.35757760 0.36077975 0.36135459 0.36146666 0.36015374 
0.36237958 0.36357937 0.36140851 0.36240882 0.36283174 0.35758865 0.36033574 0.36218642 0.36108686 0.35953922 
0.36094240 0.36364885 0.36157227 0.36357200 0.36156777 0.35745398 0.36147170 0.36242962 0.36102133 0.35953535 
0.36189139 0.36349278 0.36147557 0.36461321 0.36023667 0.35643372 0.36036927 0.36300828 0.36159111 0.35964948 
0.36122159 0.36371841 0.36254663 0.36441026 0.36094661 0.35623263 0.35949009 0.36347404 0.36108678 0.36025346 
0.36160788 0.36344012 0.36186244 0.36360456 0.36236138 0.35590833 0.36039489 0.36364707 0.36062076 0.36049678 
0.36171395 0.36234010 0.36204609 0.36309742 0.36237840 0.35556752 0.36041048 0.36247357 0.36102142 0.36031469 
0.36202556 0.36233222 0.36322827 0.36156259 0.36143228 0.35446061 0.36095274 0.36277264 0.36103437 0.35900198 
0.36177356 0.36240840 0.36255749 0.36124665 0.36057450 0.35577556 0.35984708 0.36337051 0.36116811 0.35887007 
0.36302355 0.36326268 0.36287555 0.36200567 0.36060450 0.35628069 0.36046467 0.36361154 0.36122250 0.35943159 
0.36278972 0.36331804 0.36294682 0.36266605 0.36151515 0.35570004 0.36030256 0.36353319 0.36190074 0.35932102 
0.36206370 0.36261507 0.36171585 0.36206104 0.36196393 0.35571300 0.36007377 0.36355897 0.36215855 0.35959012 
0.36022038 0.36368734 0.36100552 0.36227759 0.36113932 0.35535967 0.35953370 0.36281582 0.36082547 0.36076818 
0.36089364 0.36354771 0.36026219 0.36201020 0.36109571 0.35574240 0.35986948 0.36283755 0.36140988 0.36071602 
0.36007405 0.36411391 0.36073655 0.36202208 0.36133659 0.35513900 0.36030650 0.36239200 0.36251974 0.36081486 
0.36038490 0.36376566 0.36213764 0.36260973 0.36109932 0.35396206 0.36148620 0.36286599 0.36376520 0.36106139 
0.36062972 0.36498758 0.36251808 0.36424753 0.36173898 0.35343532 0.36178785 0.36213680 0.36432598 0.36054618 
0.36068523 0.36442276 0.36216672 0.36402762 0.36214471 0.35396901 0.36187307 0.36366203 0.36383340 0.35998090 
0.36007367 0.36498279 0.36145629 0.36363252 0.36331400 0.35465432 0.36189045 0.36323149 0.36347467 0.35907324 
0.36096008 0.36592775 0.36142421 0.36266264 0.36212720 0.35553043 0.36103570 0.36373807 0.36305467 0.35858171 
0.36177847 0.36679686 0.36186642 0.36214955 0.36175776 0.35539262 0.36133027 0.36392573 0.36431130 0.35870741 
0.36180189 0.36597138 0.36209110 0.36221703 0.36144460 0.35497362 0.36191009 0.36337027 0.36480348 0.35984564 
0.36152903 0.36545369 0.36263814 0.36221773 0.36028533 0.35510588 0.36255724 0.36356210 0.36459727 0.35960556 
0.36192255 0.36402183 0.36362015 0.36178639 0.36140191 0.35542102 0.36141563 0.36302696 0.36344817 0.35951656 
0.36227828 0.36459456 0.36281583 0.36112689 0.36225145 0.35612721 0.36207337 0.36179529 0.36206719 0.35929388 
0.36263447 0.36519385 0.36314157 0.35949250 0.36114678 0.35593934 0.36235245 0.36079083 0.36166109 0.35727498 
0.36293826 0.36470282 0.36181631 0.35987407 0.36179825 0.35674588 0.36196357 0.36147834 0.36232321 0.35787921 
0.36293300 0.36444305 0.36151226 0.35989354 0.36272606 0.35800391 0.36142620 0.36159487 0.36133076 0.35758684 
0.36355671 0.36325662 0.36119598 0.36026325 0.36325720 0.35810660 0.36101868 0.36183746 0.36079908 0.35754256 
0.36361084 0.36381999 0.36063068 0.35925957 0.36428486 0.35874003 0.36117189 0.36201115 0.36032388 0.35843207 
0.36409989 0.36472109 0.36132045 0.35852557 0.36371438 0.35877922 0.36308399 0.36268180 0.36068403 0.35794236 
0.36302439 0.36473984 0.36092192 0.35806681 0.36407085 0.35838078 0.36233893 0.36259326 0.36177046 0.35876982 
0.36322835 0.36296894 0.36141070 0.35695502 0.36446937 0.35842246 0.36200939 0.36228051 0.36189486 0.35807461 
0.36197394 0.36295065 0.36052215 0.35859434 0.36464396 0.35889388 0.36226601 0.36267751 0.36144245 0.35836395 
0.36204082 0.36294789 0.36118326 0.36036725 0.36419285 0.36016476 0.36169308 0.36233993 0.36253335 0.35805148 
0.36210482 0.36339008 0.36008213 0.36038593 0.36288541 0.36039896 0.36147776 0.36167598 0.36135954 0.35887929 
0.36179328 0.36356041 0.35939893 0.36003579 0.36311881 0.36057404 0.36089865 0.36242228 0.36205846 0.35824004 
0.36184584 0.36271272 0.35944675 0.35910602 0.36385865 0.35991749 0.36062744 0.36263715 0.36254044 0.35876143 
0.36168593 0.36237648 0.35991738 0.35932817 0.36371360 0.35964883 0.35976139 0.36229342 0.36182767 0.35860401 
0.36230449 0.36181942 0.36006039 0.35978699 0.36394293 0.35995122 0.35896160 0.36256514 0.36135248 0.35774326 
0.36251510 0.36260025 0.36027787 0.35967296 0.36343674 0.36045133 0.35821023 0.36263771 0.36072602 0.35671477 
0.36174916 0.36200381 0.36014470 0.36020786 0.36384609 0.36036395 0.35823722 0.36209570 0.36040477 0.35739966 
0.36080614 0.36247181 0.36046252 0.36097986 0.36395525 0.36032588 0.35851260 0.36130646 0.36108917 0.35800102 
0.36122638 0.36221599 0.36108490 0.36139822 0.36354772 0.35945430 0.35775130 0.36195064 0.36105301 0.35726395 
0.36075923 0.36163431 0.36184425 0.36222010 0.36325209 0.35823366 0.35770640 0.36220304 0.36167353 0.35726818 
0.36076620 0.36104809 0.36207759 0.36297596 0.36329554 0.35813568 0.35811775 0.36294877 0.35985329 0.35660618 
0.36031818 0.36049000 0.36278727 0.36285660 0.36414011 0.35695974 0.35892216 0.36331666 0.36077650 0.35745453 
0.35982812 0.35990547 0.36323156 0.36343183 0.36410888 0.35797835 0.36045059 0.36323722 0.36164187 0.35621738 
0.36048076 0.35977694 0.36330144 0.36365567 0.36403554 0.35724655 0.35953571 0.36294149 0.36139961 0.35606345 
0.36081807 0.35954611 0.36300036 0.36338688 0.36447252 0.35672192 0.35974131 0.36355730 0.36108704 0.35706939 
0.36042216 0.35979417 0.36287834 0.36313123 0.36485899 0.35676033 0.36003741 0.36448036 0.36080400 0.35721112 
0.36098768 0.35972955 0.36317057 0.36209497 0.36465004 0.35719071 0.35938428 0.36377450 0.36086776 0.35741440 
0.36083452 0.35885379 0.36250493 0.36203848 0.36414034 0.35805428 0.35914456 0.36382690 0.36037429 0.35737979 
0.36062483 0.35900848 0.36221813 0.36182769 0.36377716 0.35941440 0.35857169 0.36406804 0.36051451 0.35783275 
0.36038898 0.35950620 0.36142796 0.36234374 0.36252242 0.35878636 0.35761509 0.36344032 0.36072468 0.35941166 
0.35908832 0.36071910 0.36068153 0.36202284 0.36292150 0.35759273 0.35943467 0.36264351 0.36162951 0.35887566 
0.35921829 0.36017252 0.36027826 0.36249443 0.36343091 0.35886030 0.35944343 0.36309733 0.36048030 0.35917161 
0.35805583 0.36041023 0.36005752 0.36159026 0.36353093 0.35849583 0.35857600 0.36264105 0.36119156 0.35911493 
0.35862037 0.36082638 0.36032738 0.36131614 0.36448707 0.35964992 0.35838405 0.36243928 0.35952704 0.35979929 
0.35859369 0.36073521 0.36086305 0.36122519 0.36428114 0.35854553 0.35914430 0.36293398 0.35955566 0.35985453 
0.35881926 0.36188421 0.36076368 0.36081168 0.36459487 0.35849504 0.35934307 0.36254551 0.35995059 0.35897752 
0.35841150 0.36240247 0.36055097 0.36141028 0.36351057 0.35890829 0.35911067 0.36122095 0.35945191 0.35911316 
0.35914754 0.36279614 0.35980030 0.36068244 0.36359022 0.35824426 0.35837887 0.36065836 0.35987071 0.35837354 
0.35857269 0.36242629 0.35925960 0.36163551 0.36327730 0.35886759 0.35803059 0.36070429 0.35972529 0.35886431 
0.35857281 0.36129680 0.36028389 0.36147221 0.36360367 0.36004707 0.35909911 0.36073685 0.35965416 0.35981508 
0.35823454 0.36030729 0.36139176 0.36180199 0.36264950 0.35978761 0.35930403 0.36108686 0.35944680 0.36031747 
0.35852895 0.36046125 0.36152265 0.36166287 0.36359230 0.36038151 0.35978558 0.36086458 0.35868044 0.36164983 
0.35802096 0.36118026 0.36217510 0.36173292 0.36366643 0.35983008 0.35962126 0.36085864 0.35966892 0.36257196 
0.35768758 0.35991732 0.36261262 0.36152157 0.36388412 0.35969682 0.35936080 0.36000809 0.36024021 0.36161227 
0.35790227 0.35947464 0.36178905 0.36093278 0.36306727 0.36057685 0.35824884 0.36049158 0.36008969 0.36113863 
0.35854036 0.36005372 0.36099063 0.36108619 0.36291485 0.36045763 0.35781004 0.36091001 0.36065730 0.36041576 
0.35838534 0.35966171 0.36264053 0.35984212 0.36276715 0.36117646 0.35871710 0.36226349 0.36128469 0.36020425 
0.35714055 0.35925882 0.36164784 0.35945478 0.36293696 0.36206533 0.35888371 0.36322678 0.36187724 0.36034193 
0.35818478 0.36046591 0.36088175 0.36097467 0.36190334 0.36250272 0.35929482 0.36327969 0.36199972 0.36088992 
0.35882496 0.35997500 0.36084363 0.36104618 0.36149413 0.36220641 0.35789990 0.36420246 0.36192231 0.36071623 
0.35893489 0.36152190 0.36171653 0.36096590 0.36142678 0.36275216 0.35890365 0.36385226 0.36214096 0.36112501 
0.35945880 0.36137373 0.36152841 0.36192259 0.36146871 0.36272045 0.36007037 0.36297065 0.36320981 0.36059198 
0.36116519 0.36223912 0.36191305 0.36190418 0.36084019 0.36219530 0.35931381 0.36163369 0.36384387 0.36148718 
0.36206606 0.36168870 0.36039389 0.36167526 0.36181200 0.36174277 0.36015281 0.36187510 0.36452888 0.36291961 
0.36390307 0.36158941 0.36138287 0.36008465 0.36099516 0.36123632 0.35987332 0.36121440 0.36360568 0.36230745 
0.36375299 0.35970500 0.36083382 0.36002196 0.36223208 0.36133061 0.35913965 0.36107369 0.36352293 0.36258756 
0.36313940 0.35953534 0.36098068 0.36114186 0.36188126 0.36108506 0.35954726 0.36114646 0.36392939 0.36251289 
0.36355131 0.35913403 0.36056828 0.36045151 0.36184487 0.36112935 0.35980631 0.36100835 0.36378776 0.36216386 
0.36393588 0.35979522 0.36218870 0.36054152 0.36118415 0.36062350 0.35940962 0.36004632 0.36382402 0.36121033 
0.36268069 0.35992202 0.36232448 0.36150905 0.36284529 0.36046402 0.35873407 0.35982806 0.36401042 0.36203022 
0.36331303 0.36106554 0.36219328 0.36118237 0.36216623 0.36027855 0.35812530 0.35971683 0.36452974 0.36208760 
0.36290648 0.36143163 0.36156238 0.36133647 0.36223446 0.36220017 0.35834315 0.35961314 0.36520060 0.36257244 
0.36292393 0.36221903 0.36048116 0.36063187 0.36248464 0.36177486 0.35915945 0.35998853 0.36478701 0.36246666 
0.36294901 0.36216575 0.36132412 0.36035044 0.36168711 0.36165415 0.35917749 0.36131466 0.36448450 0.36298839 
0.36303234 0.36279493 0.36101562 0.36044736 0.36145443 0.36160972 0.36058843 0.36086911 0.36325209 0.36244810 
0.36305528 0.36262424 0.36055448 0.36134984 0.36117550 0.36168449 0.36085816 0.36014503 0.36270714 0.36264459 
0.36392361 0.36233598 0.35939885 0.36174666 0.36103745 0.36086668 0.36087956 0.35972452 0.36344728 0.36218393 
0.36333927 0.36253248 0.35931216 0.36210738 0.36079399 0.36138822 0.36160397 0.35993792 0.36295651 0.36296513 
0.36279099 0.36153713 0.35891564 0.36187460 0.36018194 0.36216236 0.36179083 0.35875467 0.36243090 0.36306510 
0.36095718 0.36182742 0.35938587 0.36188513 0.35938547 0.36202014 0.36254375 0.35886698 0.36225941 0.36427465 
0.36057577 0.36252652 0.35859681 0.36259280 0.35940281 0.36288224 0.36196795 0.35997173 0.36295041 0.36409357 
0.36092568 0.36233841 0.35755958 0.36173071 0.36030119 0.36310710 0.36250378 0.36114174 0.36463127 0.36407456 
0.36153441 0.36286252 0.35808863 0.36283629 0.36091953 0.36313313 0.36218873 0.36109296 0.36393564 0.36392151 
0.36152590 0.36205095 0.35865039 0.36217903 0.36058960 0.36244100 0.36283525 0.36062977 0.36445785 0.36349918 
0.36310610 0.36272456 0.35893161 0.36195328 0.35989829 0.36130636 0.36327431 0.36018956 0.36307004 0.36308341 
0.36255088 0.36157852 0.35819571 0.36129861 0.36080225 0.36261659 0.36338870 0.35957718 0.36222196 0.36256714 
0.36243750 0.36185966 0.36021629 0.36247695 0.36015965 0.36292978 0.36294220 0.35977822 0.36255434 0.36293819 
0.36208418 0.36185719 0.36132975 0.36143716 0.36026584 0.36373433 0.36222508 0.36014665 0.36346693 0.36228902 
0.36269583 0.36211257 0.35986424 0.36118843 0.36092372 0.36436275 0.36215266 0.36076265 0.36326314 0.36191854 
0.36244996 0.36245967 0.36058350 0.36068415 0.36069436 0.36399057 0.36220133 0.36015370 0.36350860 0.36238719 
0.36107541 0.36237752 0.36127301 0.36020825 0.36100337 0.36396378 0.36241639 0.35965340 0.36351576 0.36352669 
0.36164105 0.36285461 0.36162905 0.36177704 0.35985718 0.36405266 0.36169558 0.36003691 0.36295309 0.36296187 
0.36127727 0.36372992 0.36129193 0.36066103 0.35995015 0.36308916 0.36193882 0.36085146 0.36477986 0.36312153 
0.36101390 0.36460255 0.36100398 0.35975143 0.35890566 0.36333406 0.36144666 0.36130385 0.36430135 0.36191048 
0.36092437 0.36427316 0.36117348 0.35993501 0.35976664 0.36197013 0.36141862 0.36107085 0.36523300 0.36167386 
0.36073050 0.36375516 0.35937814 0.36078534 0.36046731 0.36274203 0.36279259 0.36214756 0.36421936 0.36192603 
0.35984737 0.36252779 0.35916837 0.36172163 0.35959674 0.36265375 0.36187980 0.36239570 0.36410520 0.36275741 
0.35991257 0.36172680 0.35965116 0.36220213 0.36002005 0.36395763 0.36354474 0.36175753 0.36381116 0.36296322 
0.36055748 0.36157796 0.35976030 0.36039838 0.36074809 0.36386457 0.36381928 0.36327397 0.36318168 0.36169543 
0.36175789 0.36211911 0.36043587 0.36051083 0.36012022 0.36442446 0.36283812 0.36473084 0.36316931 0.36186742 
0.36150352 0.36185326 0.36022221 0.36025958 0.35853286 0.36401878 0.36201473 0.36420137 0.36360090 0.36083660 
0.36009678 0.36143380 0.35988173 0.36004559 0.35878744 0.36427856 0.36096746 0.36378424 0.36358413 0.36062118 
0.36035997 0.36296423 0.36097131 0.36028921 0.35949128 0.36348506 0.36200684 0.36307422 0.36245558 0.36131037 
0.36087709 0.36082347 0.36091935 0.36028757 0.35988804 0.36370991 0.36244007 0.36263972 0.36354920 0.36095920 
0.36146267 0.36106014 0.36039429 0.36017629 0.35933500 0.36214131 0.36269749 0.36170177 0.36381766 0.36088849 
0.36201494 0.36161796 0.36095563 0.35962151 0.35865273 0.36276930 0.36212795 0.36266714 0.36362776 0.36060509 
0.36150941 0.36272049 0.36107762 0.36020445 0.35929416 0.36246025 0.36156479 0.36288725 0.36170230 0.36239987 
0.36052233 0.36259125 0.36081161 0.36005265 0.35926213 0.36225001 0.36134865 0.36315424 0.36090732 0.36177450 
0.35968049 0.36281633 0.36047460 0.36105191 0.35891788 0.36098896 0.36103595 0.36365763 0.36088773 0.36148127 
0.35985120 0.36186763 0.36082859 0.36201138 0.35875840 0.36221827 0.36129139 0.36456630 0.36063620 0.36171789 
0.35832416 0.36196378 0.35975370 0.36304627 0.35913904 0.36095959 0.36145792 0.36452368 0.36028168 0.36173711 
0.35872687 0.36195946 0.35922623 0.36299992 0.36031225 0.36052130 0.36109542 0.36425002 0.36011334 0.36264540 
0.35867277 0.36100782 0.35913996 0.36266425 0.35968112 0.36220791 0.35966010 0.36425964 0.35913773 0.36289904 
0.35845149 0.36152242 0.35928154 0.36196393 0.36013315 0.36106901 0.35963876 0.36488447 0.35896615 0.36226952 
0.35788332 0.36212351 0.35996333 0.36131693 0.36017279 0.36100056 0.35939554 0.36363735 0.35971880 0.36232879 
0.35751177 0.36229123 0.35979924 0.36160452 0.35887932 0.36151589 0.35986399 0.36350975 0.35886092 0.36153468 
0.35736193 0.36134180 0.35941182 0.36132667 0.35935909 0.36152360 0.35960896 0.36248898 0.35964216 0.36208591 
0.35745898 0.36128757 0.35933054 0.36079416 0.35973618 0.36153843 0.36034762 0.36277153 0.36111654 0.36155435 
0.35781875 0.36169773 0.35850132 0.36070513 0.35924945 0.36041537 0.36099583 0.36293617 0.35993377 0.36134132 
0.35832933 0.36101674 0.35885574 0.36016904 0.35910805 0.35990669 0.36149911 0.36252447 0.35952414 0.36271835 
0.35865737 0.36214427 0.35877199 0.36004084 0.36079402 0.35944495 0.36088868 0.36204869 0.35971572 0.36244485 
0.35916773 0.36300662 0.35854804 0.36079978 0.36093112 0.36002912 0.36207959 0.36132797 0.35910075 0.36264569 
0.35906857 0.36441956 0.35800200 0.36033601 0.36128238 0.35971517 0.36053137 0.36075501 0.35891720 0.36329160 
0.35791857 0.36403350 0.35827217 0.36066821 0.36198006 0.36096979 0.36134430 0.36158662 0.36030434 0.36382174 
0.35866892 0.36255323 0.35854540 0.36019538 0.36215132 0.36125664 0.36178781 0.36221719 0.36210517 0.36315054 
0.35919547 0.36157559 0.35888934 0.36064421 0.36319268 0.36311852 0.36174577 0.36084769 0.36180117 0.36210519 
0.35851687 0.36091434 0.35772175 0.36140288 0.36253241 0.36156666 0.36104091 0.36186780 0.36238242 0.36102110 
0.35838394 0.36161260 0.35825058 0.36220630 0.36336703 0.36169007 0.36104766 0.36167290 0.36294506 0.36075416 
0.35973910 0.36174817 0.35778241 0.36283738 0.36373209 0.36134860 0.36053932 0.36153864 0.36353832 0.36166416 
0.35995264 0.36145896 0.35758515 0.36211447 0.36440864 0.36200886 0.36186225 0.36117604 0.36329256 0.36183594 
0.35961410 0.36129979 0.35683404 0.36164794 0.36376331 0.36104010 0.36331332 0.36124903 0.36440957 0.36282019 
0.35980439 0.35989246 0.35817201 0.36209235 0.36374125 0.36054140 0.36422598 0.36251868 0.36399455 0.36295796 
0.35986808 0.35967588 0.35744544 0.36110629 0.36401985 0.36043079 0.36466978 0.36216646 0.36434255 0.36213260 
0.35900585 0.36080585 0.35823154 0.36078021 0.36484008 0.36055889 0.36445192 0.36132194 0.36307501 0.36149185 
0.35888544 0.36065855 0.35850624 0.36167783 0.36420576 0.35984641 0.36523581 0.36116383 0.36222400 0.36142398 
0.35797494 0.36058181 0.35861602 0.36006260 0.36286978 0.36005475 0.36515615 0.36020839 0.36358705 0.36065271 
0.35721099 0.36035645 0.35860870 0.35980642 0.36215603 0.35897709 0.36454108 0.36140795 0.36384280 0.36039154 
0.35710573 0.35984684 0.35852150 0.35950485 0.36268090 0.35892427 0.36462655 0.36136616 0.36337875 0.35980015 
0.35774590 0.36028297 0.35817828 0.35998082 0.36273061 0.35884070 0.36398337 0.36089782 0.36436231 0.36009436 
0.35813873 0.35957206 0.35803884 0.35963811 0.36250378 0.35979214 0.36367219 0.36102482 0.36442125 0.36008085 
0.35740256 0.35979940 0.35748755 0.35944124 0.36347093 0.36003451 0.36382115 0.36081707 0.36434899 0.36157243 
0.35797716 0.36038027 0.35816324 0.35919380 0.36321881 0.36002115 0.36422516 0.36119790 0.36488263 0.36207185 
0.35834681 0.35948116 0.35857815 0.35877019 0.36224612 0.36063913 0.36411510 0.36183968 0.36512415 0.36329091 
0.35762913 0.36011179 0.35872812 0.35894795 0.36071231 0.36084732 0.36503815 0.36148298 0.36572900 0.36275548 
0.35829445 0.36036563 0.35849025 0.35918139 0.36061020 0.36049078 0.36511452 0.36141115 0.36480249 0.36253917 
0.35798482 0.36103482 0.35776329 0.35976149 0.36042232 0.36081169 0.36550756 0.36145620 0.36396356 0.36352426 
0.35776039 0.36193737 0.35717908 0.35964328 0.35989855 0.36113944 0.36588059 0.36170352 0.36329268 0.36413233 
0.35822742 0.36255465 0.35793181 0.36028596 0.35839455 0.36005379 0.36442356 0.36209840 0.36341834 0.36412571 
0.35904808 0.36158193 0.35778961 0.36051409 0.35855780 0.35999270 0.36385434 0.36202679 0.36349862 0.36604204 
0.35985877 0.36098197 0.35804093 0.36097223 0.35831543 0.36067561 0.36372660 0.36166616 0.36413028 0.36651855 
0.35977103 0.36067151 0.35836938 0.36138997 0.35781932 0.36076074 0.36451900 0.36219045 0.36402014 0.36464685 
0.35930578 0.36017071 0.35814075 0.36100819 0.35868409 0.36047292 0.36503749 0.36287806 0.36414679 0.36421049 
0.36051255 0.35921743 0.35776758 0.36155329 0.35905670 0.36039089 0.36439487 0.36387125 0.36359808 0.36456083 
0.36095827 0.35832463 0.35809941 0.36229388 0.35909274 0.35992471 0.36393026 0.36398055 0.36376893 0.36430844 
0.36109459 0.35881866 0.35858668 0.36115101 0.35918538 0.36054282 0.36433352 0.36337655 0.36306012 0.36398418 
0.36034268 0.35950629 0.35868211 0.36154241 0.35917493 0.36079617 0.36358197 0.36335810 0.36316440 0.36334296 
0.35984397 0.35976845 0.36044314 0.36179266 0.35879807 0.36173454 0.36304512 0.36265229 0.36360189 0.36352496 
0.36052427 0.35917201 0.36081217 0.36056189 0.35852996 0.36173497 0.36219615 0.36358884 0.36303068 0.36349631 
0.36095740 0.35999105 0.36158841 0.36092518 0.35859711 0.36263395 0.36191085 0.36380622 0.36315325 0.36355327 
0.36015039 0.36055554 0.36095536 0.36081642 0.35702765 0.36444291 0.36157087 0.36383372 0.36374047 0.36359739 
0.36119687 0.36017010 0.36107770 0.35996674 0.35776613 0.36393393 0.36279476 0.36465716 0.36349794 0.36329381 
0.36075466 0.35997173 0.36136769 0.35918211 0.35875551 0.36327200 0.36262517 0.36352817 0.36337525 0.36314951 
0.35937457 0.36026222 0.36140575 0.35943502 0.35944990 0.36380387 0.36173396 0.36330585 0.36175468 0.36349747 
0.36044037 0.35978344 0.36176724 0.36027741 0.35963826 0.36449954 0.36347721 0.36435554 0.36248852 0.36234797 
0.35983774 0.36009092 0.36124156 0.36144361 0.35877380 0.36363123 0.36344289 0.36490233 0.36261821 0.36304408 
0.36019656 0.36009845 0.36172503 0.36042066 0.35954309 0.36455451 0.36357503 0.36532947 0.36444024 0.36319187 
0.36052775 0.35964004 0.36100136 0.36047540 0.35970379 0.36323334 0.36348096 0.36480684 0.36337411 0.36423487 
0.36047432 0.35812396 0.36103584 0.36116544 0.35901245 0.36329474 0.36248646 0.36532437 0.36353868 0.36448099 
0.36087234 0.35753841 0.36223621 0.36057988 0.35866518 0.36266214 0.36175170 0.36601584 0.36324109 0.36435099 
0.36041743 0.35681988 0.36174989 0.36140173 0.35988300 0.36262324 0.36197937 0.36547950 0.36200283 0.36453135 
0.36173489 0.35692098 0.36206306 0.36093830 0.35978374 0.36233471 0.36192331 0.36540213 0.36254192 0.36428007 
0.36247646 0.35576256 0.36251724 0.36051482 0.35909290 0.36249051 0.36095904 0.36460483 0.36290781 0.36443517 
0.36220601 0.35561942 0.36117588 0.36018872 0.35938372 0.36331126 0.36226907 0.36450334 0.36262641 0.36433425 
0.36183691 0.35590855 0.36232532 0.35887686 0.35944903 0.36367773 0.36184570 0.36400489 0.36230716 0.36462459 
0.36098648 0.35680650 0.36228541 0.35877990 0.35900090 0.36350977 0.36183612 0.36333857 0.36197669 0.36429656 
0.36135365 0.35552884 0.36300286 0.36012781 0.35824276 0.36222941 0.36157307 0.36286150 0.36213433 0.36447527 
0.36230224 0.35515834 0.36227756 0.35971811 0.35851629 0.36098197 0.36118177 0.36244377 0.36216118 0.36387613 
0.36256691 0.35592243 0.36227122 0.35914794 0.35959274 0.36153495 0.36054219 0.36163606 0.36095729 0.36390410 
0.36250876 0.35657209 0.36197928 0.35962047 0.36038330 0.36058817 0.35922346 0.36122076 0.36240201 0.36410001 
0.36234961 0.35652151 0.36242813 0.36007594 0.35978322 0.36014678 0.35873463 0.36117803 0.36329504 0.36406674 
0.36067920 0.35731445 0.36213435 0.36027701 0.35869803 0.36054670 0.35868469 0.36096946 0.36316050 0.36444088 
0.35998949 0.35758371 0.36278808 0.35978007 0.35838431 0.36105561 0.35888524 0.36112129 0.36153657 0.36419382 
0.36058714 0.35773671 0.36124449 0.35995988 0.35886519 0.36040721 0.35956859 0.36103337 0.36103867 0.36326316 
0.36136744 0.35831722 0.36211641 0.35977341 0.35876765 0.36011646 0.35921780 0.36187579 0.36131257 0.36408954 
0.36090776 0.35881546 0.36229867 0.36013646 0.35940732 0.36013736 0.35835190 0.36125550 0.36191563 0.36434871 
0.36150841 0.35904508 0.36336853 0.36123258 0.36027383 0.35993175 0.36001837 0.36091115 0.36353096 0.36388210 
0.36293357 0.35836735 0.36324011 0.36168197 0.35963826 0.35964561 0.36008736 0.36091277 0.36361628 0.36358402 
0.36328167 0.35858221 0.36276421 0.36189084 0.35971668 0.35958394 0.36051750 0.36110439 0.36393388 0.36236142 
0.36192107 0.35884733 0.36299864 0.36270731 0.35976921 0.36065299 0.36033094 0.36184532 0.36389603 0.36290976 
0.36340414 0.36073173 0.36228360 0.36098553 0.35907172 0.36088853 0.35892305 0.36178007 0.36406153 0.36201719 
0.36385466 0.36005672 0.36277037 0.36096967 0.35892477 0.36198223 0.35933801 0.36135895 0.36394083 0.36156722 
0.36462014 0.36012678 0.36262137 0.36056017 0.35817951 0.36211183 0.35927023 0.36180562 0.36533498 0.36024084 
0.36364444 0.36034166 0.36193388 0.36024401 0.35922992 0.36213922 0.35871412 0.36191857 0.36543692 0.36038038 
0.36390967 0.35980625 0.36029617 0.35982842 0.35895403 0.36238313 0.35816526 0.36140577 0.36575850 0.36052803 
0.36377128 0.36039672 0.36127007 0.35975228 0.35848683 0.36218264 0.35833064 0.36087980 0.36469492 0.36083832 
0.36339979 0.36157338 0.36086073 0.35958183 0.35851630 0.36265839 0.35953705 0.36033056 0.36606153 0.35982659 
0.36297973 0.36232473 0.36097999 0.35790222 0.35854217 0.36223136 0.35949127 0.35994113 0.36707698 0.36006895 
0.36292896 0.36109157 0.36242818 0.35840805 0.35730035 0.36177349 0.35962822 0.35983868 0.36773389 0.36058606 
0.36316014 0.36122833 0.36137615 0.35773642 0.35688137 0.36240878 0.36002370 0.35947622 0.36734502 0.36003489 
0.36146903 0.36114632 0.36171618 0.35834263 0.35728732 0.36302268 0.36087194 0.35863582 0.36758045 0.36018470 
0.36093261 0.36001113 0.36182459 0.35893820 0.35768809 0.36393947 0.36090934 0.35870423 0.36675437 0.36036726 
0.36062980 0.36024735 0.36224546 0.35873042 0.35856532 0.36400287 0.36189509 0.35857261 0.36671056 0.36118999 
0.36144611 0.36051981 0.36213125 0.35876917 0.35801949 0.36348295 0.36165338 0.35802094 0.36579789 0.36102989 
0.36281624 0.36212170 0.36090450 0.35844502 0.35872581 0.36359650 0.36215885 0.35714679 0.36600607 0.36028132 
0.36149597 0.36183144 0.36188387 0.35971152 0.35826538 0.36296798 0.36179565 0.35701680 0.36558005 0.35936113 
0.36233625 0.36038392 0.36168805 0.36020217 0.35865262 0.36304464 0.36121882 0.35774107 0.36606623 0.35923320 
0.36199438 0.35937507 0.36048588 0.36013347 0.35851639 0.36302571 0.36253942 0.35785479 0.36457890 0.36023490 
0.36088929 0.35963838 0.36144516 0.35920506 0.35942441 0.36370359 0.36251866 0.35825716 0.36490019 0.36041323 
0.36025796 0.36022642 0.36124367 0.35807257 0.35898873 0.36366470 0.36345744 0.35869713 0.36426442 0.36031126 
0.35986127 0.36000090 0.35995910 0.35843257 0.36040277 0.36452345 0.36423068 0.35947831 0.36418814 0.36141944 
0.36035976 0.35931203 0.35945749 0.35911430 0.36125211 0.36411523 0.36449006 0.35905453 0.36414542 0.36145482 
0.36112813 0.35954077 0.35889609 0.35814420 0.36187502 0.36556243 0.36399161 0.35931867 0.36301871 0.36196153 
0.36063064 0.35856390 0.35804167 0.35788389 0.36232897 0.36636506 0.36367179 0.35920813 0.36258764 0.36230511 
0.36147649 0.35594508 0.35783448 0.35762542 0.36203699 0.36673616 0.36287058 0.35939545 0.36335442 0.36270810 
0.36149812 0.35564372 0.35722332 0.35855519 0.36280449 0.36784567 0.36387072 0.35980455 0.36305434 0.36339339 
0.36133942 0.35523697 0.35726489 0.35896782 0.36169946 0.36665019 0.36351253 0.36025046 0.36260952 0.36308408 
0.35932632 0.35698278 0.35809871 0.35876772 0.36175590 0.36662550 0.36298130 0.35899989 0.36350734 0.36362924 
0.36013825 0.35633502 0.35975306 0.35926693 0.36137148 0.36687816 0.36245824 0.35894829 0.36306246 0.36345193 
0.35960272 0.35594643 0.35952374 0.35935796 0.36120397 0.36575479 0.36208249 0.35932358 0.36374997 0.36294574 
0.35971364 0.35612965 0.35943190 0.35976995 0.36037444 0.36521242 0.36196140 0.35919457 0.36406926 0.36400057 
0.36052806 0.35620436 0.36009296 0.35911071 0.36050939 0.36435432 0.36189827 0.36013163 0.36468944 0.36561507 
0.36134252 0.35795833 0.36046810 0.35934609 0.36044116 0.36353361 0.36075630 0.35978042 0.36445117 0.36517661 
0.36075974 0.35891504 0.36047626 0.35955067 0.36027104 0.36434856 0.35992098 0.35996117 0.36507158 0.36526026 
0.36114382 0.35875683 0.35960174 0.35982208 0.35932762 0.36468190 0.36010144 0.36066551 0.36365770 0.36491256 
0.36039461 0.35819230 0.35960234 0.35998283 0.35938870 0.36442484 0.36039830 0.35946016 0.36426924 0.36453442 
0.36027460 0.35880534 0.36029267 0.35947196 0.35893031 0.36457679 0.36100093 0.35938649 0.36206148 0.36394868 
0.35969242 0.35807543 0.36009230 0.35932167 0.35896343 0.36464071 0.36284515 0.35917938 0.36241112 0.36377123 
0.36093794 0.35799731 0.36093218 0.35827733 0.35881285 0.36395583 0.36303991 0.35855947 0.36196039 0.36392618 
0.36227428 0.35796214 0.36116405 0.35679074 0.35948188 0.36351907 0.36445059 0.35938611 0.36164469 0.36456565 
0.36258472 0.35905633 0.36159162 0.35631616 0.35971420 0.36332403 0.36343077 0.35914831 0.36134689 0.36368280 
0.36336301 0.36052504 0.36117513 0.35643190 0.35795808 0.36365089 0.36214522 0.36081916 0.36096026 0.36242583 
0.36485295 0.36112284 0.35982997 0.35603664 0.35856665 0.36421846 0.36210370 0.36027117 0.36075535 0.36204396 
0.36464489 0.36103963 0.35995792 0.35525286 0.35870927 0.36357218 0.36269671 0.35934015 0.36011605 0.36116791 
0.36563312 0.36052879 0.35967024 0.35602184 0.35748758 0.36422200 0.36415978 0.35975406 0.35926781 0.36101911 
0.36523751 0.36033002 0.35969644 0.35613097 0.35631040 0.36361758 0.36462285 0.35941570 0.35927774 0.36141890 
0.36528794 0.36043958 0.35899513 0.35679525 0.35703172 0.36413401 0.36401076 0.35873581 0.36014985 0.36174289 
0.36557356 0.35996450 0.35917192 0.35578895 0.35662082 0.36410341 0.36556951 0.35901523 0.36031482 0.36055582 
0.36574974 0.36022481 0.35913624 0.35544828 0.35746654 0.36339971 0.36603571 0.35925952 0.35926346 0.36022177 
0.36522150 0.35972965 0.35865672 0.35624493 0.35821085 0.36377332 0.36631103 0.35943906 0.35973768 0.35870056 
0.36534945 0.36007831 0.35943128 0.35629556 0.35807621 0.36406944 0.36682983 0.35947734 0.35961503 0.35959093 
0.36637684 0.36019971 0.36033859 0.35664956 0.35865700 0.36302947 0.36712146 0.36009280 0.36012655 0.36120677 
0.36455232 0.36030857 0.35955228 0.35612456 0.35875998 0.36385974 0.36683638 0.36080360 0.36109125 0.36126027 
0.36460458 0.35934862 0.36014696 0.35635735 0.35920300 0.36372842 0.36677313 0.36070774 0.36185794 0.35961354 
0.36270329 0.35873682 0.36029753 0.35698838 0.35880698 0.36333923 0.36686704 0.36148200 0.36193552 0.35905042 
0.36266050 0.35918016 0.36158859 0.35541524 0.35761315 0.36372918 0.36693247 0.36180563 0.36121620 0.35872640 
0.36307553 0.35919545 0.36259014 0.35546492 0.35721160 0.36407755 0.36667867 0.36210078 0.36233863 0.35815636 
0.36379486 0.35917931 0.36288057 0.35641415 0.35677130 0.36393009 0.36711649 0.36140749 0.36233316 0.35825365 
0.36468345 0.36031387 0.36263758 0.35678074 0.35515426 0.36469216 0.36705246 0.36154516 0.36261587 0.35712838 
0.36460917 0.36088907 0.36269108 0.35812135 0.35605977 0.36427873 0.36766059 0.36268584 0.36236587 0.35723470 
0.36455572 0.36191858 0.36206139 0.35782268 0.35680927 0.36308235 0.36764132 0.36276088 0.36287229 0.35643185 
0.36463993 0.36226126 0.36102132 0.35887247 0.35793765 0.36364605 0.36807129 0.36243421 0.36217419 0.35657490 
0.36501960 0.36215778 0.36088194 0.35933100 0.35767875 0.36354400 0.36886726 0.36291075 0.36234712 0.35637928 
0.36488654 0.36163012 0.36159393 0.35931514 0.35834414 0.36427864 0.36832132 0.36211342 0.36121937 0.35711857 
0.36571947 0.36157752 0.36124989 0.36069700 0.35856114 0.36363533 0.36836144 0.36277267 0.36073154 0.35737796 
0.36521043 0.36106756 0.36123570 0.36108249 0.35880245 0.36260465 0.36783346 0.36206087 0.36068732 0.35763333 
0.36496601 0.36122777 0.36036033 0.36014427 0.35861544 0.36264915 0.36809003 0.36250859 0.35926946 0.35781429 
0.36475629 0.36156715 0.36144040 0.35989046 0.35970723 0.36297023 0.36633271 0.36194135 0.35923835 0.35745660 
0.36508312 0.36157363 0.36090530 0.35978928 0.35946492 0.36301660 0.36582194 0.36156518 0.35756499 0.35738717 
0.36401961 0.36108603 0.36032529 0.35998465 0.35867161 0.36348170 0.36551415 0.36149686 0.35709395 0.35774796 
0.36412167 0.36186566 0.36045662 0.36210823 0.35999848 0.36305868 0.36482377 0.36094746 0.35636918 0.35782419 
0.36433233 0.36230775 0.35947012 0.36258395 0.36025471 0.36316009 0.36360554 0.36057263 0.35494530 0.35690581 
0.36517889 0.36113786 0.35965008 0.36302718 0.36040644 0.36228397 0.36374693 0.36229678 0.35475164 0.35812599 
0.36399734 0.36120748 0.35992368 0.36282163 0.36003214 0.36243269 0.36387938 0.36220798 0.35520629 0.35775251 
0.36468435 0.36154719 0.35858655 0.36210376 0.36087714 0.36207718 0.36360398 0.36168142 0.35464819 0.35700583 
0.36457304 0.36182549 0.35911758 0.36159597 0.36071120 0.36128489 0.36363372 0.36053326 0.35492567 0.35767279 
0.36360839 0.36149536 0.35806088 0.36064543 0.36123688 0.36074699 0.36356995 0.36180950 0.35642128 0.35836093 
0.36317105 0.36211157 0.35930052 0.36090893 0.36145004 0.36004253 0.36330794 0.36262316 0.35628553 0.35854290 
0.36255004 0.36148401 0.35980171 0.36152116 0.36402754 0.35984283 0.36280099 0.36298122 0.35640391 0.35855120 
0.36237915 0.36107179 0.35876385 0.36065370 0.36327513 0.35939434 0.36307417 0.36304489 0.35601718 0.35880832 
0.36204808 0.36067934 0.35923329 0.36060491 0.36224480 0.35963084 0.36231208 0.36328931 0.35658465 0.35857365 
0.36181051 0.36067605 0.35975184 0.36059895 0.36249398 0.35982109 0.36266362 0.36231417 0.35637634 0.35905377 
0.36105572 0.36156104 0.36015964 0.36006903 0.36330396 0.35913049 0.36155694 0.36195175 0.35692682 0.35827778 
0.36098208 0.36087640 0.36079139 0.35982671 0.36391241 0.35819819 0.36094865 0.36149685 0.35728833 0.35912796 
0.36131971 0.36149705 0.36170715 0.35988558 0.36343680 0.35867832 0.36088984 0.36214318 0.35794200 0.35964438 
0.36188746 0.36009935 0.36185603 0.36098077 0.36377303 0.35889243 0.35937856 0.36236334 0.35881334 0.36100092 
0.36134531 0.36081260 0.36229350 0.36094751 0.36283756 0.35847301 0.35997220 0.36207122 0.35844020 0.36099894 
0.36134924 0.36098598 0.36362192 0.36045230 0.36109918 0.35905040 0.35986400 0.36282501 0.35932169 0.36016756 
0.36221362 0.36025489 0.36339448 0.36031987 0.36231664 0.35901475 0.35841152 0.36304468 0.35988856 0.36033433 
0.36252728 0.36005921 0.36413694 0.36084564 0.36116081 0.36120761 0.35838731 0.36299329 0.36101253 0.36098019 
0.36315527 0.36012640 0.36325815 0.36155033 0.36235676 0.36039466 0.35818864 0.36303964 0.36161705 0.35943486 
0.36258613 0.35953834 0.36409630 0.36107635 0.36224386 0.36071248 0.35806038 0.36241511 0.36193441 0.36064295 
0.36251434 0.35983959 0.36402462 0.36115697 0.36172173 0.36121889 0.35778519 0.36159157 0.36171954 0.36117966 
0.36383506 0.36014529 0.36306518 0.36062474 0.36106208 0.36126474 0.35763066 0.36226375 0.36192721 0.36184097 
0.36357410 0.35985567 0.36343061 0.36150487 0.36072300 0.36152801 0.35729327 0.36235102 0.36097970 0.36190834 
0.36326965 0.35933342 0.36250601 0.36188025 0.35926937 0.36193713 0.35714345 0.36197044 0.36081682 0.36281069 
0.36318949 0.35900271 0.36190743 0.36218525 0.35886383 0.36173138 0.35792488 0.36219341 0.36016869 0.36220794 
0.36216903 0.35914126 0.36134462 0.36203601 0.35783428 0.36242846 0.35721655 0.36231203 0.36006312 0.36326723 
0.36168716 0.35886407 0.36160188 0.36171863 0.35826682 0.36130769 0.35633629 0.36151999 0.35894636 0.36216455 
0.36111803 0.35787654 0.36168149 0.36207412 0.35780902 0.36160543 0.35503689 0.36150260 0.35975903 0.36212196 
0.36175042 0.35810473 0.36226653 0.36229079 0.35865147 0.36145978 0.35556625 0.36082297 0.35837780 0.36162568 
0.36157276 0.35852394 0.36179305 0.36275089 0.35783173 0.36133894 0.35529930 0.35997142 0.35839709 0.36162358 
0.36184798 0.35840785 0.36107202 0.36314517 0.35903688 0.36175084 0.35604331 0.36074947 0.35891057 0.36203285 
0.36259875 0.35939151 0.36105550 0.36219137 0.35881688 0.36208693 0.35615981 0.36107306 0.35886408 0.36100204 
0.36134261 0.35923872 0.36160042 0.36243450 0.35853963 0.36257726 0.35635816 0.36176545 0.35912469 0.36172509 
0.36316151 0.35924434 0.36187732 0.36293049 0.35905563 0.36184767 0.35768625 0.36196428 0.35911265 0.36241546 
