0.00182058
0.00723325
0.0158834
0.0273669
0.0409632
0.055977
0.0719326
0.088308
0.104358
0.119821
0.134172
0.147802
0.160289
0.171972
0.181954
0.191134
0.198999
0.206726
0.212765
0.218147
0.223226
0.227541
0.231325
0.235331
0.238743
0.241355
0.244046
0.246343
0.248529
0.250633
0.252263
0.253853
0.25569
0.257151
0.257852
0.258453
0.259238
0.260306
0.260976
0.261064
0.261321
0.261849
0.26223
0.262674
0.262965
0.262928
0.262848
0.262816
0.263409
0.263229
0.263464
0.26277
0.262954
0.263226
0.263392
0.263607
0.263828
0.26451
0.264547
0.265119
0.265389
0.265401
0.265265
0.265492
0.265256
0.265775
0.265299
0.265993
0.265795
0.265903
0.265661
0.265063
0.265088
0.265086
0.264557
0.264372
0.264762
0.264746
0.265682
0.266089
0.265736
0.265267
0.264945
0.264714
0.264976
0.265067
0.265618
0.265716
0.265309
0.265025
0.264685
0.265186
0.264898
0.26467
0.264737
0.265161
0.264788
0.265153
0.265454
0.265054
0.264767
0.264832
0.264843
0.26467
0.264852
0.265102
0.26589
0.265644
0.266171
0.26693
0.266815
0.266466
0.266045
0.265552
0.265517
0.265425
0.265328
0.26566
0.26581
0.265743
0.265427
0.265787
0.265885
0.266097
0.265731
0.266108
0.266193
0.265876
0.265856
0.265914
0.265386
0.26601
0.266178
0.266647
0.266286
0.266135
0.266265
0.265916
0.266319
0.266276
0.265887
0.265872
0.265324
0.264959
0.264086
0.263567
0.263445
0.263684
0.264106
0.264275
0.264553
0.264532
0.264526
0.264833
0.264992
0.265255
0.265356
0.265552
0.265108
0.265227
0.265059
0.265043
0.265208
0.265194
0.265332
0.26598
0.265656
0.265812
0.265027
0.265175
0.26489
0.264844
0.265038
0.265174
0.265493
0.265991
0.265848
0.265116
0.265444
0.265119
0.265105
0.265146
0.265793
0.266032
0.266423
0.266761
0.26701
0.267155
0.266926
0.266421
0.26619
0.265998
0.266
0.265686
0.26577
0.265678
0.265402
0.265069
0.264965
0.265986
0.266074
0.265734
0.265145
0.2651
0.265045
0.265573
0.26598
0.266446
0.266292
0.266081
0.266365
0.266564
0.266197
0.265789
0.265867
0.264916
0.265495
0.26551
0.26529
0.265476
0.266062
0.266083
0.265749
0.265765
0.266099
0.265539
0.265614
0.265425
0.265071
0.264835
0.264761
0.264837
0.265334
0.265213
0.265084
0.265141
0.265039
0.265316
0.264927
0.264792
0.264839
0.264511
0.264476
0.264806
0.264562
0.264504
0.26457
0.264212
0.264273
0.264314
0.264348
0.264011
0.263487
0.263656
0.264116
0.26401
0.264607
0.264814
0.264605
0.264392
0.264433
0.264921
0.264824
0.265164
0.264854
0.265603
0.265949
0.266098
0.266644
0.266234
0.265865
0.26603
0.265637
0.265668
0.266047
0.265889
0.266509
0.266495
0.266668
0.266709
0.266588
0.266439
0.266615
0.266362
0.26631
0.266561
0.266884
0.266906
0.266897
0.266754
0.266227
0.266817
0.266903
0.266824
0.26678
0.266577
0.266592
0.266982
0.266648
0.266432
0.266722
0.266331
0.266769
0.266486
0.266899
0.266124
0.265767
0.265914
0.266049
0.265844
0.266213
0.266247
0.266103
0.265594
0.266149
0.26565
0.265967
0.265392
0.264962
0.264804
0.264566
0.264047
0.26439
0.26408
0.264299
0.264753
0.26517
0.264792
0.265675
0.265903
0.266145
0.265517
0.265774
0.266086
0.266109
0.266079
0.266371
0.265839
0.265544
0.265463
0.264827
0.26463
0.264524
0.264505
0.264304
0.264717
0.265298
0.26558
0.265585
0.265621
0.265895
0.265726
0.265471
0.265707
0.266012
0.266242
0.266345
0.266247
0.266263
0.266222
0.266267
0.266825
0.266441
0.26676
0.26626
0.266692
0.266311
0.265974
0.266642
0.266734
0.267518
0.267087
0.266992
0.266842
0.266732
0.26663
0.266361
0.266602
0.266302
0.265792
0.265769
0.265178
0.265324
0.265416
0.265503
0.265108
0.264781
0.264692
0.26538
0.265475
0.266097
0.266159
0.266243
0.266438
0.26614
0.2662
0.266491
0.266221
0.265721
0.265666
0.265784
0.265529
0.265575
0.265259
0.265243
0.264941
0.265432
0.265088
0.265266
0.265165
0.264944
0.264816
0.264997
0.265019
0.265321
0.265211
0.265267
0.265242
0.265225
0.265855
0.265297
0.265336
0.265559
0.26554
0.265468
0.266137
0.266087
0.266142
0.26591
0.265512
0.265144
0.264879
0.264837
0.26525
0.265149
0.265107
0.26514
0.26442
0.264447
0.264308
0.264269
0.264204
0.264436
0.264179
0.264759
0.265197
0.265172
0.26528
0.265116
0.264826
0.265078
0.265397
0.265672
0.266516
0.266179
0.266431
0.266647
0.266785
0.266985
0.266299
0.266085
0.265802
0.26543
0.264821
0.265203
0.264723
0.265115
0.265191
0.264872
0.26467
0.264957
0.26532
0.265491
0.264984
0.265169
0.265209
0.265196
0.265136
0.265431
0.265602
0.265228
0.265306
0.265469
0.266004
0.26608
0.26605
0.266383
0.266488
0.266005
0.265411
0.26517
0.264855
0.26441
0.264209
0.26409
0.263676
0.26435
0.264607
0.264774
0.26541
