0.00183336 0.00183710 0.00181544 0.00183559 0.00185450 0.00179411 0.00179892 0.00181158 0.00181592 0.00180923 
0.00732238 0.00734077 0.00721907 0.00718951 0.00739012 0.00720976 0.00709177 0.00717363 0.00719713 0.00719836 
0.01595768 0.01602944 0.01592679 0.01573653 0.01631781 0.01594986 0.01561442 0.01564752 0.01592632 0.01572806 
0.02778714 0.02725146 0.02772126 0.02702792 0.02785986 0.02748329 0.02711320 0.02719781 0.02715793 0.02706929 
0.04121961 0.04078286 0.04146926 0.04067269 0.04211514 0.04083777 0.04065458 0.04075597 0.04069361 0.04043034 
0.05599758 0.05565342 0.05654280 0.05575382 0.05753898 0.05626989 0.05515359 0.05593259 0.05545416 0.05547353 
0.07216531 0.07080312 0.07217482 0.07167160 0.07409433 0.07275561 0.07097004 0.07212662 0.07198087 0.07058333 
0.08789750 0.08675983 0.08898123 0.08857616 0.09132050 0.08892229 0.08746404 0.08854584 0.08798725 0.08662514 
0.10383258 0.10253589 0.10518796 0.10408590 0.10794556 0.10411254 0.10301929 0.10522359 0.10431036 0.10332178 
0.11926507 0.11799156 0.12114262 0.11929450 0.12374592 0.12008036 0.11843870 0.12029296 0.11919437 0.11876528 
0.13430940 0.13152060 0.13553325 0.13372371 0.13812868 0.13341954 0.13419229 0.13368098 0.13365340 0.13355660 
0.14844981 0.14373910 0.14779011 0.14782423 0.15164338 0.14590526 0.14985285 0.14765218 0.14741167 0.14774832 
0.16068192 0.15557709 0.16015120 0.16078228 0.16283956 0.15825207 0.16290212 0.15986641 0.16015074 0.16168337 
0.17289016 0.16679785 0.17095515 0.17242912 0.17613255 0.17016503 0.17425258 0.17174691 0.17150661 0.17284425 
0.18329603 0.17593629 0.18039840 0.18250824 0.18552490 0.18102915 0.18582747 0.18043676 0.18118066 0.18340598 
0.19169151 0.18680855 0.19127125 0.19142781 0.19356071 0.19027544 0.19409458 0.18979779 0.19110768 0.19130747 
0.20002007 0.19516949 0.20017242 0.20049624 0.20104954 0.19677528 0.20306302 0.19666506 0.19821254 0.19836777 
0.20649054 0.20380576 0.20899648 0.20770942 0.20932525 0.20534479 0.21039889 0.20318903 0.20599792 0.20599992 
0.21316910 0.21009857 0.21416134 0.21616256 0.21301308 0.21200735 0.21581649 0.21033597 0.21107157 0.21181375 
0.21810209 0.21554273 0.22032056 0.22215938 0.21839527 0.21663912 0.22110023 0.21554198 0.21626339 0.21740977 
0.22253702 0.22168420 0.22577226 0.22748415 0.22320583 0.22189615 0.22551776 0.22187578 0.22077596 0.22150932 
0.22730554 0.22549300 0.22980682 0.23118387 0.22811705 0.22609442 0.22975391 0.22586440 0.22594516 0.22584450 
0.23062141 0.22883820 0.23248976 0.23438336 0.23474875 0.22898629 0.23453248 0.22942746 0.23052991 0.22869008 
0.23391853 0.23260631 0.23540381 0.23821904 0.24023495 0.23201650 0.24019695 0.23426148 0.23307196 0.23338195 
0.23742548 0.23618821 0.23924469 0.24027889 0.24385580 0.23611120 0.24419684 0.23738014 0.23581480 0.23693244 
0.23981434 0.23987370 0.24242588 0.24174867 0.24629535 0.23783741 0.24542466 0.23991422 0.23925676 0.24095718 
0.24338531 0.24307437 0.24463402 0.24409929 0.24842805 0.24105345 0.24808520 0.24281545 0.24048677 0.24439838 
0.24515362 0.24566170 0.24660086 0.24900491 0.24997155 0.24333545 0.24972515 0.24434601 0.24309298 0.24654059 
0.24947621 0.24685559 0.25167095 0.25117644 0.25052988 0.24524607 0.25345512 0.24619393 0.24383625 0.24684647 
0.25075346 0.24933516 0.25315847 0.25375365 0.25187995 0.24758039 0.25526622 0.24935209 0.24503068 0.25021693 
0.25440625 0.25055352 0.25515441 0.25482211 0.25357993 0.24894848 0.25539528 0.25124854 0.24667174 0.25185086 
0.25716922 0.25350236 0.25572272 0.25734698 0.25379066 0.24938535 0.25598939 0.25304021 0.24810699 0.25447582 
0.25973196 0.25445327 0.25752669 0.26090786 0.25582332 0.25071400 0.25795421 0.25441761 0.24945649 0.25591157 
0.26146168 0.25678340 0.25828776 0.26305496 0.25744944 0.25273795 0.25859292 0.25612356 0.25111486 0.25590774 
0.26150687 0.25766697 0.25777390 0.26465595 0.25742963 0.25520672 0.25927571 0.25730415 0.25152421 0.25617581 
0.26063553 0.25808582 0.25758242 0.26335121 0.25857840 0.25752218 0.25976013 0.25892475 0.25261271 0.25747627 
0.26033630 0.25913235 0.25910271 0.26435767 0.25864186 0.25757266 0.26164492 0.25917528 0.25325061 0.25917008 
0.26130515 0.26079717 0.25839051 0.26396774 0.25991428 0.26027163 0.26304103 0.26158271 0.25307690 0.26071185 
0.26187832 0.26066403 0.25933737 0.26445409 0.26148045 0.25969014 0.26432394 0.26054725 0.25714009 0.26024828 
0.26303973 0.25815330 0.25976640 0.26463612 0.26165793 0.25898735 0.26264932 0.26262982 0.25851998 0.26060329 
0.26278653 0.25791296 0.26054259 0.26601615 0.26209066 0.25911542 0.26296566 0.26129570 0.26033353 0.26015217 
0.26257200 0.25901635 0.25996727 0.26591309 0.26297645 0.25790944 0.26414413 0.26220507 0.26110065 0.26268131 
0.26299592 0.25899751 0.25981617 0.26660948 0.26094736 0.26023843 0.26492799 0.26273749 0.26160530 0.26342433 
0.26142230 0.26069566 0.26021354 0.26682452 0.26258674 0.26168081 0.26473290 0.26275875 0.26063619 0.26518388 
0.26288004 0.26048035 0.26189732 0.26593176 0.26389029 0.26046800 0.26650481 0.26384617 0.25938935 0.26436286 
0.26355110 0.26064624 0.26349077 0.26572973 0.26203013 0.26029398 0.26661159 0.26388712 0.25701522 0.26602711 
0.26329651 0.26238301 0.26287623 0.26475279 0.26169405 0.25951279 0.26626811 0.26325316 0.25859200 0.26584678 
0.26207589 0.26193804 0.26334397 0.26424042 0.26185357 0.26005979 0.26530110 0.26454980 0.25860239 0.26619812 
0.26284350 0.26321693 0.26374380 0.26363022 0.26303232 0.25987710 0.26784370 0.26378727 0.25986326 0.26625276 
0.26081955 0.26395261 0.26497441 0.26451516 0.26312163 0.25868614 0.26656393 0.26327004 0.26006535 0.26632289 
0.26092305 0.26406339 0.26548994 0.26500986 0.26300911 0.26076217 0.26554319 0.26367967 0.25952177 0.26663818 
0.26124791 0.26124702 0.26667386 0.26455425 0.26433027 0.25880143 0.26296630 0.26327173 0.25927366 0.26533365 
0.26363355 0.26087630 0.26721865 0.26627059 0.26576022 0.25883196 0.25903251 0.26328649 0.26012587 0.26450786 
0.26470209 0.26131108 0.26968773 0.26408786 0.26414441 0.25886411 0.26042087 0.26346696 0.26103945 0.26453778 
0.26297586 0.26180815 0.26862262 0.26222625 0.26421808 0.26097222 0.26011538 0.26390717 0.26499174 0.26408167 
0.26339622 0.26301585 0.26700301 0.26278050 0.26355912 0.26375631 0.26124754 0.26321872 0.26412719 0.26396084 
0.26300715 0.26345592 0.26970163 0.26432128 0.26316036 0.26513356 0.26227332 0.26301038 0.26341269 0.26079878 
0.26394470 0.26439070 0.26912552 0.26314090 0.26439837 0.26542250 0.26409596 0.26278415 0.26379813 0.26399753 
0.26533938 0.26560945 0.26939630 0.26260088 0.26308404 0.26589385 0.26304796 0.26236539 0.26479190 0.26333776 
0.26516628 0.26751509 0.27098234 0.26259046 0.26288129 0.26704286 0.26507873 0.26054374 0.26371662 0.26567069 
0.26720394 0.26910907 0.27107638 0.26378039 0.26162447 0.26832469 0.26459745 0.26094279 0.26300101 0.26422485 
0.26705312 0.26859018 0.27068624 0.26426638 0.26305319 0.26757449 0.26449025 0.26076566 0.26327220 0.26425592 
0.26669342 0.26659503 0.27050292 0.26432709 0.26359153 0.26751614 0.26330521 0.26144268 0.26296556 0.26570574 
0.26584956 0.26561937 0.27222370 0.26470839 0.26340461 0.26645334 0.26466504 0.26157187 0.26388078 0.26654505 
0.26571271 0.26466589 0.27241925 0.26446435 0.26372516 0.26594558 0.26481117 0.26051801 0.26259016 0.26770629 
0.26464169 0.26460609 0.27205029 0.26680981 0.26405363 0.26614378 0.26579735 0.26318245 0.26315811 0.26730728 
0.26157602 0.26535190 0.27010003 0.26744084 0.26243621 0.26581169 0.26576544 0.26394198 0.26315364 0.26740847 
0.26384268 0.26438258 0.26836492 0.26897547 0.26427078 0.26739302 0.26613885 0.26425835 0.26471222 0.26758923 
0.26296116 0.26413707 0.26818469 0.26795983 0.26539626 0.26592557 0.26553095 0.26521433 0.26580018 0.26684079 
0.26229086 0.26384809 0.26834117 0.26744423 0.26588142 0.26565063 0.26544019 0.26640143 0.26807734 0.26564966 
0.26258263 0.26329026 0.26904908 0.26768827 0.26564869 0.26489061 0.26440220 0.26666078 0.26661234 0.26578349 
0.26269757 0.26403497 0.26859829 0.26779666 0.26311328 0.26479692 0.26436672 0.26461636 0.26684459 0.26376468 
0.26155080 0.26425899 0.26801609 0.26733781 0.26287688 0.26670864 0.26603822 0.26400011 0.26553994 0.26455267 
0.26150455 0.26471197 0.26756418 0.26846932 0.26316544 0.26686762 0.26638455 0.26432943 0.26416463 0.26369436 
0.26253858 0.26441178 0.26598094 0.26883707 0.26226633 0.26761211 0.26201677 0.26245352 0.26458332 0.26486729 
0.26290887 0.26277390 0.26497717 0.26706392 0.26254285 0.26751039 0.26247207 0.26411708 0.26489237 0.26446590 
0.26357356 0.26163794 0.26552357 0.26782722 0.26353794 0.26835866 0.26324958 0.26705108 0.26586605 0.26099044 
0.26356814 0.26084924 0.26509104 0.26742580 0.26165176 0.26774753 0.26334276 0.26933896 0.26594402 0.26249926 
0.26300865 0.26418959 0.26634143 0.26873165 0.26120209 0.26873292 0.26346468 0.26953786 0.26544931 0.26616462 
0.26473467 0.26336318 0.26669912 0.26915544 0.26231932 0.26877492 0.26375479 0.27025531 0.26598109 0.26584785 
0.26368377 0.26240551 0.26534712 0.26997970 0.26168903 0.26749860 0.26441897 0.27077729 0.26589900 0.26566350 
0.26334790 0.26189028 0.26572035 0.26887095 0.25938714 0.26752887 0.26474590 0.26926488 0.26712304 0.26478687 
0.26312369 0.26015412 0.26831555 0.26732034 0.25959429 0.26721861 0.26466504 0.26674534 0.26784485 0.26446840 
0.26234177 0.26040112 0.26658070 0.26744398 0.26047949 0.26548133 0.26524213 0.26854626 0.26705074 0.26357452 
0.26240129 0.26241443 0.26548605 0.26806572 0.26217786 0.26447845 0.26562062 0.26926982 0.26580088 0.26404983 
0.26102392 0.26144194 0.26717945 0.26958509 0.26432205 0.26511342 0.26470869 0.26660612 0.26773572 0.26295669 
0.26236238 0.26201281 0.26823950 0.27032268 0.26438027 0.26496873 0.26550307 0.26620572 0.26881645 0.26337070 
0.26426512 0.26460901 0.26847422 0.26879899 0.26288262 0.26388153 0.26456799 0.26755345 0.26858882 0.26353848 
0.26602828 0.26376993 0.26715035 0.26823447 0.26229572 0.26242586 0.26407000 0.26870053 0.26729382 0.26312146 
0.26639680 0.26232259 0.26509552 0.26875743 0.26285907 0.26183405 0.26174009 0.26937289 0.26806314 0.26380732 
0.26533839 0.26287908 0.26594895 0.26899046 0.26338822 0.26041158 0.26147440 0.26834981 0.26624455 0.26382820 
0.26656880 0.26366719 0.26788034 0.26688848 0.26386346 0.25978876 0.26343782 0.26860078 0.26614183 0.26502118 
0.26623862 0.26312847 0.26782211 0.26557663 0.26316081 0.26062278 0.26248439 0.26920453 0.26509860 0.26564461 
0.26315334 0.26648100 0.26773106 0.26685610 0.26226460 0.26135762 0.26050677 0.26723703 0.26656776 0.26454661 
0.26248698 0.26383291 0.26880352 0.26762410 0.26174148 0.26145830 0.25889221 0.26887175 0.26744229 0.26621513 
0.26606500 0.26313078 0.26925730 0.26821313 0.26008242 0.26085338 0.26192927 0.26965805 0.26794784 0.26447675 
0.26544402 0.26081396 0.26974758 0.26672462 0.26062159 0.26113413 0.26238691 0.26947861 0.26672150 0.26480839 
0.26592214 0.26161205 0.26933863 0.26659161 0.26182643 0.26175873 0.26410636 0.26780444 0.26773286 0.26483370 
0.26570730 0.26160563 0.26976160 0.26610048 0.26190049 0.26355760 0.26475385 0.26886700 0.26919125 0.26309112 
0.26646761 0.26252680 0.26856154 0.26482264 0.26105710 0.26490885 0.26388711 0.26810473 0.26780037 0.26240542 
0.26657411 0.26325491 0.26771657 0.26352971 0.26028792 0.26763110 0.26375839 0.26591748 0.26760969 0.26138814 
0.26822607 0.26166212 0.26596695 0.26419379 0.26022114 0.26714160 0.26420745 0.26699378 0.26746761 0.26224442 
0.26913790 0.26070066 0.26569057 0.26447630 0.26139384 0.26670740 0.26305706 0.26620165 0.26786884 0.26319094 
0.26890253 0.25940061 0.26608348 0.26541548 0.26189514 0.26520938 0.26364947 0.26565693 0.26864605 0.26183754 
0.26848107 0.25887401 0.26455997 0.26545429 0.26202400 0.26634075 0.26513620 0.26519303 0.26920735 0.26325432 
0.27135825 0.25869152 0.26418252 0.26462961 0.26270706 0.26677587 0.26411084 0.26411117 0.27019123 0.26425851 
0.26977372 0.26049438 0.26657295 0.26576429 0.26159084 0.26661551 0.26553159 0.26698425 0.26981248 0.26576430 
0.26928607 0.26117829 0.26660089 0.26585946 0.26395231 0.26606225 0.26428535 0.26516952 0.26793237 0.26611508 
0.26873699 0.26206465 0.26710048 0.26726590 0.26429327 0.26770191 0.26343978 0.26449211 0.26879165 0.26781988 
0.26932627 0.26293947 0.26816418 0.26849840 0.26543591 0.26705605 0.26549361 0.26512911 0.26964762 0.26761150 
0.26887997 0.26207500 0.26856039 0.26917428 0.26532000 0.26703545 0.26665591 0.26694897 0.26779974 0.26569554 
0.26787837 0.26138124 0.26890878 0.26839517 0.26363620 0.26716458 0.26779408 0.26596728 0.26644039 0.26709584 
0.26827068 0.26142552 0.26796664 0.26908605 0.26299175 0.26589329 0.26642052 0.26580271 0.26722134 0.26536778 
0.26682331 0.26113267 0.26862891 0.26779003 0.26324016 0.26590859 0.26629640 0.26553488 0.26627625 0.26388587 
0.26819684 0.26266150 0.26807824 0.26871686 0.26090540 0.26566140 0.26635083 0.26499775 0.26596888 0.26363192 
0.26804411 0.26079561 0.26935720 0.26917121 0.25909197 0.26469876 0.26711481 0.26442559 0.26699055 0.26455755 
0.26775841 0.26060980 0.26822596 0.26801583 0.26117249 0.26418667 0.26780927 0.26506645 0.26620442 0.26422789 
0.26717842 0.26180746 0.26940281 0.26859726 0.26189687 0.26358194 0.26662659 0.26515595 0.26775896 0.26459207 
0.26736682 0.26325186 0.26745438 0.26685986 0.26259987 0.26388534 0.26761206 0.26610738 0.26897968 0.26397855 
0.26598656 0.26382101 0.26592962 0.26713063 0.26292165 0.26474111 0.26788067 0.26481582 0.26885794 0.26534207 
0.26417497 0.26520893 0.26482064 0.26745730 0.26236617 0.26488281 0.26569635 0.26497081 0.26801035 0.26667772 
0.26721111 0.26660233 0.26417859 0.26793513 0.26117149 0.26517938 0.26532117 0.26537374 0.26770105 0.26719615 
0.26740965 0.26743938 0.26611299 0.26723925 0.26050837 0.26430287 0.26400113 0.26318995 0.26992811 0.26872106 
0.26638094 0.26685489 0.26532641 0.26847203 0.26061409 0.26578866 0.26372281 0.26384303 0.27123884 0.26873123 
0.26512596 0.26566470 0.26594996 0.26866317 0.26043843 0.26471997 0.26400138 0.26343069 0.27092196 0.26839153 
0.26655048 0.26723028 0.26698644 0.26946478 0.26205709 0.26524519 0.26372912 0.26182496 0.27040205 0.26759356 
0.26733962 0.26746064 0.26612651 0.27025436 0.26259820 0.26435278 0.26339978 0.26441530 0.26888377 0.26709740 
0.26537398 0.26811042 0.26745896 0.26952434 0.26116542 0.26444795 0.26463738 0.26183156 0.27020702 0.26600318 
0.26476016 0.26917418 0.26662110 0.27074751 0.26213425 0.26308223 0.26469732 0.26234103 0.26946251 0.26553951 
0.26391737 0.26989184 0.26872130 0.27006420 0.26111986 0.26352995 0.26404349 0.26389614 0.26877424 0.26517863 
0.26262484 0.26881585 0.26768396 0.26716072 0.25914167 0.26129015 0.26552357 0.26357512 0.27028721 0.26776002 
0.26255257 0.27144299 0.26899944 0.26845955 0.25946053 0.26196587 0.26628211 0.26309015 0.27003249 0.26781784 
0.26309577 0.27012866 0.26967706 0.26995401 0.26021330 0.26388528 0.26382746 0.26329481 0.26974941 0.26795542 
0.26186827 0.27060490 0.27002570 0.27172584 0.26057813 0.26587751 0.26552789 0.26425088 0.27024978 0.26576604 
0.26107563 0.26964263 0.26905933 0.27239700 0.26261940 0.26702070 0.26381919 0.26238743 0.26847291 0.26637019 
0.26049890 0.27115628 0.26842808 0.26993311 0.26404367 0.26677038 0.26491323 0.26221761 0.26776318 0.26562344 
0.26324700 0.27099198 0.26881690 0.27052271 0.26468879 0.26593586 0.26405402 0.26175048 0.26809879 0.26454624 
0.26315322 0.27346504 0.26888130 0.26951063 0.26502457 0.26587471 0.26441930 0.26124485 0.26665063 0.26093468 
0.26383811 0.27365986 0.26795310 0.26952632 0.26643598 0.26534581 0.26623323 0.26066960 0.26699378 0.26253630 
0.26438806 0.27250810 0.26915560 0.27016737 0.26670066 0.26643428 0.26489684 0.26022417 0.26583059 0.26245181 
0.26369296 0.27268713 0.26946074 0.26819155 0.26752076 0.26450246 0.26223936 0.26153177 0.26555649 0.26348690 
0.26377538 0.27271990 0.26860258 0.26915130 0.26669711 0.26348613 0.26419242 0.26194795 0.26616117 0.26198858 
0.26453477 0.27153370 0.26938300 0.26560417 0.26644032 0.26373765 0.26063351 0.26332880 0.26531916 0.26272308 
0.26540654 0.27046139 0.26753006 0.26360705 0.26635345 0.26560331 0.26027236 0.26241592 0.26535498 0.26258879 
0.26436992 0.26803773 0.26629794 0.26509596 0.26520939 0.26475937 0.25881000 0.26143540 0.26464617 0.26220006 
0.26326340 0.26744104 0.26548682 0.26482762 0.26447347 0.26241371 0.25913119 0.26121858 0.26469530 0.26271842 
0.26265242 0.26897833 0.26622407 0.26354718 0.26413847 0.26359196 0.25917527 0.25989924 0.26387357 0.26237386 
0.26423055 0.27036877 0.26673380 0.26327007 0.26334743 0.26474724 0.25857641 0.25860583 0.26338987 0.26356559 
0.26427182 0.26916662 0.26640108 0.26541803 0.26281460 0.26607693 0.25777906 0.26018350 0.26439103 0.26455291 
0.26461682 0.27076567 0.26718366 0.26558647 0.26307826 0.26539671 0.25928232 0.26066795 0.26403455 0.26213685 
0.26577636 0.27193838 0.26714764 0.26559719 0.26257557 0.26461542 0.25928788 0.26126386 0.26369933 0.26362852 
0.26657151 0.27207169 0.26641876 0.26455166 0.26293656 0.26577213 0.25929606 0.26203184 0.26506618 0.26060478 
0.26360457 0.27187611 0.26702393 0.26334204 0.26382272 0.26383650 0.25926988 0.26381719 0.26555586 0.26310948 
0.26315296 0.27082297 0.26688779 0.26394450 0.26425341 0.26405972 0.26017918 0.26562732 0.26582584 0.26358116 
0.26487851 0.27000626 0.26733311 0.26404722 0.26370899 0.26459542 0.25961128 0.26676214 0.26438384 0.26459331 
0.26435722 0.26941829 0.26657993 0.26482200 0.26370297 0.26436584 0.26083221 0.26719006 0.26478491 0.26649815 
0.26269831 0.26970678 0.26694398 0.26458773 0.26274311 0.26425012 0.26159058 0.26857566 0.26508055 0.26738351 
0.26373993 0.27076721 0.26844177 0.26667104 0.26256400 0.26524465 0.26030880 0.26669358 0.26498512 0.26610716 
0.26311155 0.26966620 0.26876712 0.26505158 0.26412786 0.26490778 0.25991612 0.26498334 0.26589329 0.26465974 
0.26453742 0.26772952 0.26994221 0.26570558 0.26301438 0.26685819 0.25953631 0.26273231 0.26544576 0.26676885 
0.26349323 0.26918658 0.26981563 0.26571024 0.26208921 0.26596652 0.26039056 0.26315377 0.26508408 0.26570298 
0.26510468 0.26770596 0.26967111 0.26692884 0.26306815 0.26624039 0.25901237 0.26262399 0.26395369 0.26612520 
0.26423375 0.26845915 0.27185032 0.26671912 0.26354532 0.26588992 0.25778830 0.26216335 0.26381819 0.26760830 
0.26515522 0.26786450 0.27217119 0.26585834 0.26182431 0.26597630 0.25956928 0.26230940 0.26384403 0.26737058 
0.26397124 0.26789995 0.27260004 0.26591378 0.26163911 0.26602720 0.26182595 0.26058123 0.26449482 0.26836339 
0.26570103 0.26651784 0.27328729 0.26575735 0.26376762 0.26605501 0.26327880 0.26097687 0.26436055 0.27009587 
0.26606336 0.26725525 0.27356565 0.26472408 0.26333828 0.26427171 0.26379639 0.26120562 0.26256720 0.26976914 
0.26597289 0.26942578 0.27367201 0.26468271 0.26368866 0.26288109 0.26556499 0.25979119 0.26279892 0.26964084 
0.26433812 0.26790337 0.27360284 0.26330550 0.26615757 0.26110442 0.26288986 0.25963496 0.26423951 0.26709449 
0.26506425 0.26937380 0.27093657 0.26485688 0.26523086 0.26179144 0.26182600 0.25986949 0.26492233 0.26787930 
0.26471918 0.26893959 0.26866854 0.26609403 0.26628033 0.26052514 0.26352457 0.25861583 0.26460653 0.26692704 
0.26376817 0.26825568 0.26807716 0.26678526 0.26629381 0.26143150 0.26285203 0.25904645 0.26535802 0.26657506 
0.26387157 0.26798119 0.26712397 0.26704657 0.26540550 0.26197100 0.26373979 0.26097617 0.26615869 0.26610100 
0.26469803 0.26922516 0.26673950 0.26712247 0.26574842 0.26122612 0.26463926 0.26217439 0.26450037 0.26566342 
0.26497671 0.26933215 0.26705767 0.26710025 0.26716755 0.26124476 0.26665917 0.26254826 0.26372620 0.26512058 
0.26595137 0.27104812 0.26640341 0.26631573 0.26700032 0.26253112 0.26561837 0.26275857 0.26632131 0.26596294 
0.26361607 0.27021702 0.26775988 0.26781388 0.26801003 0.26069123 0.26539500 0.26183632 0.26651769 0.26662585 
0.26404248 0.26783101 0.26550756 0.26869900 0.26664907 0.26132237 0.26643439 0.26124303 0.26525362 0.26417410 
0.26528867 0.26853512 0.26628211 0.26935966 0.26678518 0.26192389 0.26550994 0.26201204 0.26591630 0.26282221 
0.26504774 0.26801457 0.26643298 0.27014826 0.26678950 0.26241526 0.26509779 0.26083769 0.26413095 0.26227805 
0.26564046 0.26823146 0.26617417 0.26980718 0.26808940 0.26226868 0.26342750 0.26092824 0.26479258 0.26169041 
0.26500799 0.26671183 0.26548095 0.27014775 0.26739232 0.26195479 0.26143699 0.26386211 0.26778274 0.26168573 
0.26617794 0.26732347 0.26677601 0.26902242 0.26981828 0.26201050 0.26267093 0.26420830 0.26727593 0.26264605 
0.26618504 0.26787319 0.26916209 0.26781851 0.26906139 0.26318196 0.26265011 0.26497000 0.26779169 0.26162154 
0.26631407 0.26984550 0.26962433 0.26741401 0.26843542 0.26186167 0.26470717 0.26557640 0.26736318 0.26308588 
0.26635346 0.27139091 0.26862832 0.26801135 0.27016321 0.26159233 0.26595997 0.26576185 0.26754880 0.26220145 
0.26635723 0.27048458 0.26661563 0.27016610 0.27149403 0.26303097 0.26693473 0.26597048 0.26805530 0.26099510 
0.26612363 0.27186149 0.26700244 0.26990534 0.27028506 0.26274423 0.26642501 0.26684231 0.26766534 0.26269921 
0.26677264 0.27084308 0.26677421 0.26913555 0.27053794 0.26221843 0.26616552 0.26603476 0.26747886 0.26329489 
0.26745405 0.27040947 0.26651054 0.26833484 0.26829130 0.26162434 0.26595626 0.26478331 0.26703854 0.26380250 
0.26805031 0.26898639 0.26695392 0.26791531 0.26747105 0.26095026 0.26570591 0.26588671 0.26656924 0.26341075 
0.26770973 0.26826313 0.26569148 0.26730328 0.26690893 0.26095167 0.26587608 0.26737710 0.26687854 0.26301808 
0.26557911 0.26798210 0.26670791 0.26962709 0.26541732 0.26035752 0.26700272 0.26760799 0.26635059 0.26337220 
0.26673940 0.26764918 0.26683030 0.27135635 0.26280983 0.25854786 0.26419720 0.26809895 0.26704743 0.26358098 
0.26601552 0.26849300 0.26805700 0.27009784 0.26371638 0.25838720 0.26291577 0.26980185 0.26627910 0.26393675 
0.26609789 0.26742887 0.26741393 0.26918383 0.26590584 0.25760526 0.26407482 0.27005627 0.26532457 0.26369368 
0.26720184 0.26591025 0.26803831 0.26699030 0.26545964 0.25737202 0.26499472 0.26833799 0.26624681 0.26346632 
0.26712400 0.26654619 0.26967190 0.26492282 0.26404764 0.25631386 0.26549297 0.26935826 0.26558390 0.26163306 
0.26617722 0.26648395 0.26908962 0.26397408 0.26293409 0.25751286 0.26438556 0.27088435 0.26590340 0.26230091 
0.26831207 0.26807705 0.26893092 0.26550901 0.26345333 0.25889918 0.26648394 0.27048311 0.26620101 0.26351347 
0.26812838 0.26758160 0.26872312 0.26639455 0.26549499 0.25806617 0.26491871 0.26998977 0.26729519 0.26414987 
0.26751080 0.26574717 0.26710297 0.26487921 0.26565529 0.25835855 0.26444074 0.27079596 0.26878258 0.26406302 
0.26448363 0.26743122 0.26631841 0.26508122 0.26463310 0.25815181 0.26343996 0.26971819 0.26693409 0.26525491 
0.26495992 0.26731037 0.26436000 0.26450141 0.26492848 0.25827826 0.26372760 0.26952774 0.26813911 0.26526582 
0.26377843 0.26781413 0.26520978 0.26411155 0.26552795 0.25700769 0.26462176 0.26845887 0.26936075 0.26455654 
0.26370212 0.26809200 0.26741606 0.26563619 0.26484851 0.25490306 0.26602805 0.26888130 0.27063223 0.26558795 
0.26285322 0.26922294 0.26820094 0.26745588 0.26635326 0.25460859 0.26624754 0.26768041 0.27215527 0.26502650 
0.26365533 0.26866411 0.26797297 0.26802994 0.26757053 0.25545147 0.26676907 0.27046068 0.27185204 0.26402914 
0.26311347 0.26988223 0.26701660 0.26810674 0.26920244 0.25609528 0.26699901 0.26878644 0.27047695 0.26323779 
0.26457913 0.27224619 0.26658745 0.26612585 0.26758717 0.25685507 0.26576597 0.26988448 0.26955002 0.26162761 
0.26572259 0.27351638 0.26678614 0.26523139 0.26758113 0.25619620 0.26551320 0.26983602 0.27148185 0.26178950 
0.26659881 0.27310688 0.26735992 0.26635562 0.26702824 0.25550316 0.26580535 0.26844497 0.27206829 0.26337250 
0.26606065 0.27174686 0.26745250 0.26653056 0.26462189 0.25476920 0.26627665 0.26847731 0.27280093 0.26323714 
0.26711249 0.26972880 0.26815149 0.26541806 0.26669895 0.25563657 0.26512749 0.26760984 0.27032423 0.26208220 
0.26832704 0.27115331 0.26769796 0.26413427 0.26827741 0.25580831 0.26657709 0.26597942 0.26852704 0.26218867 
0.26781913 0.27103116 0.26825053 0.26198704 0.26716212 0.25502331 0.26693613 0.26466068 0.26737268 0.25891557 
0.26899655 0.27116247 0.26599184 0.26288793 0.26896415 0.25675140 0.26639143 0.26604630 0.26775354 0.26000079 
0.26912434 0.27072219 0.26544907 0.26316256 0.26952368 0.25881286 0.26531467 0.26681958 0.26674284 0.25942699 
0.27006761 0.26839915 0.26453841 0.26345021 0.26947396 0.25936829 0.26472497 0.26695049 0.26631276 0.25961901 
0.27005132 0.26977846 0.26318870 0.26209813 0.27057853 0.26053785 0.26567660 0.26679567 0.26530056 0.26075390 
0.27075627 0.27144902 0.26443093 0.26099909 0.26996025 0.26066810 0.26916568 0.26797440 0.26571429 0.25950664 
0.26948215 0.27148286 0.26416503 0.26019977 0.27075245 0.25969778 0.26844450 0.26845029 0.26737856 0.26077875 
0.26877203 0.26878338 0.26527388 0.25884130 0.27179325 0.26036980 0.26751299 0.26786291 0.26750529 0.26077657 
0.26687054 0.26887742 0.26298165 0.26170774 0.27219559 0.26157656 0.26742918 0.26881512 0.26649198 0.26070330 
0.26606702 0.26895556 0.26420634 0.26360723 0.27225781 0.26373408 0.26609391 0.26813077 0.26822097 0.25972027 
0.26688310 0.26969029 0.26172703 0.26417874 0.26988683 0.26331786 0.26554724 0.26658815 0.26640077 0.26117084 
0.26670835 0.26936664 0.26207888 0.26390633 0.26949589 0.26446251 0.26463117 0.26741062 0.26790770 0.26017149 
0.26621581 0.26876907 0.26247967 0.26303552 0.27013175 0.26312160 0.26341676 0.26810891 0.26854785 0.26041826 
0.26608364 0.26832577 0.26271488 0.26340076 0.26959363 0.26297972 0.26215086 0.26774350 0.26684278 0.26087748 
0.26651108 0.26650085 0.26354383 0.26395762 0.27019318 0.26294176 0.26061851 0.26917128 0.26609040 0.25882629 
0.26676188 0.26788219 0.26371703 0.26404543 0.27028502 0.26382523 0.26104951 0.26866876 0.26500009 0.25637985 
0.26610346 0.26694036 0.26343770 0.26521229 0.27051816 0.26439816 0.26143021 0.26780939 0.26437260 0.25814599 
0.26527463 0.26803154 0.26457435 0.26591069 0.27099339 0.26513950 0.26181971 0.26664998 0.26560373 0.25934716 
0.26599455 0.26763249 0.26579562 0.26609662 0.26999939 0.26449580 0.26070173 0.26728967 0.26567230 0.25845512 
0.26520582 0.26574556 0.26706265 0.26763974 0.26911540 0.26225667 0.26038122 0.26771363 0.26695828 0.25876434 
0.26616898 0.26574442 0.26748036 0.26890143 0.26961609 0.26132697 0.26068855 0.26893808 0.26453662 0.25801178 
0.26451113 0.26434833 0.26900613 0.26884946 0.27045390 0.25926696 0.26135466 0.26844881 0.26482059 0.25933223 
0.26310039 0.26386996 0.26973131 0.26979407 0.27012553 0.26021383 0.26459118 0.26814039 0.26657981 0.25701549 
0.26356480 0.26379501 0.26929617 0.26951715 0.26959159 0.25864155 0.26390799 0.26689841 0.26650493 0.25755318 
0.26298412 0.26321310 0.26869255 0.26848726 0.26973495 0.25811480 0.26391378 0.26781150 0.26665627 0.25830681 
0.26227594 0.26382593 0.26765289 0.26849307 0.27008236 0.25820856 0.26412906 0.26934607 0.26573334 0.25864270 
0.26307413 0.26390861 0.26812091 0.26627995 0.26973736 0.25843983 0.26298511 0.26831927 0.26534787 0.25889396 
0.26368211 0.26227423 0.26747888 0.26609022 0.26942062 0.26017315 0.26324442 0.26862798 0.26505985 0.25870906 
0.26359978 0.26270531 0.26756535 0.26562092 0.26929037 0.26196227 0.26354753 0.26862728 0.26441718 0.26072197 
0.26411033 0.26328344 0.26624912 0.26539311 0.26706021 0.26146885 0.26173464 0.26840022 0.26478815 0.26312772 
0.26213991 0.26517654 0.26414978 0.26528670 0.26741313 0.25949969 0.26440646 0.26781792 0.26617848 0.26297618 
0.26240850 0.26379158 0.26395732 0.26631592 0.26869592 0.26105700 0.26346960 0.26848415 0.26548882 0.26203479 
0.26075763 0.26493663 0.26345406 0.26510608 0.26853228 0.26007831 0.26146034 0.26847171 0.26712339 0.26219906 
0.26109676 0.26503894 0.26296647 0.26518616 0.26999529 0.26157872 0.26113967 0.26782439 0.26446883 0.26343892 
0.26172178 0.26423868 0.26324396 0.26541789 0.26933343 0.26030440 0.26310876 0.26830514 0.26384809 0.26361301 
0.26277136 0.26673248 0.26281187 0.26500324 0.26923951 0.25966470 0.26366258 0.26791119 0.26380544 0.26187895 
0.26144939 0.26750562 0.26317305 0.26624508 0.26809741 0.26022899 0.26297137 0.26594714 0.26227944 0.26221657 
0.26253359 0.26821763 0.26219266 0.26489723 0.26757055 0.25979971 0.26163248 0.26504641 0.26294751 0.26003615 
0.26071657 0.26836331 0.26164589 0.26702334 0.26710760 0.26133875 0.26098947 0.26445901 0.26341406 0.26150515 
0.26055500 0.26612424 0.26347994 0.26672513 0.26722814 0.26258145 0.26259721 0.26518960 0.26374152 0.26294196 
0.26037404 0.26397012 0.26507616 0.26711005 0.26616781 0.26219745 0.26271933 0.26555001 0.26361921 0.26331489 
0.26112479 0.26382210 0.26599817 0.26736008 0.26713808 0.26266711 0.26488995 0.26500574 0.26305638 0.26501154 
0.26039718 0.26383410 0.26727896 0.26785137 0.26629939 0.26218018 0.26305758 0.26577753 0.26502460 0.26644127 
0.26002378 0.26327142 0.26839126 0.26732967 0.26726624 0.26220804 0.26258425 0.26463482 0.26549871 0.26483956 
0.25992656 0.26353821 0.26704521 0.26659291 0.26653341 0.26425309 0.26157334 0.26549567 0.26457843 0.26437902 
0.26111320 0.26457747 0.26548665 0.26583558 0.26673939 0.26389073 0.26084126 0.26665475 0.26539670 0.26379286 
0.26097177 0.26406714 0.26798984 0.26461079 0.26640233 0.26478656 0.26309068 0.26858957 0.26607097 0.26263112 
0.25847480 0.26294720 0.26616990 0.26455128 0.26785777 0.26567949 0.26285287 0.26919492 0.26694250 0.26356786 
0.25985293 0.26458468 0.26485555 0.26598150 0.26644114 0.26637511 0.26394406 0.26887633 0.26678738 0.26394180 
0.26179061 0.26356078 0.26486908 0.26553794 0.26598099 0.26581203 0.26254297 0.26909943 0.26679142 0.26255182 
0.26265334 0.26623736 0.26625892 0.26502063 0.26565019 0.26634305 0.26480493 0.26838225 0.26740810 0.26327404 
0.26331851 0.26659938 0.26432205 0.26549221 0.26641271 0.26715355 0.26622912 0.26777128 0.26946524 0.26272485 
0.26620314 0.26784287 0.26454231 0.26529506 0.26543559 0.26604916 0.26467720 0.26594593 0.27002372 0.26496495 
0.26726199 0.26728114 0.26297776 0.26531010 0.26736202 0.26583369 0.26531990 0.26714857 0.27038755 0.26755894 
0.26993438 0.26732180 0.26404958 0.26231068 0.26662108 0.26552273 0.26381112 0.26622402 0.26947522 0.26706469 
0.26991053 0.26374086 0.26352858 0.26203998 0.26837067 0.26573155 0.26294266 0.26596684 0.26867364 0.26774582 
0.26933955 0.26318280 0.26354854 0.26417877 0.26762427 0.26546718 0.26383161 0.26638649 0.26907989 0.26765905 
0.26906280 0.26231912 0.26357931 0.26293476 0.26767689 0.26578876 0.26417240 0.26548324 0.26916614 0.26618571 
0.27056315 0.26313004 0.26604397 0.26296472 0.26712230 0.26536947 0.26373170 0.26425362 0.26912873 0.26436860 
0.26817555 0.26362110 0.26728225 0.26499551 0.26889281 0.26559989 0.26273621 0.26400072 0.26914438 0.26602301 
0.26891877 0.26497340 0.26775669 0.26450724 0.26710467 0.26478648 0.26123167 0.26344682 0.26973683 0.26642461 
0.26791371 0.26571545 0.26749384 0.26472518 0.26714450 0.26717268 0.26124530 0.26400626 0.27150345 0.26816556 
0.26801278 0.26604091 0.26669114 0.26427286 0.26773761 0.26701814 0.26249211 0.26413315 0.27130139 0.26724763 
0.26780708 0.26647906 0.26762056 0.26382064 0.26640305 0.26655279 0.26233410 0.26664019 0.27110337 0.26792069 
0.26860426 0.26734730 0.26733058 0.26359948 0.26600472 0.26619712 0.26506856 0.26654551 0.26965433 0.26673745 
0.26875976 0.26721428 0.26632769 0.26451864 0.26596406 0.26614590 0.26517297 0.26542912 0.26953258 0.26681005 
0.26991552 0.26708257 0.26449716 0.26575115 0.26670451 0.26449091 0.26566832 0.26411753 0.27013631 0.26602396 
0.26890757 0.26690801 0.26407154 0.26646984 0.26675953 0.26560353 0.26682897 0.26396737 0.26938364 0.26724541 
0.26846297 0.26674718 0.26296558 0.26604519 0.26508667 0.26758854 0.26724095 0.26240496 0.26912695 0.26794809 
0.26590350 0.26677821 0.26356583 0.26656976 0.26335474 0.26813858 0.26824033 0.26274506 0.26780445 0.26999761 
0.26502785 0.26751904 0.26293353 0.26764751 0.26371719 0.26976336 0.26663255 0.26443267 0.26796064 0.26997739 
0.26591353 0.26688484 0.26193640 0.26682041 0.26501581 0.27035066 0.26706883 0.26514868 0.27044614 0.26925805 
0.26709663 0.26709553 0.26166590 0.26852812 0.26442404 0.27008354 0.26760674 0.26519740 0.26909759 0.26826910 
0.26808084 0.26627291 0.26308220 0.26714104 0.26400148 0.26879423 0.26810116 0.26552201 0.27011465 0.26786390 
0.27000634 0.26730426 0.26347463 0.26697335 0.26321520 0.26657514 0.26919412 0.26593910 0.26792353 0.26693169 
0.26919844 0.26611260 0.26110587 0.26641964 0.26399976 0.26905918 0.26866932 0.26475948 0.26678587 0.26615525 
0.26872414 0.26585446 0.26458618 0.26804910 0.26340502 0.26965531 0.26809329 0.26497782 0.26748446 0.26734364 
0.26872019 0.26610151 0.26575698 0.26656499 0.26402744 0.27013605 0.26737503 0.26510760 0.26933380 0.26590731 
0.26997160 0.26600711 0.26453399 0.26635691 0.26477330 0.26971600 0.26684685 0.26617028 0.26858088 0.26528155 
0.26912448 0.26645815 0.26502820 0.26608703 0.26396665 0.26959668 0.26759502 0.26588863 0.26799959 0.26605696 
0.26639879 0.26676458 0.26543800 0.26469705 0.26380700 0.26925343 0.26807567 0.26421654 0.26880972 0.26830922 
0.26665814 0.26784549 0.26613074 0.26694823 0.26223581 0.26895649 0.26659340 0.26452905 0.26856438 0.26745687 
0.26621968 0.26980882 0.26655033 0.26535567 0.26236429 0.26777081 0.26742833 0.26567053 0.27076294 0.26789301 
0.26572872 0.27106125 0.26759947 0.26375611 0.26059075 0.26798720 0.26637340 0.26652174 0.27035711 0.26650429 
0.26470435 0.26993615 0.26724575 0.26415833 0.26169710 0.26604611 0.26584886 0.26681272 0.27154472 0.26632326 
0.26437612 0.26938755 0.26480390 0.26575101 0.26351261 0.26678554 0.26849160 0.26772469 0.27088791 0.26550010 
0.26314210 0.26789890 0.26375684 0.26693618 0.26217949 0.26730605 0.26674382 0.26790464 0.27129613 0.26614105 
0.26218240 0.26705356 0.26410299 0.26747804 0.26355515 0.26942521 0.26926948 0.26723344 0.27102564 0.26636486 
0.26396692 0.26643305 0.26398180 0.26486163 0.26418477 0.26861282 0.26938989 0.26931156 0.27032124 0.26379210 
0.26481782 0.26697838 0.26503194 0.26416652 0.26360987 0.27029602 0.26732671 0.27194496 0.26991662 0.26490445 
0.26521026 0.26735452 0.26386835 0.26383045 0.26088568 0.26881537 0.26630063 0.27104633 0.26999753 0.26393421 
0.26368770 0.26590306 0.26346313 0.26331974 0.26191323 0.26991590 0.26493389 0.27014714 0.26951642 0.26486980 
0.26353756 0.26808689 0.26516888 0.26339312 0.26354235 0.26824463 0.26585486 0.26818385 0.26778134 0.26534903 
0.26529527 0.26533244 0.26463986 0.26338842 0.26330459 0.26908039 0.26712884 0.26748235 0.26939708 0.26543728 
0.26682848 0.26527589 0.26379591 0.26324258 0.26254519 0.26722887 0.26824192 0.26606843 0.26992846 0.26528261 
0.26792436 0.26653576 0.26460837 0.26252347 0.26179849 0.26793777 0.26786967 0.26818064 0.26976327 0.26499281 
0.26711937 0.26716837 0.26460709 0.26330772 0.26199568 0.26807074 0.26694852 0.26816395 0.26783466 0.26725412 
0.26601701 0.26738001 0.26373390 0.26393888 0.26302366 0.26853237 0.26701732 0.26944682 0.26628058 0.26566160 
0.26485661 0.26718141 0.26400979 0.26439812 0.26265083 0.26530340 0.26574857 0.27000953 0.26633735 0.26544684 
0.26613304 0.26591423 0.26533617 0.26576836 0.26221668 0.26668730 0.26636187 0.27138161 0.26607901 0.26561416 
0.26356077 0.26643357 0.26354397 0.26723778 0.26264388 0.26491669 0.26573999 0.27081266 0.26586585 0.26574974 
0.26374495 0.26688946 0.26306167 0.26778244 0.26400923 0.26469315 0.26544862 0.27141720 0.26463218 0.26799436 
0.26343281 0.26492998 0.26281271 0.26688819 0.26291698 0.26712085 0.26361654 0.27063163 0.26291651 0.26865262 
0.26189139 0.26545166 0.26308285 0.26524213 0.26325827 0.26499251 0.26330267 0.27158917 0.26295091 0.26785807 
0.26095928 0.26624510 0.26382272 0.26457116 0.26353840 0.26470491 0.26225794 0.26953011 0.26400111 0.26841193 
0.26060836 0.26648119 0.26361377 0.26504265 0.26207318 0.26597259 0.26368439 0.26879715 0.26194283 0.26744399 
0.25926219 0.26402082 0.26242392 0.26462883 0.26269069 0.26609262 0.26398463 0.26662455 0.26286956 0.26787059 
0.25978938 0.26434720 0.26263511 0.26397705 0.26199206 0.26621446 0.26466064 0.26745143 0.26553732 0.26730024 
0.26004672 0.26498162 0.26177461 0.26345255 0.26181277 0.26459870 0.26650419 0.26731145 0.26415050 0.26616830 
0.26048749 0.26348001 0.26342152 0.26345669 0.26254717 0.26461927 0.26676896 0.26662776 0.26339269 0.26818446 
0.26084278 0.26574160 0.26330271 0.26418420 0.26508442 0.26368729 0.26635071 0.26653794 0.26337575 0.26842760 
0.26172641 0.26744674 0.26256149 0.26593177 0.26636579 0.26489551 0.26773755 0.26484225 0.26176886 0.26842021 
0.26163783 0.26923302 0.26104076 0.26540375 0.26694819 0.26469602 0.26472206 0.26350635 0.26148751 0.26924471 
0.25980977 0.26827175 0.26179370 0.26653221 0.26839291 0.26597203 0.26642986 0.26542004 0.26391385 0.27021331 
0.26184283 0.26534555 0.26228282 0.26608896 0.26820022 0.26694424 0.26659065 0.26669521 0.26613638 0.26889896 
0.26355229 0.26420128 0.26329729 0.26617005 0.26974723 0.26947484 0.26728124 0.26487670 0.26562277 0.26723098 
0.26256621 0.26295703 0.26123003 0.26781240 0.26825570 0.26706120 0.26633667 0.26672044 0.26643276 0.26579443 
0.26206033 0.26400030 0.26219976 0.26901323 0.26834285 0.26692326 0.26583788 0.26631315 0.26812618 0.26492241 
0.26435495 0.26480589 0.26021132 0.26945496 0.26976903 0.26664042 0.26487807 0.26596559 0.26766235 0.26711773 
0.26527727 0.26462273 0.25966387 0.26802752 0.27049667 0.26756059 0.26678579 0.26543418 0.26617720 0.26703944 
0.26408485 0.26422820 0.25810602 0.26706947 0.26977474 0.26614865 0.26954709 0.26465294 0.26894864 0.26822534 
0.26416469 0.26278055 0.26026605 0.26758273 0.26871661 0.26497871 0.27091590 0.26739263 0.26870279 0.26821311 
0.26409692 0.26225860 0.25871800 0.26639265 0.26923434 0.26458907 0.27151016 0.26594235 0.26931047 0.26633538 
0.26389862 0.26317585 0.26001685 0.26574186 0.27142080 0.26419013 0.27025059 0.26440507 0.26714718 0.26519464 
0.26391173 0.26291126 0.26161168 0.26674453 0.26910748 0.26378217 0.27052787 0.26426920 0.26593321 0.26582998 
0.26246723 0.26401240 0.26135150 0.26434693 0.26720235 0.26420094 0.26973051 0.26282789 0.26743110 0.26470327 
0.26157373 0.26423546 0.26163068 0.26381105 0.26664534 0.26127664 0.26913965 0.26543033 0.26796307 0.26459159 
0.26121413 0.26379176 0.26155411 0.26403971 0.26705322 0.26155717 0.26890716 0.26603139 0.26720435 0.26388561 
0.26139441 0.26454090 0.26086150 0.26453616 0.26726885 0.26138375 0.26820928 0.26484378 0.26848199 0.26352989 
0.26123121 0.26319661 0.26043358 0.26412561 0.26658083 0.26253196 0.26870214 0.26475184 0.26898382 0.26250380 
0.26047062 0.26351910 0.26045833 0.26328784 0.26833955 0.26229946 0.26968177 0.26460505 0.26957252 0.26493392 
0.26112246 0.26486787 0.26146482 0.26300680 0.26797899 0.26258799 0.27048362 0.26486214 0.27082718 0.26577603 
0.26209058 0.26338437 0.26218111 0.26181280 0.26710811 0.26441925 0.26991017 0.26636745 0.27082339 0.26769910 
0.26066649 0.26437860 0.26277301 0.26136608 0.26486307 0.26515513 0.27160429 0.26572119 0.27190084 0.26741894 
0.26190282 0.26470321 0.26187648 0.26133839 0.26582012 0.26468810 0.27275016 0.26542714 0.27026453 0.26743485 
0.26137980 0.26602868 0.26093601 0.26257588 0.26643801 0.26480703 0.27268035 0.26545250 0.26920029 0.26945385 
0.26061749 0.26750239 0.25998557 0.26263066 0.26501147 0.26459401 0.27232716 0.26569922 0.26797680 0.27091580 
0.26116233 0.26839576 0.26062766 0.26329679 0.26228390 0.26291050 0.27060069 0.26609616 0.26857486 0.27075795 
0.26213612 0.26729654 0.26028334 0.26434833 0.26265321 0.26315798 0.26936802 0.26579473 0.26866393 0.27336353 
0.26354529 0.26709192 0.26125355 0.26490895 0.26195712 0.26330216 0.26916113 0.26479752 0.27011040 0.27399111 
0.26378026 0.26688743 0.26228591 0.26546457 0.26183767 0.26306000 0.27015346 0.26725197 0.27005380 0.27164601 
0.26273331 0.26639882 0.26222513 0.26540297 0.26345962 0.26267018 0.27141162 0.26835585 0.26998402 0.27081291 
0.26499354 0.26434793 0.26237407 0.26591414 0.26345826 0.26273921 0.27008623 0.26959328 0.26869850 0.27026375 
0.26594094 0.26328979 0.26105341 0.26782218 0.26464500 0.26229124 0.26922574 0.26938058 0.26862467 0.27035465 
0.26644451 0.26377179 0.26177405 0.26621573 0.26501598 0.26240099 0.26970100 0.26868165 0.26832242 0.26989609 
0.26512415 0.26456334 0.26202844 0.26689469 0.26521813 0.26364530 0.26846185 0.26928748 0.26794971 0.26950110 
0.26443381 0.26484181 0.26485464 0.26711151 0.26513994 0.26548420 0.26870447 0.26837921 0.26956886 0.26972998 
0.26474293 0.26374359 0.26546188 0.26549848 0.26405805 0.26645249 0.26702169 0.26926434 0.26916058 0.26900957 
0.26586650 0.26501427 0.26673832 0.26630272 0.26331804 0.26618994 0.26719792 0.26907645 0.26939326 0.26850388 
0.26475207 0.26502914 0.26519153 0.26529177 0.26022948 0.26824142 0.26679636 0.26843993 0.26987695 0.26875089 
0.26604342 0.26477642 0.26596220 0.26440691 0.26083960 0.26836686 0.26795379 0.27058757 0.26892984 0.26905783 
0.26560443 0.26481135 0.26635420 0.26247984 0.26187277 0.26727049 0.26696503 0.26900973 0.27025816 0.26848086 
0.26276345 0.26510720 0.26591231 0.26286569 0.26265915 0.26902352 0.26587628 0.26818964 0.26791967 0.26941831 
0.26361805 0.26442205 0.26621810 0.26400655 0.26311875 0.26992084 0.26842218 0.26979063 0.26892454 0.26797960 
0.26359121 0.26509958 0.26632364 0.26480908 0.26212437 0.26877220 0.26827201 0.27026206 0.26932694 0.26876180 
0.26388580 0.26561721 0.26741038 0.26333006 0.26343528 0.27078861 0.26817981 0.27139291 0.27159877 0.26953789 
0.26435121 0.26458142 0.26656237 0.26411595 0.26361865 0.26868466 0.26732538 0.27102253 0.26999155 0.27061432 
0.26438725 0.26144881 0.26633887 0.26544708 0.26280352 0.26953991 0.26673689 0.27212459 0.27002929 0.27106211 
0.26447504 0.26073445 0.26827907 0.26462593 0.26216150 0.26890947 0.26594910 0.27284995 0.26990609 0.27053198 
0.26474313 0.25966924 0.26651789 0.26559077 0.26505213 0.26833821 0.26627587 0.27184885 0.26809254 0.27119033 
0.26671568 0.26003277 0.26739775 0.26413409 0.26499863 0.26711777 0.26600711 0.27101183 0.26818316 0.27069855 
0.26769780 0.25880135 0.26869883 0.26340765 0.26321919 0.26714541 0.26442462 0.27003357 0.26885411 0.27132382 
0.26752653 0.25911363 0.26662223 0.26308072 0.26333463 0.26861900 0.26677409 0.27081310 0.26853654 0.27159576 
0.26658197 0.25849021 0.26859191 0.26109867 0.26336437 0.26966972 0.26528814 0.27045524 0.26801523 0.27146376 
0.26444935 0.26000565 0.26819854 0.26082625 0.26258115 0.26917216 0.26528303 0.26898051 0.26737178 0.27104790 
0.26464049 0.25827110 0.26898204 0.26285167 0.26160292 0.26756848 0.26545601 0.26970556 0.26752148 0.27108841 
0.26606623 0.25760110 0.26723037 0.26213609 0.26141000 0.26551340 0.26410133 0.26942706 0.26708268 0.27120839 
0.26643793 0.25887964 0.26738392 0.26098976 0.26360711 0.26657563 0.26390509 0.26818765 0.26539881 0.27187304 
0.26688316 0.25986210 0.26676599 0.26201737 0.26423211 0.26462437 0.26278202 0.26768996 0.26735096 0.27195461 
0.26744630 0.25954087 0.26777357 0.26323155 0.26384570 0.26399239 0.26222946 0.26723990 0.26831575 0.27141556 
0.26493257 0.26056636 0.26681052 0.26324945 0.26313212 0.26394015 0.26180212 0.26631069 0.26812750 0.27220422 
0.26385298 0.26118509 0.26768258 0.26305366 0.26113288 0.26471326 0.26228446 0.26579454 0.26646456 0.27164710 
0.26488236 0.26158633 0.26579874 0.26400762 0.26196753 0.26430820 0.26311918 0.26606978 0.26592464 0.26925334 
0.26592259 0.26285902 0.26780121 0.26417359 0.26206196 0.26408728 0.26276302 0.26759147 0.26651308 0.27002439 
0.26566616 0.26408840 0.26771889 0.26449261 0.26212867 0.26510987 0.26174763 0.26646440 0.26728982 0.27004161 
0.26608907 0.26465427 0.26874180 0.26549010 0.26343613 0.26436427 0.26383614 0.26558288 0.26929919 0.26947467 
0.26742852 0.26359114 0.26805951 0.26656272 0.26234268 0.26472185 0.26509898 0.26502039 0.27013007 0.26863294 
0.26839266 0.26340324 0.26686375 0.26652627 0.26331632 0.26502213 0.26514742 0.26555333 0.27082606 0.26737626 
0.26780124 0.26268217 0.26805888 0.26792018 0.26342747 0.26663938 0.26448411 0.26554085 0.27081015 0.26701847 
0.27036614 0.26521756 0.26747637 0.26615422 0.26219940 0.26647691 0.26244989 0.26577472 0.26950747 0.26577563 
0.27037514 0.26424432 0.26801285 0.26510126 0.26246202 0.26750456 0.26297172 0.26561217 0.26963470 0.26608521 
0.27119720 0.26446670 0.26790247 0.26400864 0.26166190 0.26829345 0.26303224 0.26671029 0.27241306 0.26521963 
0.27026787 0.26401157 0.26626263 0.26359399 0.26274634 0.26815661 0.26248798 0.26668861 0.27329849 0.26469886 
0.26973015 0.26305626 0.26411503 0.26395940 0.26203604 0.26839682 0.26206613 0.26498517 0.27414242 0.26472015 
0.26901383 0.26392032 0.26504320 0.26364545 0.26153482 0.26814283 0.26308209 0.26440305 0.27321549 0.26465779 
0.26792226 0.26627452 0.26418400 0.26290552 0.26139421 0.26871534 0.26572818 0.26280875 0.27484485 0.26305823 
0.26748090 0.26756867 0.26513917 0.25998096 0.26118984 0.26820210 0.26518201 0.26130786 0.27621622 0.26301779 
0.26727917 0.26514438 0.26729958 0.26092884 0.25954960 0.26809006 0.26489783 0.26163349 0.27761584 0.26331520 
0.26767006 0.26544818 0.26508457 0.25997647 0.25852186 0.26885285 0.26539469 0.26164467 0.27723902 0.26276060 
0.26509834 0.26554743 0.26578782 0.26047778 0.25914676 0.27026757 0.26593159 0.26051943 0.27683444 0.26281829 
0.26513394 0.26297713 0.26577419 0.26128982 0.25966859 0.27065713 0.26524680 0.26000541 0.27568110 0.26297918 
0.26462905 0.26375519 0.26619355 0.26160367 0.26121956 0.27040348 0.26693300 0.26056854 0.27497901 0.26403556 
0.26535619 0.26398951 0.26601146 0.26204524 0.25981290 0.26936128 0.26581546 0.26094161 0.27351682 0.26403235 
0.26767641 0.26641951 0.26394886 0.26104652 0.26120449 0.26951050 0.26668045 0.25985323 0.27356912 0.26275249 
0.26608817 0.26635405 0.26537310 0.26331869 0.26089661 0.26914205 0.26634802 0.25966767 0.27266873 0.26179624 
0.26712443 0.26517859 0.26478689 0.26333083 0.26119723 0.26870421 0.26516426 0.25931977 0.27346144 0.26116878 
0.26714213 0.26351697 0.26416839 0.26346777 0.26065658 0.26850377 0.26752367 0.25900480 0.27073919 0.26344152 
0.26572904 0.26369442 0.26595658 0.26171650 0.26264097 0.26927061 0.26733896 0.25924389 0.27152762 0.26284799 
0.26477859 0.26407295 0.26653204 0.26007343 0.26213237 0.26940247 0.26926686 0.26028013 0.27083050 0.26282182 
0.26379674 0.26346263 0.26410172 0.26036929 0.26422410 0.27037759 0.27094946 0.26120251 0.27014049 0.26458314 
0.26381176 0.26282078 0.26347298 0.26176571 0.26429200 0.26891095 0.27125165 0.26164624 0.26960389 0.26453000 
0.26468808 0.26313327 0.26269681 0.25976470 0.26576132 0.27108660 0.27023075 0.26169895 0.26826590 0.26534647 
0.26445813 0.26175293 0.26201073 0.25956487 0.26642839 0.27199002 0.27125095 0.26115005 0.26757427 0.26623676 
0.26586264 0.25771413 0.26207663 0.25889636 0.26643137 0.27390114 0.27020856 0.26226362 0.26859773 0.26629865 
0.26624976 0.25739383 0.26084570 0.25986121 0.26811097 0.27682581 0.27156733 0.26258597 0.26805867 0.26704618 
0.26542920 0.25676448 0.26056835 0.26026637 0.26686650 0.27478697 0.27061297 0.26344016 0.26758942 0.26664146 
0.26263670 0.25950430 0.26152532 0.26039267 0.26708638 0.27418603 0.26938229 0.26164540 0.26934981 0.26765448 
0.26473640 0.25894328 0.26315122 0.26116096 0.26692560 0.27435971 0.26790470 0.26150634 0.26913795 0.26776760 
0.26475072 0.25817126 0.26327689 0.26172057 0.26601542 0.27404770 0.26759397 0.26228465 0.26957531 0.26796017 
0.26450004 0.25785740 0.26393968 0.26248082 0.26445329 0.27264895 0.26728087 0.26189362 0.26959972 0.27002155 
0.26540326 0.25818798 0.26431110 0.26193142 0.26496365 0.27150647 0.26780870 0.26296963 0.27090001 0.27338316 
0.26645636 0.26055802 0.26428035 0.26258066 0.26481419 0.27039099 0.26702692 0.26218150 0.26996249 0.27261761 
0.26577428 0.26174533 0.26392315 0.26261183 0.26403127 0.27200122 0.26558133 0.26161587 0.27185545 0.27228120 
0.26712425 0.26129473 0.26319674 0.26290291 0.26152709 0.27252125 0.26638618 0.26379727 0.26883723 0.27151201 
0.26599962 0.26090559 0.26330539 0.26253867 0.26200913 0.27110662 0.26733306 0.26213674 0.27005256 0.26972920 
0.26484730 0.26135582 0.26419241 0.26265279 0.26131646 0.27093477 0.26789802 0.26322378 0.26677006 0.26824745 
0.26402549 0.26039874 0.26302502 0.26138726 0.26166443 0.27105023 0.26967615 0.26311960 0.26675056 0.26769742 
0.26503148 0.26087062 0.26464557 0.25995572 0.26096439 0.26939967 0.26980812 0.26302366 0.26569412 0.26897518 
0.26642876 0.26053611 0.26546819 0.25796069 0.26197027 0.26911588 0.27165464 0.26407814 0.26510911 0.27017910 
0.26711729 0.26185801 0.26625231 0.25735035 0.26251303 0.26855643 0.26968298 0.26418099 0.26458350 0.26939657 
0.26883055 0.26440795 0.26499426 0.25844104 0.25974497 0.26838839 0.26719993 0.26629641 0.26495428 0.26781520 
0.27126025 0.26525427 0.26256373 0.25801051 0.26035535 0.26988126 0.26721504 0.26495488 0.26453605 0.26736592 
0.26997174 0.26529850 0.26220929 0.25605224 0.26066670 0.26860881 0.26849609 0.26320499 0.26392176 0.26576858 
0.27170324 0.26411335 0.26183468 0.25678751 0.25892048 0.26946807 0.27056569 0.26313395 0.26307132 0.26486923 
0.27114592 0.26456013 0.26167166 0.25743666 0.25670528 0.26859548 0.27079883 0.26306780 0.26315160 0.26594213 
0.27052325 0.26404096 0.26031057 0.25868716 0.25846230 0.26874702 0.26937894 0.26289452 0.26428844 0.26535828 
0.27074488 0.26233311 0.26044582 0.25769862 0.25855146 0.26837478 0.27195965 0.26404822 0.26415118 0.26373024 
0.27116244 0.26234801 0.26164041 0.25757568 0.25947857 0.26877147 0.27318357 0.26429929 0.26268697 0.26321161 
0.26981546 0.26170689 0.26106351 0.25807084 0.26087866 0.26878677 0.27314667 0.26415963 0.26295143 0.26120964 
0.27063435 0.26170919 0.26162867 0.25854005 0.26175792 0.26922664 0.27446085 0.26475197 0.26216898 0.26271231 
0.27186654 0.26291128 0.26354728 0.25873099 0.26134073 0.26748711 0.27471334 0.26609342 0.26161356 0.26366136 
0.26963251 0.26349335 0.26244575 0.25759802 0.26213682 0.26850456 0.27413246 0.26689047 0.26328579 0.26359991 
0.26949959 0.26289380 0.26346731 0.25749287 0.26388130 0.26804496 0.27438440 0.26711913 0.26464005 0.26137222 
0.26702540 0.26233869 0.26413579 0.25782852 0.26275418 0.26823286 0.27481936 0.26805314 0.26529571 0.26067640 
0.26701005 0.26313834 0.26578677 0.25580017 0.26120098 0.26936054 0.27479823 0.26728430 0.26395091 0.25992491 
0.26803800 0.26268622 0.26703153 0.25560913 0.25998743 0.27001216 0.27460429 0.26750844 0.26603157 0.25927359 
0.26879080 0.26271833 0.26775213 0.25709617 0.25918042 0.26926172 0.27603365 0.26676958 0.26753055 0.25883234 
0.27046382 0.26413580 0.26790080 0.25754981 0.25752146 0.27001459 0.27604236 0.26687634 0.26826058 0.25795926 
0.27005754 0.26596950 0.26840464 0.26009969 0.25942539 0.26996425 0.27644509 0.26883260 0.26790976 0.25805441 
0.26996552 0.26685161 0.26681740 0.25866747 0.26101674 0.26886943 0.27562166 0.26872315 0.26897507 0.25628268 
0.27043340 0.26768064 0.26515835 0.26047375 0.26223131 0.26978919 0.27673499 0.26704116 0.26823612 0.25652620 
0.27174086 0.26750329 0.26439089 0.26180986 0.26155569 0.26926837 0.27766987 0.26767889 0.26779475 0.25705623 
0.27162746 0.26609236 0.26631529 0.26240430 0.26295880 0.27055214 0.27723818 0.26679746 0.26566028 0.25820234 
0.27227072 0.26579321 0.26623163 0.26439749 0.26332615 0.26972623 0.27752345 0.26735156 0.26441959 0.25881044 
0.27063744 0.26478123 0.26620223 0.26440989 0.26476286 0.26753846 0.27640340 0.26607623 0.26402255 0.25815081 
0.27096983 0.26587192 0.26453863 0.26355381 0.26386563 0.26702856 0.27685009 0.26772770 0.26136258 0.25908181 
0.27038368 0.26677145 0.26572826 0.26287612 0.26458988 0.26742326 0.27382090 0.26643566 0.26140808 0.25857976 
0.27054332 0.26746318 0.26560553 0.26331025 0.26390668 0.26713131 0.27343061 0.26568764 0.25878929 0.25843015 
0.26996418 0.26580621 0.26436114 0.26208956 0.26221144 0.26808596 0.27314569 0.26534253 0.25827076 0.25893490 
0.26983526 0.26656464 0.26418839 0.26552270 0.26396496 0.26775878 0.27233445 0.26439421 0.25730425 0.26015818 
0.27016824 0.26721492 0.26269469 0.26628912 0.26478118 0.26875568 0.27021469 0.26373227 0.25482047 0.25856146 
0.27205217 0.26502650 0.26276630 0.26690535 0.26494229 0.26742641 0.27016680 0.26700561 0.25494237 0.25991862 
0.27041886 0.26545343 0.26292473 0.26718527 0.26488995 0.26743028 0.27072455 0.26645059 0.25614278 0.26028883 
0.27105628 0.26614240 0.26151711 0.26643595 0.26625959 0.26711851 0.26955512 0.26515158 0.25569181 0.25979455 
0.27049065 0.26617259 0.26245792 0.26549173 0.26610061 0.26591421 0.26946828 0.26348085 0.25686752 0.26025421 
0.26935515 0.26570701 0.26110916 0.26431875 0.26728587 0.26515951 0.27002451 0.26653823 0.25858339 0.26148615 
0.26804789 0.26739963 0.26249036 0.26580162 0.26769263 0.26383328 0.26999020 0.26786313 0.25830987 0.26176860 
0.26707210 0.26613919 0.26313386 0.26616248 0.27217075 0.26349695 0.26857542 0.26828970 0.25867861 0.26118933 
0.26667199 0.26580629 0.26181376 0.26456323 0.27032007 0.26344496 0.26914727 0.26804623 0.25766813 0.26235637 
0.26672581 0.26504293 0.26333877 0.26555543 0.26852537 0.26400344 0.26867751 0.26860304 0.25893859 0.26228123 
0.26662051 0.26489472 0.26459391 0.26526682 0.26882656 0.26431913 0.26849369 0.26710220 0.25876524 0.26321037 
0.26565407 0.26617162 0.26532119 0.26499333 0.26958369 0.26438693 0.26656765 0.26668638 0.26042346 0.26216682 
0.26564495 0.26572897 0.26609924 0.26493272 0.27065317 0.26206841 0.26683261 0.26577494 0.26081384 0.26280762 
0.26595586 0.26605835 0.26686261 0.26461560 0.26939840 0.26322414 0.26668689 0.26681492 0.26151684 0.26317424 
0.26718204 0.26384863 0.26647394 0.26595571 0.26915913 0.26382090 0.26411407 0.26802502 0.26178956 0.26565051 
0.26549993 0.26518440 0.26656514 0.26536385 0.26824136 0.26240829 0.26470745 0.26796654 0.26098209 0.26535724 
0.26532866 0.26540828 0.26954546 0.26422805 0.26549937 0.26316408 0.26436675 0.26954974 0.26195610 0.26401116 
0.26668987 0.26371033 0.26901874 0.26377719 0.26777335 0.26309661 0.26290124 0.26986741 0.26308834 0.26476333 
0.26799899 0.26342546 0.26982039 0.26358864 0.26599578 0.26635153 0.26274826 0.26914837 0.26482849 0.26613471 
0.26951321 0.26364384 0.26794956 0.26464626 0.26821631 0.26590958 0.26245030 0.26952439 0.26601285 0.26293232 
0.26873199 0.26287380 0.26987952 0.26379649 0.26810823 0.26561995 0.26122412 0.26807330 0.26713598 0.26505972 
0.26825122 0.26410592 0.26994879 0.26465100 0.26753163 0.26724975 0.26140779 0.26675530 0.26753211 0.26639697 
0.27034880 0.26474436 0.26778152 0.26436303 0.26571398 0.26768591 0.26115952 0.26834918 0.26696093 0.26777744 
0.26966816 0.26369558 0.26784462 0.26589578 0.26467765 0.26827903 0.26048172 0.26732763 0.26475796 0.26742459 
0.26847873 0.26242937 0.26636824 0.26628455 0.26232844 0.26802539 0.26013850 0.26662990 0.26399392 0.26943331 
0.26783049 0.26230092 0.26587647 0.26692830 0.26104912 0.26706845 0.26128875 0.26680764 0.26423181 0.26831809 
0.26642939 0.26176688 0.26505197 0.26638159 0.25909104 0.26862959 0.25929909 0.26783373 0.26408641 0.26998491 
0.26652731 0.26125964 0.26552152 0.26638525 0.26030767 0.26716876 0.25898260 0.26717149 0.26214956 0.26863114 
0.26564741 0.25984877 0.26607154 0.26705949 0.26033137 0.26740101 0.25691132 0.26682240 0.26316320 0.26883825 
0.26710706 0.25997931 0.26630666 0.26733681 0.26173359 0.26696688 0.25727507 0.26591194 0.26110314 0.26718393 
0.26589796 0.26048432 0.26612757 0.26836488 0.26093466 0.26701525 0.25683587 0.26463985 0.26048202 0.26598127 
0.26709610 0.26010064 0.26566847 0.26922050 0.26371328 0.26706209 0.25712563 0.26498777 0.26098455 0.26754247 
0.26885946 0.26269009 0.26583122 0.26827491 0.26304923 0.26721407 0.25762994 0.26617179 0.26121824 0.26513551 
0.26659860 0.26318576 0.26642944 0.26851955 0.26211078 0.26859602 0.25731831 0.26711477 0.26154788 0.26631696 
0.26908425 0.26319733 0.26732275 0.26897219 0.26312045 0.26706870 0.25916613 0.26753647 0.26173225 0.26690294 
