0.421388
0.42202
0.421418
0.421808
0.422121
0.421359
0.421712
0.421631
0.421903
0.422154
0.421322
0.420982
0.420982
0.420491
0.42028
0.42069
0.42069
0.421803
0.421888
0.423013
0.422648
0.422524
0.422549
0.421575
0.422105
0.421324
0.421801
0.421482
0.421431
0.421232
0.422106
0.421528
0.421264
0.422083
0.421376
0.421431
0.421035
0.421832
0.421331
0.421587
0.421737
0.421648
0.420259
0.420105
0.420238
0.420189
0.419973
0.419973
0.420394
0.420394
0.420371
0.420143
0.420762
0.420762
0.421287
0.421692
0.421724
0.421485
0.422232
0.422681
0.422703
0.421621
0.422309
0.422258
0.422306
0.422431
0.42209
0.421951
0.422136
0.421824
0.421967
0.421917
0.42137
0.421907
0.421745
0.421651
0.421464
0.421694
0.421465
0.421049
0.421128
0.421449
0.420969
0.421542
0.420997
0.420939
0.420939
0.4213
0.420702
0.420548
0.420468
0.420776
0.420805
0.420894
0.41973
0.419856
0.419743
0.420153
0.420645
0.420172
0.419605
0.419605
0.419756
0.420142
0.420242
0.420317
0.420494
0.420852
0.420891
0.421154
0.420677
0.421559
0.421691
0.420923
0.421179
0.421179
0.422262
0.422886
0.423253
0.422376
0.422603
0.422635
0.422047
0.422199
0.421956
0.42149
0.420779
0.42115
0.420229
0.420057
0.420057
0.420328
0.4205
0.419929
0.41987
0.4197
0.41876
0.418481
0.419218
0.419798
0.419699
0.419355
0.419591
0.419911
0.419862
0.419591
0.419739
0.420284
0.420164
0.419864
0.419983
0.419618
0.418557
0.41914
0.41864
0.417984
0.41797
0.418401
0.418302
0.418759
0.419682
0.419818
0.420055
0.419739
0.420515
0.420339
0.420527
0.421142
0.421093
0.42027
0.419268
0.419784
0.419391
0.41959
0.419192
0.419192
0.41937
0.419321
0.419854
0.419639
0.418993
0.419577
0.419493
0.420076
0.420161
0.420441
0.420531
0.421103
0.42106
0.421134
0.421289
0.421248
0.421438
0.421055
0.420229
0.421522
0.42129
0.42187
0.42215
0.42219
0.42287
0.421668
0.42209
0.42228
0.421711
0.421362
0.421416
0.421791
0.421519
0.420964
0.421837
0.421776
0.420587
0.420803
0.421446
0.421893
0.422182
0.421578
0.422079
0.421927
0.421891
0.422002
0.421814
0.422358
0.422493
0.421215
0.421328
0.421349
0.421023
0.420938
0.421202
0.422053
0.422686
0.422328
0.421748
0.420324
0.420328
0.419949
0.420563
0.420862
0.420952
0.420843
0.420866
0.420008
0.420112
0.420683
0.421198
0.422234
0.42288
0.422104
0.42162
0.421293
0.420362
0.420853
0.420853
0.421281
0.421627
0.421917
0.421828
0.421641
0.422427
0.421183
0.420202
0.419937
0.42049
0.42049
0.420154
0.420377
0.421705
0.422658
0.423206
0.423101
0.422249
0.422136
0.422251
0.423037
0.422748
0.422567
0.421894
0.422293
0.422303
0.4235
0.423394
0.422878
0.423257
0.422477
0.423554
0.423514
0.42331
0.423113
0.422871
0.422631
0.422018
0.421684
0.421614
0.421601
0.422173
0.422265
0.422701
0.421967
0.421797
0.420736
0.421074
0.420677
0.420992
0.421661
0.421661
0.422059
0.422285
0.421932
0.421884
0.421632
0.421208
0.421178
0.421509
0.421137
0.420693
0.420763
0.421221
0.420476
0.420476
0.420476
0.420031
0.419585
0.419922
0.420392
0.420597
0.421577
0.421215
0.421267
0.420942
0.421347
0.42103
0.420699
0.419875
0.420223
0.420151
0.42031
0.420358
0.419725
0.420403
0.420258
0.42063
0.422016
0.421066
0.420912
0.421204
0.421204
0.420448
0.420448
0.419373
0.419147
0.41872
0.418164
0.418162
0.419191
0.419616
0.420115
0.419934
0.420061
0.420048
0.420048
0.42029
0.420498
0.420508
0.420119
0.420403
0.420145
0.419334
0.420257
0.420915
0.420751
0.420839
0.420644
0.420277
0.420104
0.421171
0.420653
0.421046
0.42074
0.42067
0.420301
0.420479
0.420479
0.420896
0.421137
0.42068
0.420568
0.420584
0.419952
0.419952
0.419592
0.419443
0.419492
0.419422
0.419704
0.419856
0.421651
0.42184
0.421013
0.420631
0.420347
0.421143
0.421466
0.422162
0.421944
0.422972
0.422913
0.423465
0.422952
0.422471
0.422265
0.42269
0.423026
0.423033
0.423184
0.423632
0.424204
0.42433
0.423902
0.422583
0.422894
0.423146
0.422471
0.422471
0.421699
0.422333
0.421475
0.421945
0.421829
0.422098
0.421638
0.421432
0.420967
0.421466
0.421466
0.422029
0.421538
0.421032
0.419998
0.419738
0.419601
0.42028
0.42077
0.420946
0.421118
0.421423
0.421192
0.421452
0.421005
0.42131
0.421586
0.421268
0.42061
0.420812
0.420634
0.420371
0.420386
0.420017
0.420756
0.420609
0.421337
0.420871
0.421518
0.421743
0.421046
0.421115
0.42089
0.421
0.4211
0.420785
0.420686
0.42059
0.420732
0.422156
0.421992
0.421829
0.422019
0.421879
0.422352
0.422382
0.422153
0.42201
0.421192
0.422343
0.422786
0.42272
0.422401
0.421808
0.421629
0.421491
0.421498
0.421397
0.420911
0.420039
0.420291
0.42035
0.42057
0.419808
0.419569
0.41979
0.420717
0.420575
0.420326
0.421063
0.421166
0.420978
0.420676
0.420988
0.421688
0.422105
0.42292
0.422635
0.422575
0.422317
0.422201
0.421342
0.421138
0.421218
0.420819
0.420586
0.419625
0.419625
0.419616
0.419616
0.419286
0.419881
0.419761
0.41957
0.420325
0.420325
0.420056
0.419044
0.418328
0.418821
0.41936
0.420386
0.419991
0.420489
0.420229
0.420021
0.419774
0.419789
0.41913
0.418968
0.420099
0.419303
0.419906
0.419583
0.419191
0.419578
0.419136
0.419483
0.419055
0.419426
0.4198
0.420067
0.420248
0.419479
0.419703
0.419634
0.419865
0.420615
0.420514
0.419981
0.420891
0.419904
0.420322
0.419939
0.420306
0.420456
0.420177
0.420079
0.420863
0.421403
0.420288
0.420912
0.420648
0.420226
0.420399
0.420246
0.420371
0.420385
0.420893
0.421447
0.421243
0.421747
0.421584
0.42147
0.422165
0.422752
0.422731
0.422822
0.422852
0.422991
0.422921
0.421876
0.422327
0.421845
0.422503
0.421495
0.421534
0.422317
0.422317
0.422734
0.422545
0.422581
0.423156
0.42187
0.421363
0.420678
0.421443
0.421718
0.421503
0.422241
0.422216
0.422352
0.421705
0.421566
0.421566
0.421566
0.421359
0.421117
0.420814
0.421493
0.421204
0.420984
0.420984
0.420742
0.420054
0.41907
0.419073
0.41935
0.419534
0.419448
0.420237
0.420631
0.421165
0.421165
0.421787
0.421594
0.421594
0.421137
0.42048
0.420833
0.420185
0.420172
0.420304
0.421243
0.421788
0.421673
0.420354
0.419631
0.419881
0.420173
0.420523
0.420895
0.421043
0.420481
0.420292
0.420193
0.419943
0.420794
0.420098
0.419769
0.4206
0.420908
0.420561
0.420372
0.420372
0.420585
0.420353
0.419487
0.420584
0.420818
0.421261
0.42196
0.421703
0.421019
0.421611
0.421234
0.420782
0.419813
0.420624
0.421638
0.42226
0.422929
0.422256
0.421455
0.420787
0.421051
0.420718
0.420775
0.42017
0.420634
0.420818
0.42077
0.420646
0.420082
0.420909
0.420992
0.421296
0.420796
0.42123
0.421551
0.421685
0.420814
0.420749
0.420513
0.420513
0.421724
0.422061
0.421428
0.422407
0.422241
0.42151
0.421774
0.4216
0.421508
0.421698
0.421788
0.421599
0.421319
0.421813
0.42255
0.422131
0.422266
0.422217
0.42193
0.421702
0.422392
0.421853
0.421758
0.422311
0.422125
0.421025
0.420684
0.420684
0.421383
0.421503
0.422297
0.42225
0.422381
0.423376
0.423572
0.423065
0.423059
0.423059
0.422135
0.422185
0.422082
0.421729
0.42222
0.42222
0.42222
0.422217
0.422088
0.422251
0.422373
0.42255
0.421741
0.421741
0.421926
0.421384
0.421465
0.421467
0.420893
0.421573
0.421234
0.421257
0.421257
0.422376
0.422031
0.423177
0.4231
0.42256
0.422369
0.422243
0.422425
0.422314
0.421397
0.421042
0.421841
0.42158
0.422235
0.422389
0.423848
0.423314
0.423562
0.422529
0.423434
0.423105
0.423375
0.423073
0.42277
0.422561
0.422348
0.422045
0.422045
0.421907
0.421995
0.421859
0.421764
0.421908
0.422181
0.421799
0.421706
0.422311
0.423333
0.423692
0.42369
0.423767
0.42308
0.422539
0.422211
0.421908
0.421836
0.420878
0.420979
0.421046
0.421889
0.421323
0.420791
0.421146
0.421165
0.421632
0.421769
0.420353
0.421206
0.421206
0.421206
0.42084
0.420498
0.420498
0.420382
0.420402
0.420433
0.419641
0.419354
0.419953
0.420136
0.419649
0.41904
0.419628
0.419814
0.420359
0.420155
0.419109
0.418728
0.418728
0.419289
0.419399
0.419576
0.420768
0.420824
0.421222
0.420715
0.42067
0.421206
0.42204
0.421739
0.422405
0.422746
0.423284
0.42353
0.422971
0.423528
0.424729
0.424729
0.424217
0.423719
0.424201
0.424081
0.424636
0.423652
0.423447
0.423174
0.422751
0.422226
0.421992
0.421494
0.421684
0.421095
0.421095
0.421211
0.421602
0.420779
0.420779
0.420029
0.419472
0.42024
0.419064
0.419001
0.418141
0.417926
0.417808
0.418229
0.418568
0.418842
0.418542
0.41903
0.418772
0.418998
0.419129
0.418752
0.419427
0.419143
0.419412
0.420259
0.419982
0.420189
0.420195
0.420252
0.420462
0.421262
0.420804
0.421002
0.421507
0.421279
0.420732
0.421811
0.421645
0.422091
0.422225
0.42262
0.422894
0.423611
0.422887
0.423482
0.424831
0.424644
0.424376
0.423671
0.422682
0.422653
0.422493
0.42384
0.424374
0.424555
0.423624
0.424045
0.423513
0.423538
0.422829
0.42376
0.423318
0.423136
0.422867
0.422003
0.422117
0.422171
0.422265
0.422121
0.420941
0.420882
0.421402
0.422033
0.421183
0.421802
0.421501
0.421969
0.42167
0.421618
0.421377
0.420996
0.421347
0.421098
0.421501
0.421862
0.422016
0.422027
0.422367
0.421949
0.422456
0.421454
0.421755
0.422222
0.421987
0.422308
0.422265
0.422357
0.421331
0.422004
0.421879
0.422317
0.421666
0.421388
0.420944
0.420944
0.420518
0.421348
0.42185
0.42258
0.422075
0.421985
0.422044
0.42138
0.421629
0.421484
0.42139
