0.332802
0.333417
0.332426
0.333054
0.334047
0.33281
0.333303
0.333514
0.333808
0.333735
0.332585
0.331966
0.331966
0.33113
0.330652
0.331417
0.331417
0.332416
0.332634
0.334383
0.333254
0.332736
0.333063
0.331657
0.33329
0.332752
0.333572
0.332639
0.333161
0.332673
0.334251
0.333546
0.332623
0.334146
0.332605
0.332835
0.332112
0.334163
0.334094
0.334434
0.334228
0.33375
0.331817
0.331267
0.331466
0.331167
0.33079
0.33079
0.331181
0.331181
0.331039
0.331209
0.332097
0.332097
0.332346
0.332395
0.331926
0.332008
0.333297
0.333891
0.334621
0.332736
0.333966
0.334025
0.334202
0.33399
0.334025
0.333239
0.333351
0.333143
0.333844
0.333285
0.331818
0.333024
0.333275
0.333143
0.332826
0.33395
0.333187
0.332218
0.332227
0.332234
0.330219
0.331491
0.330236
0.330938
0.330938
0.331578
0.331142
0.331301
0.331093
0.330901
0.331486
0.33154
0.32977
0.329813
0.329417
0.330106
0.331479
0.33014
0.329069
0.329069
0.329395
0.329854
0.330541
0.33028
0.330913
0.332059
0.33148
0.331548
0.330733
0.332247
0.33268
0.33137
0.331823
0.332248
0.333748
0.334863
0.335368
0.333321
0.333519
0.333681
0.332581
0.332965
0.332955
0.331923
0.330863
0.33225
0.329833
0.329682
0.329682
0.329942
0.330488
0.329499
0.329227
0.329019
0.32822
0.327647
0.32899
0.330678
0.330646
0.329354
0.330032
0.330972
0.330889
0.330414
0.330041
0.331291
0.331014
0.330648
0.330752
0.329889
0.328459
0.329383
0.32885
0.327687
0.32726
0.327794
0.327462
0.328061
0.32993
0.330403
0.331188
0.330358
0.332319
0.331386
0.331234
0.33269
0.333342
0.332033
0.330214
0.33109
0.329543
0.329624
0.328658
0.328658
0.329137
0.329868
0.330535
0.329962
0.328832
0.330098
0.329424
0.330675
0.330695
0.331331
0.331689
0.331977
0.330953
0.331529
0.332055
0.332047
0.332789
0.332217
0.330743
0.332774
0.332376
0.333331
0.333616
0.333402
0.334688
0.332803
0.333683
0.334167
0.333342
0.33228
0.332397
0.332946
0.332113
0.331425
0.332793
0.33215
0.329974
0.330337
0.330889
0.331793
0.332431
0.332317
0.333188
0.332942
0.333257
0.333726
0.333634
0.334442
0.334074
0.331806
0.332351
0.332211
0.332373
0.331802
0.332117
0.332933
0.334222
0.333391
0.332528
0.33068
0.331534
0.330252
0.330924
0.331144
0.331972
0.331447
0.332204
0.330567
0.330758
0.331635
0.33238
0.33355
0.334554
0.333405
0.332569
0.331993
0.330733
0.33117
0.33117
0.331784
0.332762
0.333577
0.332869
0.332519
0.333351
0.331618
0.330471
0.330164
0.330635
0.330635
0.329738
0.330639
0.333325
0.334532
0.335357
0.334757
0.333255
0.333604
0.333774
0.335136
0.334374
0.334412
0.333315
0.333791
0.334087
0.335791
0.335116
0.334544
0.334491
0.332974
0.334894
0.33485
0.334343
0.334632
0.334396
0.333582
0.332417
0.331868
0.332658
0.332643
0.333528
0.333728
0.333927
0.333183
0.333464
0.332181
0.332786
0.331377
0.330752
0.332412
0.332412
0.332786
0.332924
0.333092
0.33214
0.332262
0.331762
0.331479
0.332652
0.331782
0.330925
0.330902
0.331657
0.330516
0.330516
0.330516
0.329296
0.328265
0.329328
0.329739
0.329968
0.332124
0.332248
0.332074
0.331466
0.331732
0.331577
0.331578
0.330658
0.331629
0.331386
0.331246
0.331054
0.330265
0.33133
0.330948
0.331496
0.333612
0.33206
0.331976
0.332607
0.332607
0.33112
0.33112
0.329239
0.328982
0.328484
0.327441
0.327812
0.329701
0.330595
0.331107
0.331421
0.331316
0.331155
0.331155
0.331867
0.332776
0.333574
0.331955
0.332566
0.331763
0.330399
0.331437
0.33184
0.331919
0.331909
0.33134
0.330553
0.330211
0.331736
0.331363
0.332348
0.331581
0.33161
0.331699
0.331748
0.331748
0.332101
0.332198
0.331193
0.330413
0.33069
0.329356
0.329356
0.328604
0.328617
0.329141
0.329045
0.329499
0.329633
0.332615
0.332435
0.331186
0.330781
0.330381
0.331663
0.332599
0.334098
0.334277
0.335315
0.335635
0.336055
0.33543
0.334099
0.333907
0.334503
0.335511
0.335995
0.335924
0.335939
0.336515
0.335871
0.334371
0.33219
0.332995
0.333982
0.333183
0.333183
0.332716
0.334094
0.332728
0.333176
0.33314
0.333383
0.333188
0.332554
0.332052
0.332298
0.332298
0.333137
0.33329
0.332139
0.329958
0.329832
0.329654
0.330335
0.331644
0.33206
0.332035
0.332729
0.332253
0.332403
0.331448
0.332277
0.332695
0.33253
0.331432
0.331959
0.33159
0.331353
0.331013
0.33089
0.332379
0.33226
0.333187
0.331942
0.332926
0.333668
0.332208
0.332566
0.331971
0.331967
0.332602
0.332713
0.332495
0.332073
0.332288
0.334663
0.33438
0.333912
0.33425
0.333992
0.334822
0.334348
0.333729
0.333144
0.331839
0.333553
0.334055
0.333875
0.333558
0.33267
0.332468
0.332098
0.332585
0.332534
0.331327
0.33019
0.330887
0.330629
0.331195
0.329456
0.329169
0.329215
0.331333
0.330843
0.330424
0.331632
0.332115
0.331916
0.332069
0.332531
0.333767
0.334152
0.335865
0.335425
0.335495
0.335111
0.334178
0.333094
0.332779
0.332883
0.332016
0.331755
0.33047
0.33047
0.330096
0.330096
0.330076
0.330887
0.329981
0.329224
0.330977
0.330977
0.330165
0.328139
0.328181
0.328937
0.329184
0.331114
0.329863
0.330305
0.33045
0.330533
0.331061
0.33119
0.329527
0.329073
0.331296
0.329352
0.330468
0.329642
0.329089
0.330087
0.329746
0.329807
0.328737
0.329492
0.330809
0.331052
0.33215
0.330768
0.331459
0.330393
0.331275
0.33227
0.332413
0.331832
0.332811
0.330971
0.331663
0.330919
0.331483
0.331902
0.331504
0.331028
0.333223
0.333431
0.331369
0.332014
0.33165
0.331085
0.33092
0.33088
0.330604
0.331204
0.332651
0.332895
0.332568
0.33344
0.33315
0.332603
0.334165
0.335497
0.334791
0.33418
0.333741
0.333874
0.3342
0.332741
0.333512
0.332604
0.333457
0.33187
0.332481
0.333969
0.333969
0.334348
0.334497
0.334357
0.334983
0.332691
0.332068
0.330007
0.33135
0.33242
0.332633
0.334633
0.334071
0.334657
0.333337
0.333049
0.333049
0.333049
0.332763
0.332136
0.33138
0.332281
0.331884
0.331901
0.331901
0.331577
0.330513
0.3294
0.32951
0.329815
0.330759
0.330101
0.331011
0.331785
0.332409
0.332409
0.332953
0.332879
0.332879
0.333002
0.331457
0.331823
0.331234
0.33131
0.331782
0.332984
0.333542
0.332593
0.330258
0.329372
0.330155
0.331028
0.332063
0.332426
0.332664
0.331278
0.331199
0.330384
0.330012
0.331796
0.330237
0.32956
0.330771
0.331484
0.331146
0.331023
0.331023
0.331796
0.33106
0.329874
0.331045
0.33127
0.33208
0.332828
0.332646
0.331706
0.332881
0.332104
0.331841
0.33083
0.331709
0.33354
0.334658
0.335724
0.334876
0.33299
0.331438
0.331358
0.33192
0.331927
0.331031
0.331699
0.332438
0.332234
0.332659
0.332316
0.333491
0.333503
0.333238
0.33224
0.332829
0.333413
0.333158
0.33132
0.331604
0.331682
0.331682
0.333265
0.33422
0.333559
0.334887
0.334381
0.333383
0.333976
0.33394
0.333477
0.334045
0.334479
0.333542
0.332228
0.33297
0.334449
0.333895
0.33387
0.334403
0.333809
0.333076
0.334348
0.333105
0.332906
0.333844
0.333938
0.332098
0.331738
0.331738
0.332852
0.333203
0.334779
0.334496
0.334305
0.336331
0.336756
0.335841
0.334913
0.334913
0.333254
0.333677
0.333227
0.332571
0.334241
0.334241
0.334241
0.334479
0.333995
0.334587
0.334712
0.334932
0.333869
0.333869
0.334631
0.33394
0.333577
0.333004
0.332326
0.334173
0.333452
0.333065
0.333065
0.334692
0.334381
0.3363
0.336904
0.335673
0.335618
0.335188
0.335644
0.335178
0.333875
0.333043
0.333753
0.332972
0.334518
0.334584
0.337155
0.33617
0.337068
0.334976
0.33668
0.335152
0.335583
0.334864
0.334566
0.334224
0.333649
0.332664
0.332664
0.332325
0.332575
0.333612
0.333332
0.333154
0.333348
0.332814
0.332831
0.334162
0.335696
0.336317
0.3366
0.336353
0.334909
0.333675
0.333141
0.332808
0.333282
0.332222
0.332147
0.332506
0.33384
0.332831
0.331671
0.332338
0.332305
0.332857
0.332985
0.331198
0.332381
0.332381
0.332381
0.332442
0.331381
0.331381
0.330667
0.331341
0.331054
0.329803
0.328731
0.329876
0.330015
0.328845
0.32863
0.329432
0.330363
0.331036
0.331437
0.329169
0.328765
0.328765
0.329862
0.329607
0.330828
0.333068
0.332282
0.332987
0.332039
0.331675
0.331872
0.333069
0.332637
0.333279
0.333792
0.334567
0.334837
0.333357
0.334781
0.337037
0.337037
0.336218
0.335274
0.33599
0.336572
0.337467
0.335898
0.335786
0.335227
0.335065
0.334131
0.333867
0.333055
0.33373
0.332071
0.332071
0.332979
0.33356
0.331652
0.331652
0.330225
0.329584
0.330161
0.328268
0.327637
0.326495
0.326695
0.326316
0.327099
0.328194
0.329234
0.327842
0.329528
0.328739
0.329001
0.328671
0.328097
0.329478
0.328973
0.329655
0.331042
0.330278
0.330281
0.330133
0.330491
0.330752
0.332181
0.330995
0.33184
0.332627
0.332053
0.331161
0.333167
0.332669
0.333966
0.333855
0.33449
0.334782
0.335417
0.334639
0.335715
0.33819
0.338064
0.337406
0.336088
0.334188
0.334462
0.334312
0.336657
0.337704
0.337694
0.335798
0.335941
0.335359
0.335871
0.334728
0.336203
0.33543
0.334798
0.334521
0.333284
0.33338
0.333303
0.333802
0.333061
0.331316
0.331325
0.331881
0.332332
0.331672
0.332899
0.332305
0.333405
0.333204
0.332703
0.331983
0.332021
0.332454
0.332137
0.333638
0.334053
0.333878
0.333535
0.333396
0.332826
0.334103
0.332728
0.333342
0.333799
0.33315
0.333555
0.332921
0.333123
0.331494
0.332467
0.332736
0.333653
0.333514
0.333241
0.332519
0.332519
0.331244
0.333176
0.334392
0.334632
0.333305
0.333127
0.333382
0.332294
0.332809
0.332623
0.332853
