0.02050334 
0.08128654 
0.17797238 
0.30488951 
0.45366697 
0.61554731 
0.78619637 
0.95784107 
1.12539635 
1.27876828 
1.42127548 
1.55259518 
1.66846042 
1.77326982 
1.86600344 
1.94732656 
2.01439746 
2.07743209 
2.12696025 
2.17223974 
2.21020655 
2.24471832 
2.27282269 
2.30069587 
2.32443265 
2.34375592 
2.36033677 
2.37650244 
2.39165671 
2.41086609 
2.42094536 
2.42856827 
2.43876200 
2.45042546 
2.45423556 
2.45637921 
2.46162443 
2.46911028 
2.47183238 
2.47292679 
2.47314841 
2.47555041 
2.48328052 
2.48563002 
2.48646444 
2.48406973 
2.48428677 
2.48257128 
2.48860195 
2.48618605 
2.48571415 
2.47989610 
2.48142900 
2.48432820 
2.48688095 
2.48777612 
2.49147954 
2.49825245 
2.49667652 
2.50231600 
2.50377563 
2.50201636 
2.49997992 
2.49954513 
2.49840775 
2.50173027 
2.49942221 
2.50354594 
2.50238560 
2.50394176 
2.50186644 
2.49652169 
2.49866254 
2.49478013 
2.49391611 
2.49130942 
2.49447545 
2.49683856 
2.50344621 
2.50750957 
2.50287879 
2.49851534 
2.49640093 
2.49486748 
2.49600223 
2.50161453 
2.50742010 
2.50900489 
2.50490673 
2.50150108 
2.50172069 
2.50394485 
2.49975527 
2.49719077 
2.49672341 
2.50150290 
2.49523096 
2.49789952 
2.50286618 
2.49919319 
2.49352013 
2.49393629 
2.49303378 
2.49380723 
2.49505033 
2.49714540 
2.49939403 
2.49871054 
2.50042562 
2.50759117 
2.50501702 
2.50211646 
2.49889312 
2.49604019 
2.49679700 
2.49263512 
2.49434773 
2.49740384 
2.49830572 
2.49653355 
2.49705706 
2.49968921 
2.50394715 
2.50415660 
2.50257628 
2.50484544 
2.50654368 
2.50061417 
2.49858775 
2.49999614 
2.49718571 
2.50239404 
2.50230029 
2.50818353 
2.50738097 
2.50668573 
2.50791766 
2.50554445 
2.50733420 
2.50465148 
2.50222776 
2.50101578 
2.49936477 
2.49583170 
2.49224921 
2.48822205 
2.48597965 
2.49218111 
2.49842665 
2.49822519 
2.49666793 
2.49504296 
2.49376243 
2.49671065 
2.50293371 
2.50207137 
2.50354428 
2.50363796 
2.49849986 
2.49882322 
2.49540318 
2.49250481 
2.49103181 
2.48940908 
2.49116090 
2.49666540 
2.49515810 
2.49636399 
2.49175351 
2.49622326 
2.49408255 
2.49267389 
2.49595721 
2.49853736 
2.49955768 
2.50356513 
2.50312594 
2.49622237 
2.49851564 
2.49883859 
2.49922943 
2.50084730 
2.50688005 
2.50940252 
2.51228978 
2.51605475 
2.51747692 
2.51533607 
2.51050246 
2.50692975 
2.50555463 
2.50243833 
2.50387653 
2.50272574 
2.50332866 
2.50402685 
2.49954667 
2.49487736 
2.49153841 
2.49813151 
2.50060951 
2.49656625 
2.49225901 
2.49355247 
2.49571766 
2.49971132 
2.50570429 
2.50385945 
2.50232929 
2.50333891 
2.50920488 
2.50983546 
2.50927203 
2.50686438 
2.50488331 
2.49759784 
2.50170834 
2.50192903 
2.50003829 
2.50208542 
2.50758293 
2.50622431 
2.50166048 
2.50289858 
2.50693974 
2.50307414 
2.50183776 
2.50256189 
2.49967007 
2.49902901 
2.49707932 
2.49589505 
2.49784493 
2.49431403 
2.49492926 
2.49385391 
2.49803402 
2.50063656 
2.50116023 
2.50080035 
2.50227799 
2.50062165 
2.49797190 
2.49909444 
2.49593679 
2.49672753 
2.49647312 
2.49445348 
2.49652096 
2.49737604 
2.49610210 
2.49488080 
2.49177369 
2.49079791 
2.49377681 
2.49374114 
2.49679030 
2.49805688 
2.49443976 
2.49236466 
2.49270605 
2.49559892 
2.49306375 
2.49582404 
2.49304315 
2.49743471 
2.50053830 
2.50319024 
2.50498331 
2.50337447 
2.49972716 
2.50006495 
2.49769463 
2.49971635 
2.50126207 
2.50271371 
2.50737344 
2.50479626 
2.50800235 
2.50824081 
2.50670603 
2.50301654 
2.50563280 
2.49962443 
2.49850787 
2.50394829 
2.50726227 
2.51055003 
2.50688886 
2.50631463 
2.50220359 
2.50682590 
2.50675109 
2.50751391 
2.50685153 
2.50848995 
2.50858799 
2.51091930 
2.50726882 
2.50616456 
2.50639185 
2.50147827 
2.50802696 
2.50722611 
2.51162417 
2.50649202 
2.50314762 
2.50684741 
2.50628027 
2.50355596 
2.50551603 
2.50891887 
2.50504581 
2.50414653 
2.50924900 
2.50531356 
2.50483615 
2.50120724 
2.49834862 
2.49753845 
2.49515671 
2.49536104 
2.49734334 
2.49454366 
2.49571104 
2.49452103 
2.49830159 
2.49576206 
2.50192003 
2.50423802 
2.50368839 
2.49689285 
2.49994520 
2.50429141 
2.50725299 
2.50832705 
2.50933232 
2.50609043 
2.50596191 
2.50493815 
2.49621830 
2.49549495 
2.49362929 
2.49517805 
2.49408342 
2.49725711 
2.50183264 
2.50390844 
2.50286721 
2.50151318 
2.50241915 
2.50325328 
2.50032814 
2.50218216 
2.50564633 
2.50329866 
2.50141674 
2.50429606 
2.50540971 
2.50654412 
2.50424133 
2.50597978 
2.50269828 
2.50644519 
2.50805289 
2.51114649 
2.50861350 
2.50757884 
2.51375785 
2.51187294 
2.51751291 
2.51296518 
2.50843751 
2.50877619 
2.50711586 
2.50835729 
2.50429100 
2.50453887 
2.50583094 
2.50433497 
2.50168086 
2.49902937 
2.49976040 
2.50000808 
2.49989759 
2.49827543 
2.49736393 
2.49195084 
2.49810126 
2.49671682 
2.50508161 
2.50554770 
2.50394631 
2.50506503 
2.50166882 
2.50201562 
2.50126326 
2.50138660 
2.49742578 
2.49757135 
2.49854559 
2.49983994 
2.50093494 
2.49852572 
2.49925523 
2.49909702 
2.50414694 
2.50179510 
2.50362661 
2.50139202 
2.50372197 
2.49886107 
2.50190733 
2.49935570 
2.50357423 
2.50473675 
2.50466030 
2.50003686 
2.49896962 
2.50361072 
2.49900992 
2.50012124 
2.49922208 
2.49624923 
2.49932018 
2.50512736 
2.50478092 
2.50616658 
2.50402295 
2.50074809 
2.49876400 
2.49951159 
2.49590931 
2.50148647 
2.49933011 
2.49935789 
2.50212897 
2.49678573 
2.49906619 
2.49511519 
2.49736946 
2.49613105 
2.49526583 
2.49459898 
2.49801106 
2.50574258 
2.50470446 
2.50289918 
2.50017889 
2.49769507 
2.50038058 
2.50150409 
2.50254243 
2.50757258 
2.50820820 
2.50816462 
2.51089862 
2.50931931 
2.51101225 
2.50930829 
2.50534067 
2.50694234 
2.50164958 
2.49892377 
2.50203140 
2.49870752 
2.50178984 
2.50198082 
2.49812807 
2.49519155 
2.49589996 
2.49760860 
2.50061643 
2.49314734 
2.49023247 
2.48976655 
2.48989522 
2.48847807 
2.49354018 
2.49579010 
2.49352103 
2.49455064 
2.49404968 
2.49963713 
2.50058542 
2.50334050 
2.50244802 
2.50276318 
2.50130120 
2.49827397 
2.49765511 
2.49758073 
2.48931437 
2.48669735 
2.48736606 
2.48698882 
2.49284841 
2.49103242 
2.49247787 
2.49757117 
