0.00138546 
0.00557723 
0.01250135 
0.02190378 
0.03373282 
0.04779876 
0.06379662 
0.08126702 
0.09997146 
0.11967514 
0.13940813 
0.16046624 
0.18141361 
0.20186617 
0.22205013 
0.24242863 
0.26225443 
0.28114854 
0.29808244 
0.31537934 
0.33110583 
0.34883997 
0.36560053 
0.37997244 
0.39354323 
0.40567295 
0.41803420 
0.43071777 
0.44226913 
0.45429052 
0.46421441 
0.47570903 
0.48653841 
0.49670800 
0.50645284 
0.51517441 
0.52425125 
0.53202197 
0.53982129 
0.54488084 
0.55055670 
0.55799400 
0.56363684 
0.57103933 
0.57633714 
0.58169148 
0.58560438 
0.58975556 
0.59454427 
0.59530270 
0.59877689 
0.60175520 
0.60739237 
0.60952207 
0.61330134 
0.61620961 
0.61860458 
0.62234888 
0.62436147 
0.62782775 
0.63197209 
0.63488623 
0.63845572 
0.64210797 
0.64324659 
0.64420942 
0.64584459 
0.64879502 
0.65215355 
0.65276803 
0.65542256 
0.65738958 
0.65760003 
0.65936245 
0.66262332 
0.66253652 
0.66545050 
0.66730363 
0.66921426 
0.67123962 
0.67194655 
0.67387136 
0.67857636 
0.67844506 
0.67956210 
0.68325891 
0.68273662 
0.68557547 
0.68671160 
0.68883394 
0.68788206 
0.68680539 
0.68765439 
0.68991739 
0.68881415 
0.69100240 
0.69285378 
0.69435528 
0.69572943 
0.69524197 
0.69675393 
0.69793391 
0.70011820 
0.70221613 
0.70360167 
0.70389783 
0.70665299 
0.70639172 
0.70785963 
0.70868570 
0.70959516 
0.70997760 
0.71291324 
0.71361966 
0.71383232 
0.71442200 
0.71702183 
0.71677721 
0.71429778 
0.71487793 
0.71721129 
0.71748572 
0.72000054 
0.72048752 
0.72037732 
0.72391562 
0.72329692 
0.72336039 
0.72312451 
0.72404322 
0.72435188 
0.72201439 
0.72359904 
0.72498153 
0.72556007 
0.72516249 
0.72502009 
0.72793280 
0.72843000 
0.72585589 
0.72495181 
0.72666217 
0.72614598 
0.72615571 
0.72550932 
0.72557882 
0.72645237 
0.72961337 
0.72839986 
0.72961493 
0.72845711 
0.72978366 
0.72878188 
0.73058821 
0.73255694 
0.73401145 
0.73476458 
0.73227787 
0.73148184 
0.73251487 
0.73393875 
0.73411758 
0.73419320 
0.73667561 
0.73518250 
0.73526298 
0.73648231 
0.73503884 
0.73472483 
0.73624069 
0.73690070 
0.73623708 
0.73753462 
0.73709052 
0.73651240 
0.73355397 
0.73357511 
0.73249243 
0.73533679 
0.73543935 
0.73653266 
0.73755227 
0.73783853 
0.73728713 
0.73745597 
0.73849849 
0.73758784 
0.73705943 
0.73566852 
0.73474563 
0.73469046 
0.73507186 
0.73844888 
0.73908467 
0.73675934 
0.73769962 
0.73582516 
0.73486944 
0.73832434 
0.73860686 
0.73972295 
0.74111015 
0.74124725 
0.73936424 
0.74092930 
0.74058042 
0.74293812 
0.74062031 
0.73986845 
0.74120409 
0.74326006 
0.74207987 
0.74318177 
0.74164376 
0.74286545 
0.74055604 
0.74037627 
0.74014197 
0.73919496 
0.74071417 
0.74126987 
0.74057887 
0.74136707 
0.74081557 
0.74212677 
0.74325945 
0.74168420 
0.74179690 
0.74135608 
0.74029067 
0.74170550 
0.74287650 
0.74326526 
0.74477443 
0.74688902 
0.74459481 
0.74220077 
0.74116335 
0.74102603 
0.74319321 
0.74108495 
0.73715922 
0.73927373 
0.73991449 
0.73769719 
0.73801847 
0.73886043 
0.73952960 
0.74157038 
0.74172448 
0.74355390 
0.74449627 
0.74724158 
0.74773677 
0.74727663 
0.74657154 
0.74534397 
0.74608334 
0.74788358 
0.74851613 
0.74947786 
0.74983559 
0.75033655 
0.75134259 
0.75035344 
0.75017670 
0.74811695 
0.74660700 
0.74888942 
0.74891631 
0.74811210 
0.74902835 
0.75118231 
0.75112750 
0.74731638 
0.74844241 
0.74930662 
0.74713231 
0.74589201 
0.74538850 
0.74613564 
0.74642038 
0.74798648 
0.74997830 
0.74873274 
0.74910316 
0.74976620 
0.74983952 
0.75044177 
0.74980921 
0.74956859 
0.75052403 
0.75053761 
0.74817725 
0.74919754 
0.74914213 
0.74888130 
0.75075025 
0.74977233 
0.74720559 
0.74604629 
0.74951454 
0.74780943 
0.74617727 
0.74721795 
0.74824357 
0.74581293 
0.74700477 
0.74728799 
0.74863256 
0.74951999 
0.74874587 
0.74769055 
0.74734773 
0.74486390 
0.74399701 
0.74370539 
0.74484873 
0.74554981 
0.74689845 
0.74554598 
0.74417857 
0.74390462 
0.74450120 
0.74602135 
0.74704077 
0.74815367 
0.74950445 
0.74968778 
0.74972440 
0.74840290 
0.74764629 
0.74798628 
0.74909204 
0.74741774 
0.74729684 
0.74516966 
0.74737552 
0.74650736 
0.74936295 
0.74848738 
0.74941621 
0.75035254 
0.74928269 
0.74710172 
0.74493101 
0.74610883 
0.74599497 
0.74526662 
0.74598058 
0.74567541 
0.74439941 
0.74401877 
0.74537685 
0.74367839 
0.74362101 
0.74412771 
0.74167465 
0.74429922 
0.74402271 
0.74620266 
0.74699649 
0.74794040 
0.74692493 
0.74622941 
0.74586997 
0.74645638 
0.74749353 
0.75012106 
0.74951353 
0.74851696 
0.74978343 
0.75142905 
0.75080539 
0.75134505 
0.75289798 
0.75326499 
0.75267465 
0.75157341 
0.75253424 
0.75296403 
0.75322302 
0.75157814 
0.75344564 
0.75352145 
0.75603063 
0.75179203 
0.75109472 
0.75204985 
0.75178170 
0.75402831 
0.75568740 
0.75426826 
0.75197219 
0.75085997 
0.75006784 
0.75141882 
0.75200923 
0.75157279 
0.75440175 
0.75344587 
0.75490414 
0.75703790 
0.75583489 
0.75315710 
0.75265390 
0.75105125 
0.74893422 
0.74851799 
0.75058750 
0.75006749 
0.75176059 
0.75206637 
0.75180165 
0.75330706 
0.75423245 
0.75378469 
0.75225037 
0.75138428 
0.74995791 
0.75121247 
0.75003777 
0.75066736 
0.75080340 
0.74813351 
0.74798403 
0.75007255 
0.75169438 
0.75288939 
0.74916798 
0.75125580 
0.75116910 
0.74904578 
0.75177293 
0.75146663 
0.75081568 
0.75132304 
0.75189520 
0.75054651 
0.74979780 
0.75027474 
0.74992492 
0.75009294 
0.75145463 
0.75328896 
0.75148209 
0.74968278 
0.75101020 
0.75029223 
0.74909227 
0.74828872 
0.74793838 
0.74873742 
0.74934495 
0.74855807 
0.74866625 
0.74912627 
0.74920689 
0.75190128 
0.74966122 
0.74923718 
0.75144259 
0.75051884 
0.75115339 
0.75002538 
0.74989734 
0.74981712 
0.74988607 
0.74883047 
0.74808490 
0.74722572 
0.74745348 
0.75120126 
0.75032786 
0.75059288 
0.75068012 
0.75076288 
0.75213349 
0.75319240 
0.75190891 
0.75456683 
0.75157937 
0.75122655 
0.75276490 
0.75266843 
0.75380105 
0.75052669 
0.75090441 
0.74804960 
0.74707544 
0.74523019 
0.74663867 
0.74962700 
0.74923094 
0.74833548 
0.75170224 
0.75217483 
0.75103091 
0.75199507 
0.75407905 
