0.0304401
0.0610122
0.0915772
0.121527
0.151064
0.180393
0.209123
0.237042
0.264342
0.29041
0.315395
0.340455
0.364621
0.387758
0.40962
0.430925
0.451351
0.470861
0.488816
0.506915
0.524649
0.542076
0.558649
0.574088
0.588448
0.602059
0.615354
0.628667
0.64168
0.65487
0.667035
0.678935
0.690857
0.702606
0.71408
0.724285
0.733619
0.743587
0.752786
0.76109
0.76942
0.778169
0.785311
0.793481
0.800409
0.808006
0.814091
0.820859
0.82718
0.83237
0.83765
0.843192
0.848972
0.855331
0.861588
0.867159
0.871769
0.877605
0.882563
0.887922
0.892267
0.896538
0.900885
0.904968
0.908524
0.911812
0.915526
0.919607
0.924125
0.927319
0.931466
0.935951
0.938781
0.942084
0.94604
0.948899
0.952216
0.95505
0.957686
0.960218
0.962834
0.965082
0.96857
0.971747
0.975783
0.979785
0.981624
0.985037
0.987062
0.991096
0.991717
0.993104
0.996211
0.999742
1.00113
1.00411
1.00677
1.00935
1.01211
1.0136
1.01561
1.01844
1.02069
1.02324
1.02596
1.02763
1.02898
1.03022
1.03192
1.03395
1.03519
1.03702
1.03942
1.04073
1.04208
1.04403
1.04714
1.04807
1.04854
1.04982
1.05236
1.05445
1.05717
1.05817
1.05918
1.06038
1.0618
1.0631
1.0636
1.06446
1.06476
1.06464
1.06625
1.06706
1.06926
1.07033
1.07109
1.07316
1.07393
1.07269
1.0737
1.07472
1.07571
1.07669
1.077
1.07754
1.07828
1.07996
1.08086
1.08174
1.08162
1.08269
1.08295
1.08433
1.08471
1.08652
1.08757
1.08775
1.08912
1.08983
1.09139
1.09183
1.09228
1.09268
1.09265
1.0932
1.0937
1.0941
1.09428
1.09415
1.09452
1.09455
1.0949
1.09521
1.09549
1.09549
1.09548
1.0954
1.0965
1.09685
1.09715
1.09826
1.09907
1.09885
1.09949
1.10013
1.10052
1.1007
1.10072
1.10191
1.10201
1.10301
1.10298
1.10423
1.10383
1.10333
1.10327
1.10293
1.10492
1.1048
1.10491
1.10508
1.10617
1.10578
1.10613
1.10635
1.10753
1.10634
1.10577
1.10606
1.10738
1.10825
1.11019
1.10993
1.11099
1.11092
1.11085
1.11101
1.11086
1.11175
1.11268
1.11256
1.11302
1.11433
1.11516
1.11586
1.11571
1.11611
1.11553
1.11557
1.11627
1.1157
1.11507
1.11631
1.11718
1.11678
1.11694
1.11646
1.11643
1.11684
1.1161
1.11513
1.11554
1.11651
1.11605
1.11668
1.1178
1.11891
1.11991
1.121
1.12106
1.12191
1.12234
1.12259
1.12266
1.12237
1.12324
1.12394
1.12427
1.12461
1.1251
1.12461
1.12558
1.12575
1.1253
1.12608
1.12589
1.12597
1.12742
1.12799
1.12793
1.12885
1.12959
1.1296
1.12913
1.12865
1.12885
1.12799
1.12786
1.12774
1.12745
1.12731
1.12832
1.12872
1.12845
1.1284
1.12877
1.12881
1.12877
1.129
1.1293
1.12979
1.13019
1.13021
1.13034
1.13109
1.13227
1.13233
1.13093
1.13129
1.13022
1.13182
1.13204
1.13133
1.13161
1.13101
1.13047
1.13084
1.13096
1.13198
1.13211
1.13196
1.13162
1.1313
1.13052
1.1298
1.13022
1.12997
1.12968
1.13038
1.13058
1.13107
1.13127
1.13185
1.13224
1.13318
1.13288
1.13279
1.13367
1.13333
1.13288
1.13266
1.13214
1.13266
1.13227
1.13234
1.13167
1.13364
1.13403
1.13443
1.1341
1.13382
1.13448
1.13293
1.13184
1.13156
1.13135
1.13073
1.13146
1.13037
1.12979
1.12898
1.12917
1.12895
1.12865
1.12806
1.12857
1.12726
1.12819
1.12864
1.12936
1.13047
1.13031
1.13036
1.12958
1.13075
1.13107
1.13114
1.13248
1.13241
1.13139
1.13145
1.13269
1.13321
1.13363
1.13404
1.13417
1.13389
1.13391
1.13426
1.13531
1.1355
1.13542
1.1356
1.13474
1.13591
1.13474
1.1354
1.1351
1.13543
1.13701
1.13706
1.13641
1.13544
1.13509
1.13619
1.13651
1.13719
1.13698
1.13659
1.13535
1.13577
1.13676
1.13583
1.13436
1.13407
1.1337
1.13331
1.13311
1.13431
1.13437
1.13459
1.1348
1.13451
1.13449
1.13546
1.13579
1.13514
1.13502
1.13493
1.13465
1.13458
1.13428
1.13451
1.13339
1.13344
1.13381
1.13394
1.13373
1.13302
1.13428
1.13397
1.13289
1.13327
1.13356
1.1341
1.13466
1.1346
1.13396
1.13305
1.13322
1.13312
1.1336
1.13439
1.13471
1.13484
1.13351
1.13456
1.13423
1.13301
1.13318
1.13354
1.13328
1.13392
1.13374
1.13472
1.13467
1.13396
1.13435
1.13375
1.13327
1.13354
1.13381
1.13354
1.13297
1.13312
1.13149
1.13138
1.1318
1.13115
1.1315
1.1321
1.13208
1.13139
1.13255
1.13259
1.13188
1.13182
1.13305
1.13297
1.13366
1.13202
1.1324
1.13357
1.13385
1.13391
1.13306
1.13282
1.13104
1.13096
1.13049
1.13101
1.13289
1.13275
1.13292
1.13388
1.13374
1.13286
1.13307
1.13346
