0.03046614 0.03035440 0.03049984 
0.06114869 0.06083657 0.06105143 
0.09202905 0.09140204 0.09130065 
0.12166947 0.12167084 0.12124055 
0.15095058 0.15119271 0.15104758 
0.18052435 0.18089458 0.17975937 
0.20942540 0.21021241 0.20773057 
0.23796583 0.23794526 0.23521428 
0.26571456 0.26523697 0.26207536 
0.29213436 0.29134933 0.28774694 
0.31758853 0.31610696 0.31249065 
0.34240446 0.34145800 0.33750160 
0.36616136 0.36609003 0.36161190 
0.38948618 0.38963257 0.38415480 
0.41108307 0.41115612 0.40662104 
0.43087247 0.43361856 0.42828352 
0.45100369 0.45393556 0.44911450 
0.47073162 0.47391901 0.46793277 
0.48944228 0.49186681 0.48513821 
0.50743533 0.51014299 0.50316703 
0.52612842 0.52814752 0.51966969 
0.54371771 0.54542323 0.53708699 
0.55981402 0.56168709 0.55444629 
0.57630250 0.57686528 0.56909691 
0.59143674 0.59280764 0.58110035 
0.60614502 0.60645004 0.59358236 
0.61910832 0.62044217 0.60651181 
0.63253477 0.63415143 0.61931380 
0.64663365 0.64558452 0.63282169 
0.66008059 0.65846492 0.64606376 
0.67192517 0.67160556 0.65757438 
0.68426227 0.68236802 0.67017377 
0.69597593 0.69411518 0.68247845 
0.70807788 0.70579372 0.69394639 
0.71891259 0.71773213 0.70559600 
0.72825445 0.72899407 0.71560782 
0.73736904 0.74000112 0.72348668 
0.74592935 0.75183944 0.73299241 
0.75492226 0.76005728 0.74337774 
0.76273901 0.76915426 0.75137551 
0.76970862 0.77769245 0.76085766 
0.77782423 0.78789420 0.76878721 
0.78292213 0.79484667 0.77816490 
0.79218312 0.80123956 0.78702002 
0.79834471 0.80704627 0.79583684 
0.80557853 0.81541594 0.80302414 
0.81085548 0.82187371 0.80954342 
0.81919375 0.82837280 0.81501038 
0.82515508 0.83343404 0.82295184 
0.83020422 0.83838621 0.82851819 
0.83605718 0.84323358 0.83365865 
0.84219210 0.84830673 0.83907612 
0.84709083 0.85580424 0.84401998 
0.85470257 0.86123782 0.85005394 
0.86002160 0.86900906 0.85573209 
0.86508346 0.87485944 0.86153480 
0.87064985 0.87923452 0.86542228 
0.87459462 0.88690365 0.87131702 
0.88023571 0.89145917 0.87599493 
0.88514758 0.89673297 0.88188589 
0.88706957 0.90243213 0.88730035 
0.89100895 0.90807028 0.89053496 
0.89574632 0.91303911 0.89387099 
0.90011456 0.91631243 0.89847664 
0.90330577 0.92093745 0.90133012 
0.90768901 0.92232473 0.90542262 
0.91256555 0.92576655 0.90824706 
0.91708650 0.93086194 0.91087166 
0.92006547 0.93651224 0.91579671 
0.92392348 0.93985230 0.91818107 
0.92884337 0.94433393 0.92122218 
0.93414177 0.94826905 0.92544288 
0.93679809 0.95177463 0.92776903 
0.94013603 0.95530129 0.93081368 
0.94419374 0.95919447 0.93473138 
0.94810095 0.96125473 0.93734086 
0.95217463 0.96260186 0.94187215 
0.95411677 0.96694340 0.94408956 
0.95764514 0.96954717 0.94586543 
0.96158052 0.97088723 0.94818524 
0.96388318 0.97355251 0.95106750 
0.96661669 0.97652912 0.95210093 
0.96939226 0.98085120 0.95546804 
0.97096904 0.98488502 0.95938831 
0.97592607 0.99020596 0.96121725 
0.97983436 0.99440423 0.96511637 
0.98197165 0.99601050 0.96689001 
0.98573285 0.99814540 0.97123379 
0.98683045 1.00080766 0.97354851 
0.98890037 1.00531441 0.97907331 
0.98757230 1.00675944 0.98082016 
0.98679186 1.00810832 0.98441122 
0.98828668 1.01099077 0.98935669 
0.99375905 1.01387209 0.99159635 
0.99622233 1.01498868 0.99216739 
0.99964101 1.01651233 0.99619150 
1.00367843 1.01890124 0.99774488 
1.00693241 1.02144274 0.99966706 
1.00958272 1.02372167 1.00301964 
1.00998173 1.02606928 1.00474880 
1.01190786 1.02751832 1.00741616 
1.01451253 1.02983417 1.01098724 
1.01688530 1.03151161 1.01366354 
1.01828937 1.03424991 1.01716859 
1.02168050 1.03647349 1.01973795 
1.02338914 1.03725533 1.02225863 
1.02379721 1.03860687 1.02454419 
1.02563173 1.03966091 1.02535629 
1.02905161 1.04092413 1.02578966 
1.03204064 1.04221904 1.02758604 
1.03475148 1.04286332 1.02795953 
1.03584167 1.04510699 1.03010225 
1.03729382 1.04724338 1.03371816 
1.03703150 1.04833925 1.03682948 
1.03791434 1.05039790 1.03793508 
1.03985308 1.05137184 1.04087136 
1.04331790 1.05432518 1.04377250 
1.04410216 1.05534046 1.04477802 
1.04643775 1.05424749 1.04493732 
1.04756166 1.05681976 1.04507504 
1.05034646 1.05923546 1.04749791 
1.05360904 1.06147490 1.04827657 
1.05690306 1.06408407 1.05053735 
1.05818015 1.06446265 1.05187011 
1.05721187 1.06582213 1.05449379 
1.05893589 1.06704259 1.05514776 
1.05979350 1.06825731 1.05734640 
1.06230769 1.06838268 1.05861253 
1.06556968 1.06838040 1.05685285 
1.06542900 1.06906453 1.05889443 
1.06495126 1.06783503 1.06149789 
1.06389994 1.06776251 1.06225705 
1.06603574 1.06865157 1.06406177 
1.06742810 1.07038505 1.06337290 
1.07052050 1.07187785 1.06537555 
1.07025613 1.07324929 1.06749868 
1.07134673 1.07412172 1.06778975 
1.07208312 1.07651984 1.07087387 
1.07323770 1.07711705 1.07142492 
1.07168629 1.07658640 1.06980586 
1.07216694 1.07841860 1.07051275 
1.07371529 1.07753993 1.07290427 
1.07584291 1.07749117 1.07378862 
1.07598873 1.07876610 1.07531923 
1.07661110 1.07880274 1.07560091 
1.07715557 1.08105987 1.07441340 
1.07889746 1.08254930 1.07338890 
1.07967350 1.08468765 1.07550858 
1.07992523 1.08541265 1.07724706 
1.08071144 1.08537774 1.07911598 
1.08118950 1.08480825 1.07887595 
1.08098258 1.08596034 1.08113948 
1.08075783 1.08614260 1.08194321 
1.08138290 1.08868823 1.08291634 
1.08187985 1.08821912 1.08402414 
1.08375334 1.08983807 1.08597893 
1.08590224 1.09038777 1.08641111 
1.08532999 1.09066500 1.08726519 
1.08911296 1.09146194 1.08679877 
1.08888258 1.09217660 1.08843616 
1.09003092 1.09444184 1.08970811 
1.09104522 1.09525072 1.08919631 
1.09191459 1.09669768 1.08822931 
1.09050952 1.09789141 1.08964935 
1.09171252 1.09826462 1.08797566 
1.09076628 1.09974096 1.08910549 
1.09242894 1.09806459 1.09061374 
1.09447423 1.09834180 1.08948147 
1.09522769 1.09886859 1.08875129 
1.09521296 1.09874181 1.08848508 
1.09467024 1.09946783 1.08943391 
1.09590016 1.09954337 1.08819850 
1.09653060 1.09884838 1.08932389 
1.09683833 1.09968400 1.08909998 
1.09645437 1.09988647 1.09012908 
1.09603909 1.10065407 1.08976309 
1.09558807 1.09948103 1.09136724 
1.09385086 1.10140927 1.09094552 
1.09652195 1.10110775 1.09185680 
1.09731593 1.10169063 1.09155370 
1.09832611 1.10323394 1.08989647 
1.09837190 1.10344265 1.09297726 
1.09871068 1.10460681 1.09390394 
1.09827524 1.10372620 1.09454169 
1.09814104 1.10463028 1.09570409 
1.09748793 1.10675994 1.09613209 
1.10028302 1.10647397 1.09478991 
1.09956680 1.10762925 1.09491441 
1.09985898 1.10778278 1.09451360 
1.10013083 1.10937857 1.09622951 
1.10092486 1.10941323 1.09568066 
1.10207257 1.11062679 1.09633322 
1.09971657 1.11150448 1.09773216 
1.10258777 1.11272614 1.09737967 
1.10326859 1.11133859 1.09689306 
1.10351832 1.11015867 1.09632009 
1.10442687 1.10949648 1.09589275 
1.10466648 1.10914302 1.09497585 
1.10758608 1.11060888 1.09657844 
1.10761714 1.10960621 1.09716564 
1.10708946 1.11116500 1.09647796 
1.10497354 1.11243650 1.09783170 
1.10649067 1.11288820 1.09911877 
1.10613408 1.11357854 1.09763905 
1.10674035 1.11195113 1.09969300 
1.10667349 1.11293266 1.09943688 
1.10634061 1.11425970 1.10199071 
1.10472791 1.11342531 1.10086999 
1.10417795 1.11366097 1.09947105 
1.10353748 1.11390768 1.10073004 
1.10569835 1.11375385 1.10267596 
1.10605360 1.11564848 1.10306145 
1.10735335 1.11711893 1.10609896 
1.10639922 1.11639697 1.10697992 
1.10700392 1.11653208 1.10942472 
1.10695072 1.11640950 1.10939502 
1.10568573 1.11877700 1.10807288 
1.10692498 1.11881518 1.10729584 
1.10566591 1.11808193 1.10883539 
1.10694731 1.11994121 1.10837069 
1.10648416 1.12112247 1.11042855 
1.10688597 1.12024911 1.11053388 
1.10846185 1.12120335 1.10939381 
1.10984812 1.12180427 1.11132893 
1.11077387 1.12288539 1.11181382 
1.11198261 1.12239863 1.11318735 
1.11168375 1.12154049 1.11391979 
1.11172981 1.12127190 1.11532568 
1.11264435 1.11873089 1.11522344 
1.11225458 1.11643217 1.11801791 
1.11480081 1.11684408 1.11717492 
1.11353667 1.11689947 1.11665371 
1.11250625 1.11638903 1.11632169 
1.11276331 1.11857308 1.11760648 
1.11239155 1.12050134 1.11864966 
1.11198096 1.12161911 1.11674713 
1.11270116 1.12220825 1.11591185 
1.11135349 1.12201068 1.11600595 
1.11205029 1.12151668 1.11572994 
1.11267840 1.12216884 1.11566297 
1.11210546 1.12296280 1.11324165 
1.11012612 1.12194383 1.11333437 
1.10988741 1.12141913 1.11530766 
1.11029213 1.12416998 1.11505328 
1.10873077 1.12543851 1.11397781 
1.10981353 1.12592098 1.11429817 
1.11081798 1.12641108 1.11617014 
1.11259121 1.12708532 1.11704962 
1.11390326 1.12791714 1.11790970 
1.11558622 1.12834557 1.11907777 
1.11685846 1.12792616 1.11839656 
1.11800074 1.12734124 1.12039210 
1.11833702 1.12848810 1.12018677 
1.11790491 1.13039595 1.11945698 
1.11872109 1.13210396 1.11715458 
1.11894368 1.13309028 1.11507630 
1.11983427 1.13483018 1.11505427 
1.12154157 1.13600263 1.11427809 
1.12177102 1.13688950 1.11415955 
1.12085794 1.13729496 1.11568262 
1.12126809 1.13702137 1.11700314 
1.12114948 1.13571043 1.11696943 
1.12237116 1.13719106 1.11716783 
1.12145805 1.13786445 1.11792508 
1.12169252 1.13719137 1.11702030 
1.12217310 1.13738938 1.11866576 
1.12193306 1.13836857 1.11735364 
1.12065388 1.13913494 1.11812397 
1.12250826 1.13966203 1.12007502 
1.12365731 1.14011080 1.12019868 
1.12244682 1.13954589 1.12179626 
1.12170860 1.14224233 1.12260333 
1.12223008 1.14434516 1.12219684 
1.12325498 1.14522280 1.12032094 
1.12162145 1.14586779 1.11991425 
1.12258411 1.14400852 1.11934427 
1.12414579 1.14348251 1.11891211 
1.12325719 1.14145852 1.11926332 
1.12220909 1.14068693 1.12068758 
1.12203531 1.14064698 1.12053692 
1.12093385 1.14082219 1.12058754 
1.12096340 1.14033902 1.12063116 
1.12152176 1.13982029 1.12360731 
1.12133262 1.13971215 1.12510616 
1.12139087 1.14096850 1.12298735 
1.12218025 1.14062881 1.12237960 
1.12331079 1.14146124 1.12152422 
1.12214262 1.14172052 1.12257552 
1.12113940 1.14166363 1.12351293 
1.12101772 1.14141493 1.12456960 
1.12140754 1.14293979 1.12355310 
1.11997912 1.14344474 1.12593945 
1.12073210 1.14393596 1.12589394 
1.12200281 1.14273105 1.12589379 
1.12151944 1.14317300 1.12633832 
1.12228728 1.14263470 1.12834649 
1.12530995 1.14171646 1.12977410 
1.12554423 1.14087848 1.13056216 
1.12485979 1.13921307 1.12870445 
1.12525974 1.13903156 1.12958699 
1.12355446 1.13955491 1.12753953 
1.12502774 1.14236968 1.12807476 
1.12494741 1.14253310 1.12864441 
1.12136600 1.14457965 1.12803431 
1.12187388 1.14424251 1.12871312 
1.12148099 1.14195877 1.12958531 
1.12061642 1.14165713 1.12912449 
1.12250341 1.14352360 1.12648188 
1.12319552 1.14334172 1.12634074 
1.12350527 1.14254692 1.12987990 
1.12324164 1.14271608 1.13037210 
1.12231025 1.14435751 1.12921411 
1.12238249 1.14321377 1.12927113 
1.12190203 1.14336877 1.12863008 
1.12209751 1.14129838 1.12817710 
1.12293564 1.13990209 1.12655678 
1.12350249 1.13903870 1.12811990 
1.12295960 1.13993831 1.12700375 
1.12284969 1.13992376 1.12626743 
1.12344223 1.14121284 1.12649235 
1.12275210 1.14055255 1.12843165 
1.12330367 1.13874344 1.13115094 
1.12379725 1.13912919 1.13087020 
1.12262411 1.14061887 1.13230734 
1.12236994 1.14121184 1.13313645 
1.12212197 1.14347166 1.13394015 
1.12059099 1.14458014 1.13346513 
1.11971222 1.14456932 1.13409733 
1.11972205 1.14422373 1.13707441 
1.11935179 1.14320964 1.13743412 
1.11836961 1.14450097 1.13576496 
1.11752658 1.14548631 1.13497211 
1.11729980 1.14573605 1.13339752 
1.11716828 1.14744252 1.13337546 
1.11861076 1.14618414 1.13200370 
1.11844087 1.14690375 1.13168855 
1.11811067 1.14561875 1.13128456 
1.11945088 1.14568580 1.13578316 
1.12029346 1.14471510 1.13707741 
1.12036125 1.14476185 1.13816668 
1.11778437 1.14511062 1.13941428 
1.11804052 1.14389738 1.13953111 
1.11921678 1.14373554 1.14050028 
1.11731228 1.14249281 1.13897033 
1.11674227 1.14142401 1.13734869 
1.11649456 1.14176549 1.13642968 
1.11811620 1.14177449 1.13417357 
1.11611037 1.14233029 1.13376152 
1.11756945 1.14319580 1.13362460 
1.11722372 1.14010095 1.13377512 
1.11880369 1.13723843 1.13331824 
1.11887201 1.13495947 1.13311056 
1.11954265 1.13356675 1.13438896 
1.11761010 1.13358736 1.13566516 
1.11874819 1.13172308 1.13547344 
1.11732239 1.13103270 1.13583409 
1.11697960 1.13240809 1.13631682 
1.11628673 1.13008438 1.13539512 
1.11695979 1.13139454 1.13620195 
1.11992980 1.13102414 1.13497715 
1.11989424 1.13203944 1.13614934 
1.12144930 1.13477685 1.13517367 
1.12240814 1.13416375 1.13434450 
1.12012704 1.13709120 1.13385337 
1.11841670 1.13712133 1.13319652 
1.11962631 1.13728372 1.13533013 
1.12005772 1.13913777 1.13402863 
1.11953081 1.13933477 1.13454853 
1.12113901 1.14110593 1.13520788 
1.12064946 1.14130225 1.13526984 
1.12077448 1.13920385 1.13419871 
1.12191236 1.13765355 1.13478445 
1.12548112 1.13937376 1.13321266 
1.12607022 1.13851710 1.13505734 
1.12865334 1.14037173 1.13185169 
1.12953178 1.14147915 1.13109921 
1.12809551 1.14196812 1.13243270 
1.12747251 1.14229862 1.13189259 
1.12672303 1.14307559 1.13192577 
1.12708025 1.14332854 1.13236459 
1.12773828 1.14516995 1.13302178 
1.12600162 1.14620993 1.13430095 
1.12777100 1.14595809 1.13252052 
1.12815342 1.14470084 1.13395969 
1.12839152 1.14251082 1.13332598 
1.13040413 1.14135057 1.13598156 
1.13035085 1.13975043 1.13412791 
1.13069032 1.14115906 1.13434093 
1.12945348 1.14111581 1.13473016 
1.13013049 1.14163278 1.13451240 
1.13294857 1.14289595 1.13517223 
1.13397556 1.14177019 1.13542558 
1.13272478 1.14197825 1.13452541 
1.13288665 1.14143488 1.13198474 
1.13175135 1.14065745 1.13285243 
1.13349877 1.14170819 1.13336544 
1.13383107 1.14237093 1.13332839 
1.13291181 1.14377617 1.13487873 
1.13387265 1.14307738 1.13397685 
1.13328162 1.14154316 1.13495321 
1.13093824 1.14121661 1.13388019 
1.13066696 1.14236632 1.13427337 
1.13367247 1.14229191 1.13431299 
1.13445246 1.13895169 1.13408959 
1.13349230 1.13629883 1.13328999 
1.13378692 1.13555367 1.13285507 
1.13200467 1.13538656 1.13371680 
1.13198727 1.13379615 1.13414524 
1.13168511 1.13292821 1.13470829 
1.13178869 1.13496762 1.13618533 
1.12930578 1.13493417 1.13885644 
1.13061720 1.13584350 1.13730766 
1.13004266 1.13612549 1.13824377 
1.13130927 1.13391424 1.13830997 
1.13172262 1.13319205 1.13854780 
1.13247135 1.13517261 1.13873249 
1.13368409 1.13353296 1.14015460 
1.13358639 1.13329300 1.13854632 
1.13514250 1.13313096 1.13677579 
1.13643762 1.13330912 1.13504200 
1.13804796 1.13405360 1.13183919 
1.13822916 1.13455475 1.13095794 
1.13774981 1.13328897 1.13180983 
1.13712991 1.13403263 1.13236345 
1.13646052 1.13176155 1.13195543 
1.13885436 1.12995949 1.13149886 
1.13944662 1.13080487 1.13118586 
1.14131975 1.13109357 1.12939410 
1.14056904 1.13023800 1.13036961 
1.14141809 1.13002156 1.12763191 
1.14278670 1.13035143 1.12969700 
1.14227106 1.13228403 1.12734727 
1.14164101 1.13131478 1.12570018 
1.14116866 1.13175795 1.12689743 
1.14187240 1.13149612 1.12732291 
1.14247309 1.13332074 1.12651650 
1.14504938 1.13468445 1.12426095 
1.14561853 1.13531098 1.12286199 
1.14679034 1.13241433 1.12268340 
1.14539051 1.13187292 1.12188313 
1.14414094 1.13265588 1.12285019 
1.14397210 1.13213867 1.12325014 
1.14541481 1.13046656 1.12492351 
1.14530632 1.13120212 1.12667160 
1.14683264 1.13084454 1.12646388 
1.14830707 1.12981131 1.12640832 
1.14730986 1.12946876 1.12374612 
1.14682985 1.13202564 1.12482925 
1.14669355 1.13281372 1.12316886 
1.14521088 1.13180873 1.12200101 
1.14498150 1.13173934 1.12281994 
1.14678334 1.13104263 1.12279959 
1.14525753 1.13184828 1.12273596 
1.14513304 1.13346833 1.12316702 
1.14485321 1.13382921 1.12254087 
1.14555847 1.13469922 1.12391530 
1.14521529 1.13410303 1.12468247 
1.14402151 1.13197614 1.12587297 
1.14382709 1.13366505 1.12555776 
1.14345773 1.13335099 1.12445226 
1.14354615 1.13197298 1.12428506 
1.14373519 1.13223601 1.12463992 
1.14407957 1.13141344 1.12593793 
1.14361381 1.13129719 1.12570031 
1.14316348 1.13096976 1.12476183 
1.14278731 1.13088536 1.12567306 
1.14146137 1.12637408 1.12664127 
1.14321944 1.12543715 1.12548511 
1.14385038 1.12602451 1.12552304 
1.14244095 1.12522560 1.12579572 
1.14185173 1.12642617 1.12622638 
1.14473940 1.12638004 1.12517697 
1.14429766 1.12714752 1.12480874 
1.14330643 1.12461479 1.12623666 
1.14452245 1.12663092 1.12649723 
1.14412114 1.12739370 1.12625252 
1.14446754 1.12718366 1.12399602 
1.14298675 1.12787841 1.12458686 
1.14468136 1.13009074 1.12437410 
1.14353734 1.12924096 1.12613954 
1.14223317 1.13016157 1.12859468 
1.14120409 1.12771358 1.12714286 
1.14091578 1.12984031 1.12644252 
1.14179226 1.13127275 1.12763756 
1.14353883 1.13048983 1.12750645 
1.14459122 1.12941424 1.12772413 
1.14426803 1.12714609 1.12777401 
1.14431905 1.12512249 1.12901770 
1.14122171 1.12510010 1.12680594 
1.14076458 1.12667280 1.12544689 
1.14093584 1.12522717 1.12531512 
1.14213398 1.12328935 1.12759709 
1.14332396 1.12385401 1.13150512 
1.14454653 1.12240780 1.13129852 
1.14584539 1.12329200 1.12962841 
1.14566730 1.12593310 1.13005037 
1.14406035 1.12731015 1.12984644 
1.14358521 1.12809615 1.12689992 
1.14420525 1.12766720 1.12732886 
1.14327629 1.12965741 1.12744802 
