0.0018523
0.00740727
0.0167383
0.0294839
0.0455803
0.0650868
0.0871831
0.112139
0.139484
0.168545
0.19908
0.23193
0.265767
0.300969
0.336182
0.371813
0.407985
0.444508
0.479203
0.515421
0.552144
0.590514
0.628321
0.665111
0.699498
0.732517
0.765511
0.800686
0.83617
0.872332
0.906048
0.939139
0.972534
1.00653
1.04004
1.07161
1.09954
1.12991
1.15932
1.18509
1.21333
1.24218
1.26617
1.29197
1.31479
1.34148
1.36224
1.38523
1.40601
1.42484
1.44638
1.46568
1.4881
1.51051
1.5325
1.55423
1.56941
1.59097
1.61107
1.63242
1.65052
1.66633
1.68355
1.7001
1.71547
1.72901
1.74288
1.76139
1.77927
1.79166
1.80653
1.82581
1.83749
1.85023
1.86598
1.87685
1.88894
1.90173
1.91067
1.92178
1.93343
1.94511
1.95954
1.97649
1.99512
2.01051
2.02087
2.03172
2.04045
2.05881
2.06149
2.06775
2.08188
2.09782
2.1037
2.11526
2.12528
2.1381
2.15213
2.15812
2.16864
2.18229
2.18899
2.20033
2.2122
2.22084
2.22771
2.23407
2.24107
2.24641
2.25358
2.26148
2.27166
2.28163
2.28765
2.29546
2.30931
2.31241
2.31517
2.32052
2.33115
2.34264
2.35661
2.36133
2.36501
2.37188
2.37644
2.38089
2.38421
2.38984
2.39083
2.39017
2.39865
2.40221
2.40911
2.41478
2.41777
2.42517
2.42949
2.42429
2.42937
2.43425
2.43781
2.44184
2.44188
2.4471
2.45056
2.4583
2.4626
2.46504
2.46247
2.46994
2.46917
2.47595
2.48029
2.48855
2.49502
2.49638
2.50511
2.50855
2.51814
2.52084
2.5214
2.52388
2.52436
2.52387
2.52792
2.52863
2.5277
2.52454
2.52625
2.52474
2.52777
2.52806
2.53004
2.5286
2.52784
2.52907
2.53516
2.5395
2.54163
2.55011
2.55439
2.55258
2.55915
2.56272
2.56163
2.56103
2.55937
2.56714
2.56951
2.57413
2.57222
2.57666
2.57524
2.57596
2.57628
2.57193
2.5835
2.58453
2.5855
2.58871
2.59102
2.59074
2.59141
2.59277
2.60117
2.59749
2.59464
2.59449
2.60455
2.60962
2.61868
2.61686
2.62175
2.6195
2.61635
2.61648
2.61735
2.61849
2.62247
2.62251
2.62975
2.63826
2.64201
2.64665
2.6453
2.64586
2.64021
2.63863
2.64222
2.63975
2.63645
2.64292
2.64622
2.647
2.64745
2.64454
2.64281
2.64537
2.64097
2.63486
2.63964
2.64503
2.64578
2.65133
2.65717
2.66263
2.66507
2.67198
2.67046
2.67839
2.6797
2.67788
2.6753
2.6752
2.67942
2.68176
2.68371
2.68653
2.68862
2.68486
2.68922
2.69043
2.68681
2.69169
2.69059
2.69261
2.70306
2.7059
2.70888
2.71653
2.72115
2.71959
2.71942
2.71911
2.72192
2.71749
2.71609
2.71274
2.709
2.70767
2.71042
2.71248
2.71415
2.71615
2.71953
2.71982
2.72172
2.72178
2.72256
2.72328
2.72412
2.72386
2.72578
2.72871
2.73326
2.73258
2.72404
2.72616
2.72182
2.73079
2.73277
2.72992
2.73233
2.72788
2.72533
2.72775
2.72923
2.73404
2.73199
2.7303
2.73105
2.72672
2.72073
2.71838
2.718
2.71401
2.71261
2.71669
2.71793
2.72217
2.7209
2.7251
2.72536
2.73121
2.72882
2.72778
2.73259
2.73077
2.72905
2.73144
2.72908
2.73364
2.73429
2.73837
2.73352
2.7424
2.74497
2.74736
2.74622
2.7437
2.74944
2.74282
2.73563
2.73249
2.73121
2.72906
2.73159
2.72881
2.72728
2.72406
2.727
2.72483
2.72164
2.71873
2.72136
2.71704
2.71941
2.72403
2.7282
2.73428
2.73166
2.73363
2.72764
2.73396
2.73624
2.7356
2.73961
2.73473
2.7281
2.7262
2.73375
2.73461
2.73769
2.7352
2.73779
2.738
2.73821
2.73809
2.74433
2.74649
2.74403
2.74488
2.73984
2.74146
2.73554
2.74192
2.73965
2.74186
2.75069
2.74691
2.74262
2.73838
2.73887
2.74296
2.74604
2.75087
2.75004
2.7436
2.73464
2.73909
2.74567
2.73994
2.73127
2.73094
2.72756
2.72562
2.72609
2.73354
2.73453
2.73462
2.73441
2.73628
2.73664
2.74421
2.74663
2.74534
2.7448
2.74261
2.74
2.73757
2.73779
2.74011
2.73621
2.73749
2.73607
2.73495
2.7312
2.72918
2.73594
2.73291
2.72775
2.72734
2.72888
2.73121
2.73348
2.73298
2.72964
2.72382
2.7228
2.7208
2.72132
2.72505
2.7291
2.73174
2.72574
2.73339
2.73154
2.7235
2.72375
2.72254
2.72261
2.7245
2.72418
2.73085
2.72891
2.72551
2.72549
2.72095
2.71668
2.72033
2.72102
2.71896
2.71803
2.71825
2.70819
2.70784
2.71219
2.7118
2.71432
2.71822
2.71876
2.71633
2.71839
2.71418
2.70955
2.71253
2.71957
2.71556
2.71948
2.71411
2.71423
2.71965
2.72217
2.72146
2.71722
2.71687
2.70798
2.70768
2.70613
2.70706
2.71783
2.71355
2.71517
2.71695
2.7142
2.71268
2.7106
2.71139
