0.00185596 0.00184030 0.00186063 
0.00745992 0.00733588 0.00742600 
0.01694669 0.01662885 0.01663927 
0.02956780 0.02948021 0.02940362 
0.04554930 0.04565727 0.04553441 
0.06523420 0.06538927 0.06463700 
0.08741580 0.08817381 0.08595969 
0.11320388 0.11289249 0.11032205 
0.14098619 0.14050337 0.13696199 
0.17067716 0.16967688 0.16528080 
0.20170661 0.19986713 0.19566655 
0.23460141 0.23302235 0.22816726 
0.26802287 0.26701156 0.26226585 
0.30392936 0.30199282 0.29698468 
0.33888386 0.33701004 0.33265120 
0.37213559 0.37462493 0.36867852 
0.40690171 0.41170053 0.40535219 
0.44336372 0.44934793 0.44081322 
0.47906856 0.48519343 0.47334808 
0.51516682 0.52127602 0.50981992 
0.55404185 0.55901687 0.54337328 
0.59269427 0.59745593 0.58139216 
0.62907809 0.63465773 0.62122662 
0.66895195 0.67064261 0.65573758 
0.70679153 0.70810535 0.68359787 
0.74242544 0.74164702 0.71347962 
0.77396937 0.77844410 0.74411878 
0.81102017 0.81398570 0.77705202 
0.84982438 0.84519692 0.81348900 
0.88621106 0.88075477 0.85002985 
0.91990382 0.91903443 0.87920481 
0.95345068 0.95010821 0.91385865 
0.98724190 0.98193622 0.94842267 
1.02301445 1.01555067 0.98102302 
1.05404357 1.04959919 1.01646656 
1.08155289 1.08524882 1.04801880 
1.10721193 1.12067698 1.07072477 
1.13245899 1.15667508 1.10058570 
1.16107041 1.18442024 1.13245779 
1.18485011 1.21301733 1.15739725 
1.20767753 1.24338455 1.18893514 
1.23712152 1.27676427 1.21264223 
1.25203517 1.30209722 1.24439127 
1.28223792 1.32088317 1.27279005 
1.30172597 1.34048641 1.30215966 
1.32419636 1.37238883 1.32784381 
1.34046855 1.39474804 1.35149511 
1.36922841 1.41974111 1.36673299 
1.38986132 1.43650643 1.39165976 
1.40813810 1.45328385 1.41309678 
1.43437560 1.47013640 1.43462673 
1.45685674 1.48886189 1.45133071 
1.47526721 1.51856982 1.47046718 
1.50243302 1.53845585 1.49063399 
1.52216783 1.56489630 1.51044777 
1.54718767 1.58723071 1.52827052 
1.56481153 1.60338016 1.54003506 
1.57947361 1.63218774 1.56124385 
1.60254422 1.65166391 1.57898750 
1.62213858 1.67215305 1.60298151 
1.62934934 1.69561356 1.62660836 
1.64491635 1.71543510 1.63863057 
1.66224085 1.73367366 1.65474252 
1.68298125 1.74381454 1.67349511 
1.69863990 1.76353253 1.68424506 
1.71875780 1.76673956 1.70152914 
1.73677516 1.77887662 1.71298613 
1.75991282 1.80165258 1.72261375 
1.77166737 1.82257183 1.74356200 
1.78646688 1.83617048 1.75234738 
1.80426848 1.85517832 1.76014631 
1.82679450 1.87034542 1.78030170 
1.83693889 1.88717989 1.78835910 
1.85009760 1.89959752 1.80099481 
1.86652115 1.91505502 1.81636540 
1.88176226 1.91952190 1.82925692 
1.89561979 1.92495594 1.84623740 
1.90687840 1.94355260 1.85475378 
1.91866583 1.95247008 1.86088694 
1.93604954 1.95689195 1.87238450 
1.94564024 1.96926347 1.88538002 
1.95935484 1.98448379 1.89147709 
1.97280213 2.00233643 1.90346929 
1.98394310 2.02302449 1.92249688 
2.00325603 2.04880124 1.93329045 
2.01733566 2.06177125 1.95241801 
2.02832325 2.06960083 1.96469688 
2.04004907 2.07421470 1.98089275 
2.04393070 2.08890169 1.98850554 
2.05833497 2.10637852 2.01172088 
2.05232155 2.11410837 2.01804814 
2.05408987 2.11860639 2.03056167 
2.06213178 2.13120631 2.05229404 
2.08073893 2.14729212 2.06543620 
2.09115026 2.14981753 2.07012640 
2.10035527 2.15726386 2.08817556 
2.11868022 2.16723128 2.08992003 
2.13481920 2.17718064 2.10228854 
2.14779658 2.19036823 2.11823873 
2.14745113 2.20213739 2.12478116 
2.15443415 2.21406115 2.13741671 
2.16606242 2.22601777 2.15478955 
2.17114288 2.22976546 2.16606832 
2.17707692 2.24379666 2.18012838 
2.19591833 2.25263086 2.18805107 
2.20517836 2.25821419 2.19911890 
2.20584023 2.26728374 2.21000231 
2.21491988 2.27170525 2.21559750 
2.23170776 2.27445432 2.21704543 
2.24285279 2.27627920 2.22008736 
2.25809997 2.28251745 2.22010900 
2.26004203 2.29408182 2.23031438 
2.26439159 2.30421422 2.24638000 
2.26592285 2.31128461 2.26768992 
2.26755425 2.32629133 2.26909617 
2.27670250 2.33086320 2.27882073 
2.29450272 2.34296308 2.29047819 
2.29470196 2.34768444 2.29484362 
2.30756805 2.34073548 2.29721540 
2.30890519 2.35514253 2.29749905 
2.32226130 2.36398603 2.30721365 
2.33843767 2.37575235 2.31373002 
2.35759162 2.38883643 2.32340106 
2.35874565 2.39234492 2.33289684 
2.35738998 2.39654826 2.34107900 
2.36709097 2.40699156 2.34156683 
2.36728103 2.41376985 2.34826560 
2.37602989 2.41472608 2.35189993 
2.39225036 2.41337752 2.34701345 
2.39156528 2.41848816 2.35946475 
2.38962908 2.41231531 2.37055415 
2.38285611 2.41382334 2.37382578 
2.39628289 2.41397601 2.38570244 
2.40188327 2.42326470 2.38147434 
2.41115240 2.43032721 2.38584946 
2.41130109 2.43852123 2.39451082 
2.41428479 2.44249811 2.39652600 
2.41380819 2.45137012 2.41034104 
2.41975963 2.45449531 2.41421392 
2.41410005 2.45453227 2.40424146 
2.41721032 2.46139208 2.40952207 
2.42426538 2.45581038 2.42265935 
2.43193472 2.45634782 2.42515356 
2.43246882 2.46280074 2.43025858 
2.43191514 2.46171886 2.43201285 
2.43992011 2.47221328 2.42915206 
2.44634488 2.47849685 2.42684667 
2.44909456 2.48553584 2.44027631 
2.45208037 2.48933118 2.44639959 
2.44882660 2.48784315 2.45844768 
2.44706918 2.48109278 2.45925186 
2.44916844 2.48759359 2.47306858 
2.44692683 2.48783462 2.47274357 
2.44863547 2.49896370 2.48024785 
2.45599872 2.49909732 2.48578522 
2.46420034 2.50582925 2.49562384 
2.47852729 2.51074093 2.49578563 
2.47450126 2.51749858 2.49714080 
2.49226742 2.52898386 2.49408141 
2.49031222 2.52856955 2.50678069 
2.49557182 2.53930047 2.51953300 
2.50083494 2.54420945 2.51748471 
2.50437811 2.54856238 2.51126089 
2.49676417 2.55399884 2.52086960 
2.50366364 2.55568749 2.51372371 
2.49732777 2.56105930 2.51321025 
2.50335296 2.55870175 2.52169169 
2.51498526 2.55755765 2.51333920 
2.51536347 2.55431458 2.51342433 
2.51373023 2.55249403 2.50738550 
2.51059369 2.55474378 2.51342197 
2.51872853 2.55402412 2.50147092 
2.52218741 2.55173857 2.50937936 
2.52137810 2.55654661 2.50625181 
2.52149430 2.55730372 2.51133414 
2.52046192 2.55828494 2.50705073 
2.51950442 2.54767114 2.51635699 
2.50953105 2.55661360 2.52105784 
2.52307004 2.56067137 2.52173609 
2.52781621 2.57077229 2.51990185 
2.53302939 2.58071946 2.51113117 
2.53833012 2.58491798 2.52706987 
2.53730023 2.59280499 2.53306889 
2.53458423 2.58911760 2.53403467 
2.53946427 2.59480464 2.54317367 
2.53871856 2.60678717 2.54264309 
2.54779358 2.60388925 2.53319999 
2.54365157 2.60993221 2.52951904 
2.54459176 2.60966791 2.52383791 
2.54578132 2.61825147 2.53739660 
2.55155573 2.62371162 2.53327444 
2.55677957 2.63063043 2.53498888 
2.54057058 2.63698590 2.53909782 
2.55201957 2.64228969 2.53566315 
2.55684264 2.63671430 2.53215708 
2.56244236 2.63237042 2.53306023 
2.57093602 2.62824603 2.52967253 
2.56834347 2.62353774 2.52389907 
2.58384480 2.63458148 2.53206282 
2.58931075 2.62942310 2.53484491 
2.58547720 2.63952206 2.53149722 
2.57882640 2.64566510 2.54163509 
2.58870140 2.64097972 2.54336733 
2.58533024 2.64939454 2.53749677 
2.58437692 2.63988255 2.54997590 
2.58221983 2.64545602 2.55064688 
2.58476508 2.65379217 2.56494660 
2.58121200 2.64935516 2.56190972 
2.57920520 2.64497752 2.55974530 
2.57703697 2.64240032 2.56402106 
2.58845985 2.64622053 2.57897231 
2.59003275 2.65753263 2.58129745 
2.59548824 2.66313480 2.59741367 
2.58687625 2.66178055 2.60192624 
2.58753843 2.66512057 2.61260390 
2.58966451 2.65895776 2.60987894 
2.57451956 2.66874180 2.60578307 
2.58261050 2.66833370 2.59850520 
2.57779707 2.66219435 2.61207290 
2.58061975 2.66721924 2.60763723 
2.57958859 2.66970708 2.61810262 
2.57996265 2.66821619 2.61936086 
2.59422404 2.67348720 2.62154844 
2.59828294 2.68309366 2.63340608 
2.60357677 2.68603565 2.63641164 
2.61632347 2.68236536 2.64125430 
2.60914225 2.67955752 2.64718736 
2.61135913 2.67237507 2.65383121 
2.61555297 2.65553453 2.64955681 
2.61114073 2.63967857 2.66506386 
2.62561890 2.64097079 2.66008175 
2.62392200 2.64491588 2.65040813 
2.62159283 2.64043435 2.64731338 
2.62212818 2.65263815 2.65398417 
2.61697685 2.66407970 2.65761038 
2.61423037 2.67925242 2.64752398 
2.61583091 2.68531034 2.64120673 
2.60733950 2.68570731 2.64056916 
2.61127083 2.67803613 2.63913517 
2.61180051 2.68388945 2.64041535 
2.60739759 2.68305581 2.63245389 
2.60160675 2.67238172 2.63060575 
2.60719523 2.67199833 2.63972270 
2.61089644 2.68933177 2.63486123 
2.60991777 2.69422105 2.63321447 
2.62074103 2.69777271 2.63546291 
2.62369692 2.69842965 2.64937549 
2.63075864 2.70065587 2.65648568 
2.63770050 2.69796967 2.65954808 
2.64893508 2.70115414 2.66584731 
2.65270909 2.69578383 2.66289708 
2.66359065 2.69393408 2.67763146 
2.66803067 2.69702881 2.67404368 
2.66423679 2.70225066 2.66716598 
2.66921350 2.70590964 2.65077459 
2.66517819 2.71448306 2.64594480 
2.66849989 2.72573119 2.64401542 
2.67420644 2.73208156 2.63899066 
2.67756887 2.73823074 2.63531899 
2.67452146 2.74234293 2.64273419 
2.67548117 2.73882615 2.65156142 
2.67287028 2.73205675 2.64965710 
2.68020596 2.73569477 2.65174494 
2.67645916 2.73866612 2.65617802 
2.67980869 2.73050143 2.65013011 
2.68189790 2.73257879 2.66059371 
2.68765685 2.73231740 2.65178692 
2.68724841 2.73544111 2.65513661 
2.70169018 2.74158949 2.66591433 
2.70736019 2.74361504 2.66671995 
2.70180889 2.74766756 2.67715847 
2.69758559 2.76847806 2.68351766 
2.70014010 2.77758281 2.68572970 
2.70922792 2.77871693 2.67082091 
2.70233775 2.78725893 2.66867797 
2.71053088 2.77555906 2.67124448 
2.71950792 2.77833408 2.66790831 
2.71728334 2.76574397 2.66942985 
2.70626008 2.76408314 2.67793952 
2.70404781 2.76228694 2.67187429 
2.69283631 2.76191615 2.67225122 
2.69092192 2.75816169 2.67393373 
2.69274592 2.75340605 2.68509689 
2.69439882 2.75308932 2.68996151 
2.69647429 2.76296338 2.68299776 
2.70188253 2.76251349 2.68405808 
2.71228296 2.76657049 2.67974958 
2.70895116 2.77174204 2.67878026 
2.70956814 2.77531749 2.68027280 
2.70625773 2.77242595 2.68665170 
2.70964145 2.77923323 2.67880985 
2.70269553 2.77508321 2.69207443 
2.70735544 2.77746108 2.68753393 
2.71172904 2.77406347 2.68578142 
2.70962491 2.77765801 2.69006220 
2.71346388 2.77635227 2.69632017 
2.72706630 2.77198500 2.70071391 
2.72309004 2.76972746 2.70492310 
2.71603967 2.76189109 2.69418435 
2.72130969 2.76111174 2.69606430 
2.71381439 2.76165841 2.68999984 
2.71973722 2.77726723 2.69537870 
2.71880817 2.78066476 2.69883915 
2.69960035 2.79198143 2.69818416 
2.70048412 2.79712450 2.69937383 
2.69942606 2.78166642 2.70256199 
2.69726403 2.77876571 2.69996648 
2.70558334 2.78746155 2.69019980 
2.70883959 2.78539265 2.69345633 
2.70792311 2.78448060 2.70972925 
2.70365812 2.78399717 2.70831655 
2.69406242 2.79236353 2.70446959 
2.69530476 2.78759036 2.71026214 
2.69188810 2.78490172 2.70336481 
2.69053969 2.77454539 2.69711134 
2.69512030 2.76676384 2.69326913 
2.69566209 2.76318499 2.69516396 
2.68918403 2.76507020 2.68776229 
2.68885172 2.76419933 2.68477724 
2.69403466 2.76928078 2.68675547 
2.69344781 2.76379230 2.69653583 
2.69938744 2.75519101 2.71192503 
2.69775599 2.75657963 2.70835469 
2.69275806 2.76685408 2.71569234 
2.68682643 2.76961102 2.71964627 
2.69183515 2.77598741 2.72580565 
2.68447129 2.78123288 2.72076710 
2.67542171 2.78105542 2.72687435 
2.67702411 2.78026939 2.74046754 
2.67564796 2.77214717 2.74451985 
2.66927225 2.77922260 2.73866942 
2.66686754 2.78909602 2.73834575 
2.65934494 2.79339955 2.73449273 
2.65658846 2.80815559 2.73619005 
2.67007191 2.80336458 2.72943641 
2.67710871 2.81225901 2.72575716 
2.67409926 2.80346416 2.72300884 
2.68110119 2.80428717 2.74181702 
2.68754131 2.79491104 2.75246427 
2.69120176 2.79115447 2.75971186 
2.68105684 2.79460535 2.76299886 
2.67895791 2.78694981 2.76519496 
2.68445268 2.78772979 2.77613046 
2.67687528 2.78325444 2.76833532 
2.67222411 2.77640368 2.75824992 
2.66943957 2.77446007 2.75356257 
2.67465465 2.77269958 2.74627215 
2.66267181 2.77435091 2.75014765 
2.66395661 2.77875712 2.75204815 
2.66458420 2.76724070 2.75461296 
2.67110506 2.75487111 2.75585882 
2.67148041 2.74641829 2.75427934 
2.67771402 2.73665932 2.76662223 
2.66321784 2.73901461 2.77225634 
2.66326945 2.73116632 2.77048966 
2.65430838 2.73047289 2.77139422 
2.65444411 2.73648193 2.77315284 
2.65465175 2.72777688 2.76870319 
2.66230736 2.72853834 2.76738291 
2.68203476 2.72913159 2.76091816 
2.67866679 2.73356015 2.77238578 
2.68580213 2.74779800 2.76924843 
2.69198202 2.74266928 2.76032435 
2.68494505 2.75677021 2.75916168 
2.67164095 2.75665445 2.75461414 
2.67837641 2.75948410 2.76402121 
2.67735647 2.77085296 2.76050856 
2.67369513 2.77512244 2.75799041 
2.68034933 2.78025184 2.75821467 
2.67219307 2.77831970 2.75366764 
2.67304415 2.76703144 2.74421115 
2.67276645 2.76080349 2.74502959 
2.69616783 2.76973528 2.73535133 
2.70262739 2.75729311 2.74390974 
2.71870554 2.77065893 2.72369116 
2.71980195 2.77251073 2.71329514 
2.71060978 2.77750047 2.72527133 
2.70696196 2.77963760 2.72740212 
2.70269154 2.78502546 2.72691157 
2.70519423 2.77966922 2.72940688 
2.71066213 2.79052094 2.73180682 
2.70131325 2.79906675 2.73910314 
2.70658763 2.79773481 2.72777818 
2.70016210 2.79638677 2.73809952 
2.69999614 2.78824664 2.73128733 
2.70652733 2.77612178 2.74173329 
2.70126949 2.77208538 2.73325047 
2.70815711 2.78242806 2.73516139 
2.70492476 2.78122979 2.73278399 
2.71147065 2.78186919 2.73222756 
2.73010399 2.79040439 2.73155346 
2.73112066 2.78369842 2.72590831 
2.72403642 2.78176331 2.72206978 
2.72320487 2.77633160 2.71559760 
2.72097580 2.77527965 2.72035338 
2.72950543 2.77974843 2.71962505 
2.73183321 2.77930899 2.72698118 
2.73140432 2.78418654 2.73702580 
2.74016787 2.77727018 2.73268341 
2.73077122 2.76626042 2.73378319 
2.71508316 2.76306794 2.72576635 
2.71688433 2.77012017 2.73027575 
2.73495808 2.77381995 2.72822788 
2.73712700 2.75594909 2.72673604 
2.73186034 2.73936828 2.72259414 
2.73276686 2.73580301 2.72424108 
2.72688713 2.72926507 2.72653993 
2.72350735 2.72203663 2.73131174 
2.72645098 2.71748803 2.73434257 
2.72461212 2.73204087 2.74396219 
2.71413462 2.73286040 2.75659321 
2.72340388 2.73243793 2.74800761 
2.71364389 2.73731577 2.75225912 
2.72392469 2.72596692 2.75894597 
2.72660324 2.71739959 2.76590923 
2.73281563 2.72861195 2.77120047 
2.73730869 2.72204495 2.78053513 
2.73680175 2.72212967 2.77707841 
2.74038015 2.72311157 2.77089620 
2.74385140 2.72299935 2.76096577 
2.75175470 2.72467715 2.74357900 
2.74738220 2.73102006 2.73431588 
2.74207254 2.72459900 2.74671278 
2.73824367 2.73437068 2.74771910 
2.73492904 2.72696817 2.74673042 
2.74305026 2.71860273 2.75080678 
2.74563723 2.71823355 2.74434133 
2.75620754 2.71473413 2.73390816 
2.75068153 2.71002615 2.73289588 
2.75479867 2.71239343 2.72034322 
2.76169783 2.71120617 2.73492989 
2.75694205 2.72184431 2.71993321 
2.75375631 2.71527700 2.71422460 
2.75190000 2.71549749 2.71463075 
2.75695553 2.71233862 2.71734693 
2.76120928 2.72536880 2.70706523 
2.77712820 2.72995074 2.69335066 
2.78273459 2.72965621 2.68654313 
2.78972617 2.71475770 2.68444199 
2.78035190 2.71127691 2.67982347 
2.77317969 2.71619599 2.67903067 
2.77233982 2.71186070 2.67819878 
2.77644691 2.70669314 2.68082539 
2.77867081 2.71296531 2.68351160 
2.78659481 2.71229391 2.68840502 
2.79526637 2.71163203 2.68831325 
2.78859376 2.71285504 2.67575707 
2.78765701 2.73064297 2.68185650 
2.78988847 2.73268277 2.67204015 
2.78678663 2.72120472 2.66250599 
2.78362893 2.72133876 2.66627637 
2.79072250 2.71464090 2.66227063 
2.78148966 2.72485687 2.66149189 
2.78196166 2.72786905 2.66366591 
2.78287368 2.72931554 2.66034719 
2.79229666 2.73077843 2.66947778 
2.78884347 2.72345665 2.67443799 
2.78010372 2.72042183 2.67600300 
2.77232722 2.73371085 2.67042725 
2.77130576 2.72743228 2.66410894 
2.76715843 2.72369247 2.65919755 
2.76979335 2.72863977 2.66255338 
2.77521283 2.72104706 2.66678634 
2.77215798 2.71977410 2.66493788 
2.77077788 2.71787237 2.66542664 
2.76747950 2.71892271 2.66834603 
2.75702675 2.69161542 2.67591444 
2.76737312 2.68509140 2.67106737 
2.77996278 2.68532648 2.67127689 
2.77881919 2.68400484 2.67256313 
2.77388542 2.69328949 2.67578922 
2.78442144 2.69472937 2.67549475 
2.78244577 2.69636069 2.67747050 
2.78029874 2.68370199 2.68499020 
2.78227179 2.69227824 2.68062702 
2.77870734 2.69168113 2.67214409 
2.78231329 2.68648328 2.65986276 
2.78097772 2.69411475 2.66248496 
2.78970249 2.70677423 2.66222828 
2.77959367 2.69860599 2.66848808 
2.77399195 2.70380770 2.68063559 
2.77165851 2.69663010 2.67404202 
2.77054560 2.70619352 2.66595288 
2.77497677 2.71491179 2.66904997 
2.77976774 2.71323173 2.67350235 
2.78378677 2.70778289 2.67280902 
2.78027049 2.69313892 2.67825048 
2.78431433 2.68139883 2.68488731 
2.76737415 2.68228112 2.67429618 
2.76066683 2.69474900 2.66762342 
2.76351959 2.69004432 2.66481325 
2.76541275 2.68066707 2.67511384 
2.77073318 2.68506746 2.69767636 
2.77236143 2.67561230 2.69266848 
2.77878911 2.68146543 2.68526961 
2.77422790 2.68761166 2.68901933 
2.76245941 2.69230438 2.68782662 
2.76352544 2.69669049 2.67783187 
2.76493639 2.68745807 2.67940514 
2.75778218 2.69874670 2.67764152 
