0.00549729 
0.00539002 
0.00546069 
0.02180670 
0.04838062 
0.08383484 
0.12721221 
0.17605662 
0.22977195 
0.28540456 
0.34266786 
0.40155354 
0.45961820 
0.51508568 
0.56744813 
0.62069201 
0.66820658 
0.71379129 
0.75513402 
0.79605512 
0.82839013 
0.85739356 
0.88668129 
0.91361795 
0.93582703 
0.95875968 
0.98028487 
1.00086959 
1.02160991 
1.03619970 
1.05128129 
1.06499205 
1.07828141 
1.08890030 
1.09704123 
1.10631697 
1.11523303 
1.12360252 
1.13234452 
1.14224859 
1.14715270 
1.15332508 
1.16185432 
1.16665555 
1.16966612 
1.17356758 
1.17802987 
1.18186986 
1.18671511 
1.18810150 
1.19377945 
1.19688485 
1.20193129 
1.20531641 
1.20801909 
1.20732557 
1.21299577 
1.21339656 
1.21620357 
1.21940189 
1.22207324 
1.22332806 
1.22253609 
1.22417371 
1.22530563 
1.22681156 
1.23086550 
1.22935625 
1.23256138 
1.23382948 
1.23606752 
1.23703685 
1.23845552 
1.23942113 
1.24259246 
1.24328495 
1.24396470 
1.24349194 
1.24812209 
1.24556195 
1.24000175 
1.24218585 
1.24460398 
1.24943114 
1.24690276 
1.24812073 
1.24691482 
1.24642436 
1.24516756 
1.24825001 
1.24691025 
1.24614700 
1.24590609 
1.24904786 
1.25195069 
1.25345305 
1.24946116 
1.25000352 
1.25239583 
1.25455941 
1.25455602 
1.25881980 
1.25725601 
1.25466055 
1.25393746 
1.25217076 
1.25037168 
1.24828431 
1.24626400 
1.24660511 
1.24775444 
1.24731005 
1.24875496 
1.24694482 
1.24471631 
1.24387168 
1.24549127 
1.24560117 
1.24660299 
1.24599835 
1.24609902 
1.24616617 
1.24556820 
1.24700908 
1.24936714 
1.24584127 
1.24837971 
1.24509385 
1.25081469 
1.24858958 
1.24936970 
1.24728057 
1.24380042 
1.24614530 
1.24443967 
1.24497197 
1.24521882 
1.24598904 
1.24689864 
1.24891536 
1.25046184 
1.24780611 
1.24951454 
1.24904622 
1.24665947 
1.24538469 
1.24511422 
1.24589204 
1.24396279 
1.24540944 
1.24324477 
1.24481133 
1.24475172 
1.24911407 
1.24516512 
1.24848549 
1.24947518 
1.24539946 
1.24537027 
1.24643451 
1.24699037 
1.24656137 
1.24690998 
1.24537018 
1.24819277 
1.25075319 
1.24886837 
1.24721071 
1.24970265 
1.24672552 
1.25045894 
1.25029248 
1.24915798 
1.25078067 
1.24857787 
1.24968211 
1.24769265 
1.24893674 
1.24880528 
1.24704029 
1.24557751 
1.24336647 
1.24104767 
1.24531620 
1.24327759 
1.24204264 
1.24191548 
1.24524204 
1.25167021 
1.25140961 
1.25032247 
1.25277365 
1.25381916 
1.25518196 
1.25218683 
1.24811420 
1.24617196 
1.24737910 
1.24835978 
1.24963952 
1.25005987 
1.24952198 
1.24721952 
1.24765666 
1.24940019 
1.24844698 
1.24952058 
1.24969017 
1.24893550 
1.24846436 
1.24898084 
1.25028335 
1.25007533 
1.24950156 
1.24997695 
1.25009518 
1.25146191 
1.25290549 
1.25189767 
1.25040665 
1.25087143 
1.25134329 
1.24911474 
1.24896523 
1.24684707 
1.24886470 
1.24813024 
1.24776957 
1.25051392 
1.24700084 
1.24718435 
1.24622638 
1.24547912 
1.24471676 
1.24676262 
1.24431082 
1.24603148 
1.24523962 
1.24473622 
1.24690948 
1.24917542 
1.25066636 
1.25304815 
1.25396982 
1.25782036 
1.25225262 
1.24911958 
1.24953083 
1.25056156 
1.25188497 
1.25151667 
1.24728863 
1.24711268 
1.24811135 
1.24683340 
1.24918087 
1.24852453 
1.24261678 
1.24306041 
1.24529389 
1.24699787 
1.24604035 
1.24780972 
1.24965680 
1.25058461 
1.24737891 
1.24807423 
1.24926045 
1.24989784 
1.24815751 
1.25126145 
1.24862440 
1.24707652 
1.24423438 
1.24898471 
1.24986364 
1.25083585 
1.24990335 
1.25259961 
1.24969833 
1.24784644 
1.24940793 
1.24754130 
1.24714664 
1.24606657 
1.24322799 
1.24381309 
1.24295067 
1.24156156 
1.24241022 
1.23968136 
1.24092405 
1.24339209 
1.24359761 
1.24273478 
1.24171425 
1.24372678 
1.24374874 
1.24256233 
1.24143226 
1.24232003 
1.24151299 
1.24236130 
1.24318904 
1.24290312 
1.24160906 
1.24067375 
1.24457424 
1.24231522 
1.24233190 
1.24256865 
1.24202174 
1.24489392 
1.24573462 
1.24578708 
1.25204374 
1.25251360 
1.25323546 
1.25296263 
1.25321627 
1.24980976 
1.25147119 
1.25173627 
1.25080283 
1.25039919 
1.24885163 
1.24944117 
1.24989918 
1.25220080 
1.25373930 
1.25238576 
1.25229357 
1.25296744 
1.25063567 
1.25153692 
1.25133634 
1.25010050 
1.25253508 
1.25580971 
1.25461498 
1.25653629 
1.25382717 
1.25533434 
1.25576241 
1.25598244 
1.24992109 
1.25252693 
1.25112690 
1.24890718 
1.25006902 
1.25141014 
1.25018003 
1.24707316 
1.24659621 
1.24793865 
1.24948057 
1.24956001 
1.25055486 
1.24959947 
1.24702481 
1.24823759 
1.25039710 
1.24865694 
1.24956056 
1.25204955 
1.25140821 
1.25158898 
1.24987285 
1.25331838 
1.24956467 
1.24933071 
1.24888503 
1.24832764 
1.24447090 
1.24479049 
1.24488859 
1.24434856 
1.24392532 
1.24475533 
1.24625687 
1.24871656 
1.25055959 
1.24984746 
1.24839596 
1.25147694 
1.25074235 
1.25072646 
1.25219876 
1.25176471 
1.25246193 
1.25314532 
1.24901471 
1.24819357 
1.24970800 
1.25151997 
1.25013065 
1.25230723 
1.25173780 
1.25912621 
1.25749302 
1.25733646 
1.25593502 
1.25458754 
1.25503887 
1.25399343 
1.25386261 
1.25295081 
1.25070187 
1.25096487 
1.24963518 
1.24862399 
1.24560001 
1.24659289 
1.24835473 
1.24757477 
1.24560084 
1.24613728 
1.24437075 
1.23891486 
1.24078461 
1.24149581 
1.24077239 
1.24074656 
1.24312857 
1.24142017 
1.24361553 
1.24801501 
1.24904799 
1.24790750 
1.24603527 
1.24332970 
1.24581299 
1.24604589 
1.24844523 
1.24989116 
1.24933088 
1.25218089 
1.25335160 
1.24833158 
1.25018986 
1.24893640 
1.25047543 
1.25118641 
1.25219575 
1.25207616 
1.25270429 
1.25388723 
1.25723392 
1.25484810 
1.25778159 
1.25624379 
1.25441832 
1.25242195 
1.25329469 
1.24998158 
1.24959533 
1.25057908 
1.25185391 
1.25276265 
1.25427454 
1.25249770 
1.25088103 
1.24895279 
1.25179757 
1.25238017 
1.25273492 
1.25535450 
1.25121352 
1.25328964 
1.25408000 
1.25040295 
1.25503938 
1.25235793 
1.25103540 
1.24844262 
1.24695073 
1.24625366 
1.24558817 
1.24360321 
1.24543089 
1.24149979 
1.24311356 
1.24366066 
1.24527916 
1.24754125 
1.24457847 
1.24719946 
1.24747463 
1.25171580 
1.25127274 
1.25361359 
1.25278677 
1.25344718 
1.25310809 
1.25375320 
1.25294282 
1.25133018 
1.24656244 
1.24523669 
1.24846303 