4e-08
4e-08
0.0330825
0.0661406
0.098635
0.130155
0.160825
0.189931
0.217851
0.244096
0.269127
0.292738
0.315121
0.335829
0.354479
0.372613
0.389104
0.404545
0.419001
0.432172
0.443893
0.454375
0.464666
0.473828
0.482032
0.48995
0.497368
0.504266
0.511242
0.517116
0.522656
0.527898
0.532871
0.53716
0.540598
0.5445
0.54793
0.55135
0.554812
0.558136
0.56051
0.563288
0.566467
0.568778
0.571075
0.572738
0.57452
0.576486
0.578773
0.579962
0.582296
0.583157
0.584686
0.585995
0.587563
0.588409
0.590257
0.590984
0.592028
0.593113
0.594215
0.595072
0.595487
0.596215
0.596955
0.597434
0.598572
0.598873
0.599534
0.599671
0.600359
0.600714
0.600904
0.601492
0.60229
0.602904
0.603296
0.603635
0.604958
0.604907
0.603901
0.604553
0.604757
0.605362
0.605271
0.605405
0.605324
0.604815
0.604685
0.605081
0.6053
0.605056
0.605475
0.606246
0.606944
0.607383
0.606676
0.606804
0.606777
0.60755
0.60748
0.608176
0.607936
0.607602
0.607814
0.607814
0.607261
0.606827
0.606447
0.60657
0.606495
0.606367
0.606857
0.60686
0.606525
0.606282
0.606286
0.606638
0.6067
0.606413
0.606589
0.607018
0.607146
0.607494
0.608323
0.607597
0.607867
0.607357
0.608143
0.607399
0.607529
0.607618
0.606939
0.606699
0.606544
0.607021
0.606799
0.606515
0.60679
0.607358
0.607721
0.607096
0.607392
0.607621
0.607391
0.607343
0.607616
0.60767
0.607319
0.607552
0.607361
0.607513
0.607527
0.608203
0.607422
0.608031
0.607975
0.606952
0.606833
0.607056
0.607513
0.607207
0.607013
0.606775
0.607055
0.607428
0.607438
0.607072
0.607398
0.607044
0.607696
0.60764
0.607653
0.607718
0.607425
0.608001
0.607595
0.607717
0.607528
0.607075
0.606731
0.606103
0.605885
0.606472
0.606162
0.606085
0.605804
0.60617
0.607642
0.608018
0.607919
0.608286
0.608449
0.608471
0.607595
0.607107
0.606753
0.607048
0.607444
0.607268
0.607313
0.607434
0.60697
0.607102
0.607445
0.607812
0.608222
0.608298
0.608161
0.607244
0.607043
0.607133
0.607405
0.607479
0.607579
0.607811
0.608463
0.608335
0.608192
0.608051
0.608183
0.607916
0.607314
0.607054
0.606725
0.606872
0.606657
0.607071
0.607684
0.606843
0.606938
0.606967
0.607108
0.606932
0.607267
0.606765
0.607249
0.606979
0.607085
0.607164
0.607669
0.608149
0.608494
0.608817
0.610041
0.609088
0.608219
0.6082
0.608697
0.608655
0.608688
0.607704
0.607384
0.607604
0.607792
0.60818
0.608093
0.607097
0.606979
0.606952
0.60724
0.607021
0.607705
0.607649
0.608274
0.608233
0.608411
0.608032
0.608086
0.607588
0.608127
0.607626
0.60774
0.607287
0.608265
0.608981
0.60913
0.608872
0.609128
0.608654
0.60809
0.608227
0.607825
0.607804
0.607667
0.607459
0.607488
0.607077
0.606799
0.607012
0.606342
0.606428
0.606702
0.606624
0.60628
0.606198
0.606445
0.606445
0.60632
0.606063
0.606045
0.606112
0.606083
0.606339
0.606278
0.606546
0.606017
0.60697
0.606528
0.606636
0.6068
0.606967
0.607207
0.607539
0.607445
0.608667
0.608911
0.608856
0.608986
0.609021
0.608158
0.608294
0.608147
0.608165
0.608281
0.607492
0.607587
0.607623
0.608124
0.608511
0.608312
0.608186
0.608433
0.60735
0.607292
0.607356
0.607152
0.607516
0.608076
0.607667
0.608055
0.607841
0.608149
0.608356
0.608776
0.608224
0.608587
0.608609
0.608283
0.608062
0.60845
0.608245
0.60834
0.607856
0.607691
0.607916
0.607837
0.607688
0.607776
0.607103
0.607687
0.607748
0.607229
0.607353
0.608171
0.607956
0.607991
0.607706
0.608184
0.607425
0.607366
0.607413
0.607575
0.606838
0.60668
0.606727
0.606298
0.606366
0.606513
0.607225
0.60766
0.608143
0.607748
0.607666
0.607871
0.607832
0.608274
0.608575
0.608487
0.60886
0.609192
0.608256
0.60825
0.608725
0.608718
0.608278
0.608585
0.608376
0.609679
0.609303
0.609481
0.609258
0.608994
0.608919
0.608767
0.60843
0.608387
0.607617
0.607576
0.607336
0.607571
0.607158
0.607449
0.607715
0.607866
0.607407
0.607763
0.607496
0.60653
0.606879
0.606966
0.606571
0.606544
0.607366
0.606596
0.606814
0.607586
0.607427
0.60725
0.607088
0.606549
0.606949
0.607191
0.608064
0.608168
0.60812
0.609201
0.609372
0.608539
0.608816
0.608623
0.608747
0.608852
0.608914
0.60888
0.609033
0.609101
0.609758
0.609592
0.610105
0.609626
0.609545
0.609052
0.608962
0.608646
0.608073
0.608558
0.609171
0.609537
0.609553
0.60906
0.60899
0.60894
0.609324
0.609152
0.609061
0.609097
0.609097
0.608762
0.60895
0.608381
0.609517
0.608947
0.608574
0.607879
0.607724
0.607867
0.607923
0.607574
0.607759
0.607207
0.607516
0.607585
0.607902
0.608128
0.607661
0.608051
0.608123
0.608793
0.608607
0.609129
0.609455
0.609349
0.609514
0.609232
0.609097
0.608917
0.607997
0.607342
0.608069
