0.00000004 0.00000004 0.00000004 0.00000004 0.00000004 
0.00000004 0.00000004 0.00000004 0.00000004 0.00000004 
0.03287991 0.03308454 0.03312695 0.03296397 0.03335693 
0.06601433 0.06605341 0.06595550 0.06637041 0.06630934 
0.09883129 0.09843423 0.09815028 0.09881956 0.09893959 
0.13007764 0.13030479 0.12920391 0.13117844 0.13000772 
0.16068809 0.16041695 0.16000933 0.16171155 0.16130081 
0.19010915 0.18936966 0.18892300 0.19028304 0.19097105 
0.21791448 0.21882231 0.21704228 0.21687103 0.21860440 
0.24411486 0.24562684 0.24372955 0.24225111 0.24475909 
0.26915693 0.27085413 0.26860534 0.26763398 0.26938407 
0.29286219 0.29414521 0.29330845 0.29090229 0.29247056 
0.31455172 0.31644183 0.31550482 0.31410511 0.31500232 
0.33471432 0.33732270 0.33636434 0.33441741 0.33632638 
0.35328221 0.35677656 0.35504717 0.35335239 0.35393431 
0.37149482 0.37496523 0.37333274 0.37142472 0.37184926 
0.38925950 0.39181521 0.38851564 0.38855500 0.38737680 
0.40577542 0.40654294 0.40496350 0.40300526 0.40243587 
0.42011859 0.42032063 0.41996408 0.41704383 0.41755573 
0.43416542 0.43260728 0.43309222 0.43068583 0.43031084 
0.44492456 0.44438629 0.44537289 0.44322068 0.44155975 
0.45468196 0.45531215 0.45642475 0.45290439 0.45255099 
0.46402577 0.46632498 0.46797258 0.46189128 0.46311753 
0.47354797 0.47569110 0.47788974 0.47013196 0.47187883 
0.47993245 0.48362444 0.48562147 0.47998001 0.48100025 
0.48808755 0.48901706 0.49395040 0.48923307 0.48945968 
0.49679318 0.49733157 0.49993667 0.49676667 0.49601172 
0.50491311 0.50392187 0.50588361 0.50437138 0.50223849 
0.51230132 0.51023683 0.51343323 0.51111864 0.50912186 
0.51728802 0.51525189 0.51935153 0.51685332 0.51683692 
0.52318304 0.52129160 0.52496686 0.52262230 0.52121375 
0.52767576 0.52731463 0.53108967 0.52722026 0.52618954 
0.53225603 0.53278113 0.53558725 0.53194302 0.53178983 
0.53714996 0.53762308 0.53970683 0.53497610 0.53634414 
0.54218985 0.54196821 0.54180502 0.53812081 0.53890683 
0.54578053 0.54543768 0.54580203 0.54266103 0.54281693 
0.54990562 0.54740688 0.54818194 0.54598199 0.54817405 
0.55273251 0.55043304 0.55136079 0.54917582 0.55304554 
0.55597985 0.55358642 0.55555843 0.55247788 0.55645560 
0.55969233 0.55628218 0.55977976 0.55350986 0.56141522 
0.56273267 0.55807921 0.56085805 0.55609702 0.56478462 
0.56503332 0.56281182 0.56317960 0.55866407 0.56675205 
0.56888693 0.56631131 0.56711276 0.56166030 0.56836478 
0.57287862 0.56969968 0.56700062 0.56398591 0.57032580 
0.57566244 0.57077855 0.56989290 0.56565929 0.57338290 
0.57794484 0.57284587 0.57069081 0.56688995 0.57531846 
0.58053051 0.57464296 0.57279896 0.56940606 0.57522312 
0.58219912 0.57599840 0.57548970 0.57105292 0.57768923 
0.58435773 0.57838393 0.57823371 0.57316803 0.57972333 
0.58644051 0.57928880 0.57877194 0.57370440 0.58160619 
0.58898984 0.58298598 0.58085743 0.57555775 0.58309103 
0.58911947 0.58435684 0.58210221 0.57624309 0.58396456 
0.59066069 0.58526518 0.58377214 0.57730354 0.58642653 
0.59205076 0.58644935 0.58573176 0.57765024 0.58809410 
0.59278753 0.58785314 0.58746178 0.58115472 0.58855951 
0.59285763 0.58954537 0.58815004 0.58229642 0.58919491 
0.59365155 0.59223891 0.59024294 0.58502825 0.59012112 
0.59338378 0.59280289 0.59087607 0.58523500 0.59262243 
0.59346965 0.59450016 0.59300494 0.58567478 0.59349241 
0.59561223 0.59498327 0.59209182 0.58783516 0.59504096 
0.59707846 0.59554925 0.59282501 0.59011123 0.59551212 
0.59875805 0.59564206 0.59306621 0.59198440 0.59591098 
0.59817866 0.59687846 0.59271925 0.59253012 0.59712894 
0.59869968 0.59718698 0.59224461 0.59462434 0.59831924 
0.59989091 0.59666725 0.59374821 0.59501919 0.59944755 
0.59966527 0.59774148 0.59451252 0.59577761 0.59947492 
0.60041271 0.59868084 0.59592443 0.59608118 0.60176169 
0.59968523 0.60065365 0.59609487 0.59517320 0.60275677 
0.59955365 0.60091153 0.59826439 0.59590200 0.60303955 
0.59908493 0.60189451 0.59828690 0.59619680 0.60289344 
0.59866372 0.60361788 0.59940007 0.59698664 0.60312895 
0.59877898 0.60510312 0.59884742 0.59837094 0.60247136 
0.59896872 0.60611744 0.59800099 0.59812024 0.60331011 
0.60016132 0.60557990 0.59922603 0.59905538 0.60343700 
0.59996873 0.60679509 0.59963426 0.60049984 0.60455292 
0.59952764 0.60732403 0.60079642 0.60207372 0.60479634 
0.60050132 0.60812369 0.60106733 0.60250327 0.60428653 
0.60121029 0.60776094 0.60112240 0.60377889 0.60430238 
0.60222764 0.60799763 0.60350813 0.60627573 0.60477841 
0.60210190 0.60951517 0.60224976 0.60659841 0.60407113 
0.59956357 0.61066605 0.60043391 0.60550630 0.60333718 
0.60021990 0.61095940 0.60137038 0.60643661 0.60378052 
0.60009420 0.61113955 0.60161689 0.60794625 0.60298966 
0.60083173 0.61146213 0.60288633 0.60910417 0.60252744 
0.60089715 0.60998393 0.60361843 0.60879930 0.60305379 
0.59967240 0.61029789 0.60409611 0.60773132 0.60522971 
0.59894148 0.61017236 0.60507082 0.60705830 0.60537873 
0.59915993 0.60929750 0.60501784 0.60668624 0.60391146 
0.59977661 0.60813890 0.60480499 0.60746891 0.60323469 
0.59985018 0.60873302 0.60558278 0.60790125 0.60334022 
0.59952926 0.60947824 0.60711312 0.60743386 0.60294744 
0.59741945 0.60926348 0.60720332 0.60839169 0.60300241 
0.59757244 0.60981390 0.60675987 0.60901796 0.60421044 
0.59734736 0.61110069 0.60862785 0.61011287 0.60404227 
0.59658761 0.61156828 0.61045598 0.61051768 0.60559177 
0.59690392 0.61303364 0.61126238 0.61010633 0.60560968 
0.59483054 0.61375685 0.60933093 0.60979466 0.60566654 
0.59481082 0.61348655 0.60931256 0.60938527 0.60702521 
0.59440963 0.61412076 0.60861783 0.60868635 0.60804813 
0.59686393 0.61443990 0.60789033 0.61091903 0.60763729 
0.59868257 0.61251780 0.60773116 0.61087982 0.60758896 
0.59856663 0.61320702 0.60894615 0.61127651 0.60888547 
0.59895252 0.61376606 0.60878680 0.61046582 0.60770893 
0.59921719 0.61382716 0.60855108 0.60882207 0.60759404 
0.60095151 0.61299091 0.60893554 0.60972459 0.60646990 
0.60095151 0.61299091 0.60893554 0.60972459 0.60646990 
0.60197987 0.61188381 0.60739247 0.60809963 0.60694941 
0.60189281 0.61074353 0.60684864 0.60859156 0.60605643 
0.60077971 0.61060495 0.60736768 0.60781483 0.60566567 
0.60221240 0.61040805 0.60593459 0.60820230 0.60609237 
0.60218960 0.61002411 0.60599300 0.60919075 0.60507897 
0.60126782 0.60997860 0.60760074 0.60914002 0.60384879 
0.60282706 0.61046609 0.60766932 0.60921859 0.60410381 
0.60466428 0.60978033 0.60744305 0.60912139 0.60329274 
0.60569054 0.60971284 0.60695219 0.60855433 0.60171360 
0.60442051 0.60952809 0.60660845 0.60834028 0.60251468 
0.60560848 0.60914841 0.60633036 0.60784081 0.60250270 
0.60622505 0.60951882 0.60544618 0.60886218 0.60313891 
0.60520021 0.60950984 0.60627789 0.60834908 0.60416141 
0.60440383 0.60992702 0.60688450 0.60843588 0.60241371 
0.60545877 0.60867329 0.60722615 0.60808278 0.60350470 
0.60627970 0.60884147 0.60790722 0.60710073 0.60495949 
0.60630916 0.60973588 0.60788949 0.60676647 0.60502979 
0.60628109 0.61042909 0.60856344 0.60705018 0.60514605 
0.60630938 0.60988080 0.60944466 0.60891044 0.60706898 
0.60607292 0.60900668 0.60834500 0.60897284 0.60558869 
0.60588853 0.61073853 0.60901458 0.60808424 0.60561107 
0.60471598 0.60982254 0.61014432 0.60713713 0.60496671 
0.60529516 0.61108792 0.61022157 0.60710821 0.60700059 
0.60515299 0.61002864 0.60916167 0.60681183 0.60583947 
0.60382217 0.61066206 0.61037477 0.60743943 0.60534789 
0.60338256 0.61045812 0.61051812 0.60734877 0.60638081 
0.60380912 0.60898692 0.60902965 0.60613434 0.60673440 
0.60314852 0.60763909 0.60944772 0.60664193 0.60661871 
0.60385107 0.60609832 0.60970180 0.60628908 0.60677820 
0.60388854 0.60661950 0.60946133 0.60730475 0.60783247 
0.60328732 0.60576227 0.60871486 0.60731065 0.60892148 
0.60365022 0.60537918 0.60748100 0.60814760 0.60791706 
0.60528551 0.60562976 0.60726174 0.60759529 0.60817612 
0.60410942 0.60843215 0.60888119 0.60616888 0.60920053 
0.60373274 0.60904636 0.61039432 0.60626339 0.60916859 
0.60432233 0.60788911 0.60903856 0.60535038 0.60888169 
0.60451637 0.60740362 0.60954897 0.60635512 0.60913791 
0.60521635 0.60635678 0.61025962 0.60624016 0.61003182 
0.60579659 0.60582544 0.61027733 0.60521361 0.60984356 
0.60443443 0.60652810 0.61064671 0.60441216 0.61069588 
0.60338603 0.60631683 0.61103119 0.60549316 0.61185035 
0.60388948 0.60715069 0.61115890 0.60479313 0.61135908 
0.60487757 0.60715387 0.61069146 0.60389449 0.60997901 
0.60433173 0.60756339 0.61040427 0.60361076 0.61185026 
0.60464217 0.60590743 0.60928696 0.60427555 0.61269228 
0.60548592 0.60649967 0.60957800 0.60447870 0.61152297 
0.60513661 0.60523175 0.61040390 0.60539559 0.61146676 
0.60546636 0.60603280 0.61046024 0.60712140 0.61193492 
0.60445795 0.60475385 0.60959369 0.60749977 0.61080428 
0.60617427 0.60773429 0.60906003 0.60764001 0.60954883 
0.60599151 0.60798182 0.60925124 0.60741886 0.60922926 
0.60450057 0.60800378 0.60862071 0.60763839 0.60599667 
0.60447411 0.60999657 0.60764046 0.60750913 0.60454323 
0.60382515 0.61065667 0.60839137 0.60764154 0.60476324 
0.60374794 0.61116868 0.60914780 0.60702385 0.60647678 
0.60249367 0.61139267 0.60919640 0.60606161 0.60688954 
0.60281492 0.61069604 0.60772742 0.60638477 0.60743949 
0.60049574 0.61128745 0.60699032 0.60773347 0.60736962 
0.60116979 0.61035125 0.60724914 0.60820509 0.60829824 
0.60066082 0.61094251 0.60748072 0.60832092 0.60973322 
0.59976427 0.61230895 0.60821500 0.60746088 0.60943854 
0.59806742 0.61146765 0.60836578 0.60780301 0.60965775 
0.59933616 0.61137247 0.60836601 0.60837842 0.60953896 
0.60004468 0.61070199 0.60729067 0.60883516 0.60834731 
0.60001403 0.61013599 0.60806848 0.60941239 0.61084833 
0.60073169 0.60967048 0.60740710 0.60744562 0.61294319 
0.60093572 0.61029880 0.60792686 0.60811895 0.61098465 
0.60032917 0.61212084 0.60756351 0.60845665 0.61011859 
0.59943929 0.61136914 0.60796807 0.60777006 0.61057741 
0.59943569 0.61285891 0.60860139 0.60828740 0.61082032 
0.59897432 0.60988068 0.60973925 0.60852865 0.61085075 
0.59899936 0.61059979 0.60893782 0.60964552 0.61040144 
0.59755169 0.60908061 0.60974274 0.61004672 0.61121761 
0.59889979 0.60779388 0.60887074 0.60904855 0.61076325 
0.59713367 0.60856528 0.60885051 0.60993932 0.60916692 
0.59683834 0.60710327 0.60813622 0.60936071 0.60907838 
0.59663428 0.60777242 0.60732647 0.60957883 0.60811450 
0.59708722 0.60888317 0.60909899 0.60895101 0.60833847 
0.59738915 0.60862493 0.60869047 0.60808519 0.60802024 
0.59779331 0.60752567 0.60698189 0.60967277 0.60845250 
0.59869413 0.60707515 0.60645951 0.61002140 0.60677050 
0.59942862 0.60800665 0.60652102 0.60965972 0.60723414 
0.60054418 0.60925856 0.60823129 0.61044837 0.60972871 
0.60116100 0.60834422 0.61039610 0.61060541 0.60958164 
0.60095782 0.60818267 0.60888375 0.61234997 0.60921918 
0.60225114 0.60835786 0.60940212 0.61205566 0.60936320 
0.60350248 0.60899367 0.60958013 0.61147448 0.60869178 
0.60346696 0.60670759 0.61068338 0.61268998 0.60880907 
0.60329755 0.60457792 0.61063992 0.61135271 0.60810803 
0.60349184 0.60528059 0.61130908 0.60928969 0.60616203 
0.60336502 0.60485178 0.61056985 0.60885660 0.60612187 
0.60312063 0.60464456 0.60983761 0.61051413 0.60712435 
0.60408399 0.60450549 0.60924214 0.61258481 0.60680406 
0.60447888 0.60298056 0.60938725 0.61160715 0.60788777 
0.60471608 0.60328759 0.60977849 0.61083757 0.60794607 
0.60493607 0.60450390 0.60899548 0.61153266 0.60720050 
0.60513114 0.60312845 0.60890329 0.61043092 0.60725755 
0.60398945 0.60392213 0.60989937 0.61063966 0.60706138 
0.60366966 0.60558766 0.61056310 0.61000109 0.60740177 
0.60347338 0.60560604 0.61202317 0.61133930 0.60661998 
0.60365311 0.60660585 0.61268368 0.61112801 0.60703701 
0.60474703 0.60596714 0.61328002 0.61016464 0.60733343 
0.60457094 0.60645822 0.61339930 0.60966567 0.60670858 
0.60528058 0.60496510 0.61254611 0.60832692 0.60510246 
0.60436094 0.60563548 0.61080357 0.60806586 0.60634847 
0.60415953 0.60491911 0.61105379 0.60933859 0.60619438 
0.60399026 0.60538533 0.61136757 0.60939505 0.60688781 
0.60472353 0.60595177 0.61095617 0.60913319 0.60663188 
0.60542500 0.60588875 0.60987843 0.60948462 0.60721705 
0.60609448 0.60672859 0.61068165 0.60935318 0.60619818 
0.60827094 0.60715754 0.61027119 0.61034830 0.60626662 
0.60714571 0.60670019 0.61194321 0.60995583 0.60592905 
0.60692168 0.60724539 0.61105466 0.61010505 0.60563210 
0.60739189 0.60877294 0.61009676 0.60998741 0.60400716 
0.60840968 0.60832859 0.60989934 0.60973201 0.60454643 
0.60854111 0.60775621 0.60822114 0.60965201 0.60540971 
0.60640374 0.60640471 0.60807623 0.60967993 0.60600619 
0.60593127 0.60715639 0.60781015 0.60798089 0.60639248 
0.60592855 0.60743684 0.60691213 0.60777210 0.60557317 
0.60739026 0.60850743 0.60521760 0.60745124 0.60579288 
0.60802195 0.60786947 0.60556274 0.60572252 0.60611000 
0.60917871 0.60771500 0.60518457 0.60615547 0.60711993 
0.61011602 0.60683618 0.60617828 0.60721816 0.60807114 
0.60981662 0.60705604 0.60382261 0.60799315 0.60552466 
0.61023560 0.60726931 0.60335415 0.60766314 0.60616968 
0.61092319 0.60787530 0.60232659 0.60674734 0.60696375 
0.61204678 0.60971200 0.60209793 0.60549567 0.60618562 
0.61153766 0.60955085 0.60198985 0.60390553 0.60767400 
0.61221483 0.60969982 0.60097089 0.60538878 0.60805894 
0.61204034 0.60940612 0.59960000 0.60513873 0.60763979 
0.61086758 0.60896009 0.60154297 0.60678856 0.60808704 
0.61074361 0.60662049 0.60164241 0.60770361 0.60818443 
0.61070046 0.60683837 0.60253618 0.60766416 0.60768490 
0.61185946 0.60685388 0.60235716 0.60674908 0.60799856 
0.61214125 0.60717677 0.60212718 0.60694551 0.60995526 
0.61193249 0.60854625 0.60257924 0.60633378 0.61135157 
0.61119662 0.61079559 0.60227186 0.60506919 0.61313726 
0.61183642 0.61052014 0.60241441 0.60589417 0.61342067 
0.61482639 0.61197514 0.60286931 0.60578687 0.61474917 
0.61253110 0.61189394 0.60285348 0.60423805 0.61392162 
0.61209992 0.61106842 0.60198536 0.60420491 0.61173878 
0.61241730 0.61107685 0.60046948 0.60556740 0.61146721 
0.61370088 0.61176921 0.59932852 0.60638219 0.61230210 
0.61290978 0.61171122 0.60104232 0.60547923 0.61213390 
0.61191813 0.61161718 0.60026400 0.60638254 0.61325837 
0.60987748 0.61017184 0.60068562 0.60460041 0.61318623 
0.60982786 0.60925752 0.59996003 0.60490030 0.61297505 
0.61113592 0.60967086 0.60012328 0.60374976 0.61334027 
0.61170921 0.61051973 0.60018252 0.60363507 0.61291266 
0.61300676 0.60935118 0.60186519 0.60376608 0.61291213 
0.61102815 0.60884674 0.60360909 0.60580936 0.61117219 
0.60982362 0.60768249 0.60265605 0.60570016 0.60962300 
0.61064603 0.60808012 0.60124263 0.60633100 0.60859442 
0.61069156 0.60799222 0.60160568 0.60605194 0.60841613 
0.60953204 0.60899940 0.60275146 0.60602990 0.60888869 
0.61059344 0.60904770 0.60223379 0.60590612 0.60732170 
0.61065969 0.60817538 0.60445479 0.60755852 0.60767500 
0.61119035 0.60861170 0.60494011 0.60812790 0.60537604 
0.61289346 0.61018423 0.60312620 0.60857492 0.60659025 
0.61268129 0.61153734 0.60338089 0.60826519 0.60529979 
0.61373562 0.61221507 0.60308745 0.60902467 0.60399373 
0.61273197 0.61158617 0.60319827 0.60940907 0.60323210 
0.61195301 0.61128334 0.60523233 0.60845648 0.60350365 
0.61143291 0.61073347 0.60395615 0.60837726 0.60344077 
0.61196577 0.61094058 0.60511812 0.60746000 0.60515110 
0.61162237 0.60996490 0.60564646 0.60612502 0.60477276 
0.61182161 0.61125711 0.60469768 0.60585411 0.60507073 
0.61090236 0.61144736 0.60338936 0.60602618 0.60466781 
0.61175222 0.61145930 0.60267659 0.60844880 0.60698938 
0.61286627 0.61222713 0.60268184 0.60944386 0.60768730 
0.61328445 0.61139947 0.60313126 0.60951769 0.60831815 
0.61215446 0.61158565 0.60098082 0.61129002 0.60835044 
0.61219795 0.61140743 0.60133562 0.61151215 0.60918810 
0.61336278 0.61092586 0.60053505 0.60980183 0.60864492 
0.61457623 0.60992689 0.59960180 0.60858703 0.60775690 
0.61359590 0.61051196 0.60120360 0.60894018 0.60688221 
0.61289640 0.60950922 0.60149788 0.60934282 0.60587652 
0.61159794 0.61063143 0.60210733 0.60812049 0.60656500 
0.61180306 0.61105655 0.60194124 0.60603614 0.60749685 
0.61240567 0.61026408 0.60217637 0.60576808 0.60668224 
0.61217049 0.61007147 0.60248343 0.60564302 0.60707230 
0.61214669 0.60957009 0.60115588 0.60537801 0.60713417 
0.61256767 0.61001644 0.60155182 0.60369337 0.60616351 
0.61236767 0.61036955 0.60193633 0.60418136 0.60620710 
0.61207962 0.60911691 0.60134512 0.60434235 0.60482372 
0.61260868 0.60956303 0.60112323 0.60270249 0.60614058 
0.61263067 0.60866103 0.60275717 0.60356385 0.60589553 
0.61339009 0.60853446 0.60197111 0.60374101 0.60548356 
0.61199542 0.60924398 0.60112303 0.60512758 0.60391060 
0.61220384 0.60948151 0.60009832 0.60472343 0.60448240 
0.61325834 0.60997069 0.59998589 0.60373126 0.60527937 
0.61325834 0.60997069 0.59998589 0.60373126 0.60527937 
0.61300597 0.61015726 0.59877894 0.60359311 0.60606404 
0.61238802 0.60989195 0.59841453 0.60321858 0.60639975 
0.61221001 0.60920404 0.59837017 0.60343405 0.60700679 
0.61238663 0.60847934 0.59914476 0.60467601 0.60587450 
0.61229211 0.60841871 0.59979852 0.60366913 0.60623704 
0.61342569 0.60920471 0.59978996 0.60442648 0.60484769 
0.61441015 0.60804706 0.59887436 0.60463681 0.60542191 
0.61401691 0.60833613 0.60063356 0.60383560 0.60590698 
0.61388631 0.60581203 0.59995681 0.60446998 0.60595761 
0.61583307 0.60746255 0.60065936 0.60411167 0.60678135 
0.61511876 0.60700118 0.59921671 0.60436984 0.60693283 
0.61464963 0.60800395 0.60035305 0.60419981 0.60597144 
0.61270156 0.61005108 0.60030904 0.60358836 0.60735143 
0.61238948 0.61037816 0.60236176 0.60274792 0.60695790 
0.61191824 0.61103513 0.60190111 0.60320427 0.60797723 
0.61173526 0.60995621 0.60323589 0.60433158 0.60843825 
0.61260504 0.60938144 0.60157541 0.60421512 0.60944902 
0.61404897 0.61003365 0.60317804 0.60544140 0.61063323 
0.61442297 0.60989774 0.60268666 0.60504831 0.61249885 
0.61440144 0.60997339 0.60446139 0.60463610 0.61080740 
0.61484489 0.61106266 0.60367757 0.60443483 0.61091056 
0.61526398 0.61127866 0.60420086 0.60395146 0.61040804 
0.61505818 0.61089988 0.60528167 0.60095232 0.60859566 
0.61402717 0.61221465 0.60523449 0.60139815 0.60859512 
0.61321702 0.61144669 0.60579066 0.60224008 0.60804169 
0.61282398 0.61069446 0.60519294 0.60353625 0.60857540 
0.61352307 0.60964891 0.60497111 0.60404211 0.60921993 
0.61080382 0.60946315 0.60437617 0.60378049 0.60903605 
0.61086192 0.60935350 0.60288052 0.60444686 0.61039270 
0.61084736 0.60937268 0.60236986 0.60498631 0.61053973 
0.61024135 0.60993573 0.60358920 0.60576712 0.61108605 
0.60975601 0.61097354 0.60474904 0.60589337 0.61118170 
0.60959838 0.61186756 0.60472216 0.60560753 0.60976586 
0.61100571 0.61135038 0.60519907 0.60403279 0.60934374 
0.60940765 0.61236923 0.60592845 0.60534720 0.60911288 
0.60724482 0.61187276 0.60606627 0.60348575 0.60808108 
0.60677241 0.61171933 0.60595237 0.60342916 0.60858463 
0.60773792 0.61195884 0.60531937 0.60492360 0.60683981 
0.60589631 0.61193324 0.60570744 0.60371751 0.60850590 
0.60667762 0.61107864 0.60711060 0.60438919 0.60832360 
0.60638452 0.61312852 0.60731721 0.60585815 0.60769018 
0.60622224 0.61224225 0.60636429 0.60600342 0.60750171 
0.60673416 0.61276634 0.60550456 0.60657655 0.60869156 
0.60732953 0.61310801 0.60459430 0.60614277 0.60803028 
0.60734146 0.61299423 0.60470506 0.60621826 0.60948844 
0.60697627 0.61289367 0.60444846 0.60663706 0.61082428 
0.60687593 0.61298497 0.60447150 0.60782185 0.61172626 
0.60573773 0.61348078 0.60359952 0.60788176 0.61041999 
0.60564780 0.61251295 0.60423076 0.60824212 0.61230206 
0.60732598 0.61119654 0.60411410 0.60926477 0.61114171 
0.60809953 0.61094692 0.60467602 0.60801915 0.60967486 
0.60767661 0.61092919 0.60566720 0.60809457 0.60794457 
0.60777134 0.61167535 0.60626189 0.60916167 0.60737887 
0.60891680 0.61195852 0.60583673 0.60764982 0.60686506 
0.60848752 0.61197096 0.60504190 0.60741194 0.60878616 
0.60857418 0.61055215 0.60506144 0.60665696 0.60843379 
0.61049279 0.60931485 0.60367012 0.60646235 0.60851450 
0.61111103 0.60832219 0.60442532 0.60690858 0.60881413 
0.61046433 0.60813872 0.60560435 0.60725485 0.60772396 
0.60866929 0.60834569 0.60564919 0.60669441 0.60908064 
0.60967092 0.60845728 0.60440534 0.60730598 0.60904265 
0.60897352 0.60973195 0.60290002 0.60613275 0.60777476 
0.60970603 0.60914003 0.60421982 0.60708524 0.60828600 
0.61148327 0.60855161 0.60275564 0.60816586 0.60778569 
0.61109821 0.60854750 0.60269002 0.60806452 0.60574709 
0.61049364 0.60883189 0.60259580 0.60944000 0.60540447 
0.61042020 0.60833097 0.60457965 0.61084115 0.60668058 
0.61034335 0.60847611 0.60493133 0.61012099 0.60590585 
0.61021185 0.60985200 0.60489084 0.60873215 0.60626717 
0.60997892 0.60978977 0.60509671 0.60881494 0.60485040 
0.60952639 0.61208552 0.60567698 0.60929160 0.60434131 
0.60818869 0.61216127 0.60449169 0.60836696 0.60391625 
0.60659042 0.61162367 0.60516780 0.60838418 0.60506352 
0.60726346 0.61162716 0.60519833 0.60728961 0.60568841 
0.60674841 0.61250711 0.60519411 0.60820339 0.60522038 
0.60528761 0.61086257 0.60414644 0.60936901 0.60452301 
0.60659451 0.60916375 0.60416847 0.60977480 0.60369938 
0.60612510 0.61105835 0.60469591 0.60789012 0.60386576 
0.60545563 0.60969853 0.60467377 0.60797413 0.60368890 
0.60565208 0.61061445 0.60447026 0.60912051 0.60197360 
0.60499727 0.61032742 0.60440450 0.60926700 0.60356944 
0.60472112 0.61092920 0.60729208 0.60804439 0.60513668 
0.60672922 0.61049277 0.60718835 0.60948556 0.60440256 
0.60612464 0.61178413 0.60692649 0.61041061 0.60546782 
0.60509744 0.61151744 0.60596331 0.61032336 0.60583861 
0.60473746 0.61095931 0.60545778 0.61057677 0.60659781 
0.60487374 0.61154007 0.60419613 0.61146684 0.60727868 
0.60632211 0.60986676 0.60468862 0.61133846 0.60694421 
0.60534159 0.61070027 0.60516484 0.61322757 0.60693696 
0.60582182 0.61025590 0.60467377 0.61425632 0.60786642 
0.60427750 0.61091863 0.60428047 0.61554552 0.60741444 
0.60643241 0.61132171 0.60303286 0.61430869 0.60920614 
0.60651186 0.61271085 0.60379429 0.61393118 0.60901297 
0.60552866 0.61168978 0.60222171 0.61251693 0.60932541 
0.60526651 0.61235701 0.60326564 0.61186252 0.60849656 
0.60541703 0.61272005 0.60349257 0.61202511 0.60996871 
0.60655153 0.61098860 0.60436151 0.61211934 0.60957130 
0.60612596 0.61024420 0.60535815 0.61051089 0.60914965 
0.60682818 0.61024510 0.60690349 0.61056641 0.60838228 
0.60647465 0.61010642 0.60632512 0.61128404 0.60768995 
0.60585004 0.61168694 0.60953670 0.61305589 0.60826599 
0.60532449 0.61118448 0.60948524 0.61229696 0.60822411 
0.60653506 0.60961712 0.60992971 0.61171178 0.60961362 
0.60584747 0.60860241 0.61015982 0.61061127 0.61106884 
0.60733259 0.60857418 0.60834454 0.60959585 0.61112380 
0.60611534 0.60866208 0.61010279 0.60940296 0.61031242 
0.60499451 0.60893385 0.60983297 0.60984150 0.61023045 
0.60533854 0.60791684 0.61036445 0.60870420 0.60982400 
0.60534789 0.60965153 0.61045392 0.60727734 0.60920435 
0.60432851 0.60921546 0.60968442 0.60853949 0.60631895 
0.60405987 0.60944794 0.60823696 0.61044327 0.60569027 
0.60304358 0.61070935 0.60809690 0.60986263 0.60496805 
0.60292927 0.61119849 0.60971441 0.60924568 0.60476812 
0.60270219 0.61238491 0.60710698 0.60825044 0.60534755 
0.60242743 0.61235902 0.60815894 0.60735806 0.60694003 
0.60231322 0.61193445 0.60950807 0.60768091 0.60713589 
0.60335091 0.61089950 0.60962135 0.60787782 0.60757858 
0.60257203 0.61153122 0.60931581 0.60639706 0.60721797 
0.60370760 0.61097651 0.61019346 0.60694269 0.60699294 
0.60195210 0.61105190 0.61026058 0.60727728 0.60694027 
0.59938013 0.61292116 0.60782664 0.60743911 0.60508069 
0.60074522 0.61202999 0.60845057 0.60863348 0.60453518 
0.60022591 0.61198813 0.60794328 0.60925238 0.60542019 
0.59977175 0.61130896 0.60809970 0.60891529 0.60475754 
0.60160241 0.61050829 0.60712194 0.60991420 0.60357417 
0.60484564 0.61061243 0.60783193 0.60926641 0.60427289 
0.60202292 0.61099679 0.60845540 0.60847122 0.60303223 
0.60268658 0.61087343 0.60883775 0.60881222 0.60286031 
0.60543985 0.61130510 0.60949444 0.60900694 0.60268169 
0.60424990 0.61079771 0.61064287 0.60939287 0.60204916 
0.60390244 0.60991010 0.61061201 0.60853761 0.60328954 
0.60386872 0.61197144 0.60891254 0.60701969 0.60366885 
0.60245686 0.61168437 0.60918296 0.60657895 0.60284259 
0.60364720 0.61168723 0.60846284 0.60713849 0.60380891 
0.60430789 0.61147623 0.60948946 0.60778118 0.60290259 
0.60708238 0.61234350 0.60935415 0.60880140 0.60273741 
0.60797671 0.61131552 0.60899250 0.61035543 0.60219990 
0.60558509 0.61076962 0.61030855 0.61129636 0.60263844 
0.60866161 0.61274245 0.60877877 0.61230923 0.60351064 
0.60921645 0.61247909 0.60834708 0.61303585 0.60377986 
0.60805530 0.61095743 0.60847652 0.61192580 0.60328063 
0.60830404 0.61165926 0.60947440 0.61075850 0.60388531 
0.60757422 0.61268488 0.60880081 0.61029665 0.60375966 
0.60668891 0.61254227 0.61036251 0.61002308 0.60411971 
0.60765967 0.61311657 0.61015866 0.60921752 0.60410610 
0.60701978 0.61390960 0.61067354 0.60902009 0.60394586 
0.60563806 0.61303008 0.61028290 0.61039971 0.60505078 
0.60486575 0.61449824 0.61020817 0.60927176 0.60632070 
0.60418404 0.61345796 0.61064931 0.61049521 0.60671760 
0.60468293 0.61391917 0.61178646 0.61151630 0.60688300 
0.60414326 0.61493089 0.61068097 0.61125539 0.60694909 
0.60463390 0.61433180 0.61120027 0.61269996 0.60766069 
0.60357082 0.61333073 0.61102504 0.61302020 0.60718338 
0.60212670 0.61495241 0.61019595 0.61329521 0.60715443 
0.60081363 0.61507187 0.60991743 0.61224634 0.60721072 
0.60105679 0.61686189 0.60881487 0.61171363 0.60636058 
0.60051552 0.61707393 0.60845726 0.61083425 0.60634684 
0.60055647 0.61675236 0.60844353 0.60959299 0.60502051 
0.60032948 0.61705719 0.60939306 0.61028305 0.60572525 
0.60002085 0.61899973 0.61046342 0.61087674 0.60549587 
0.60376085 0.61888780 0.60975731 0.60972501 0.60555501 
0.60397502 0.61918645 0.61009376 0.60897041 0.60554008 
0.60491825 0.61810823 0.60970976 0.60742128 0.60514115 
0.60532285 0.61800887 0.60886040 0.60668176 0.60607828 
0.60615222 0.61746421 0.60944472 0.60499553 0.60664512 
0.60654787 0.61692788 0.60803477 0.60682863 0.60828049 
0.60759902 0.61590622 0.60759128 0.60619979 0.60846470 
0.60920835 0.61459204 0.60761212 0.60550993 0.60838238 
0.60878801 0.61465561 0.60847685 0.60541345 0.60815232 
0.60878801 0.61465561 0.60847685 0.60541345 0.60815232 
0.61019947 0.61430774 0.60790446 0.60512451 0.60627396 
0.60974018 0.61523550 0.60758172 0.60583927 0.60635495 
0.61077606 0.61300598 0.60805230 0.60575189 0.60431937 
0.61129658 0.61306230 0.61083297 0.60721129 0.60518109 
0.60938953 0.61301215 0.61267539 0.60527296 0.60438696 
0.60858402 0.61231241 0.61270518 0.60593075 0.60333664 
0.60710138 0.61163690 0.61131159 0.60614855 0.60319643 
0.60630500 0.61194643 0.61066949 0.60651745 0.60318262 
0.60665398 0.61079492 0.61002076 0.60779391 0.60407216 
0.60662017 0.61054224 0.61020476 0.60769857 0.60454860 
0.60708054 0.61086107 0.60929244 0.60709199 0.60354504 
0.60766555 0.61116715 0.60760407 0.60817681 0.60418215 
0.60750443 0.61074950 0.60667192 0.60708739 0.60402149 
0.60672408 0.61053337 0.60657391 0.60922664 0.60452192 
0.60740937 0.61051817 0.60659179 0.60918745 0.60421718 
0.60799991 0.61060061 0.60805897 0.60914179 0.60370817 
0.60895238 0.61067633 0.60885983 0.60850990 0.60364164 
0.60722579 0.61122403 0.60919668 0.60694964 0.60371118 
0.60856622 0.61074266 0.60945965 0.60753898 0.60394800 
0.60852982 0.61063693 0.60934710 0.60815864 0.60394064 
0.60936937 0.61175384 0.61089264 0.60811881 0.60382918 
0.60978615 0.61326032 0.60943725 0.60803456 0.60251585 
0.61164347 0.61307467 0.61021479 0.60809494 0.60261584 
0.61124772 0.61264719 0.61105497 0.60921604 0.60310829 
0.61221388 0.61166126 0.61140206 0.60761616 0.60384999 
0.61340136 0.61147890 0.61250404 0.60736974 0.60281577 
0.61248009 0.60918934 0.61262595 0.60776100 0.60410482 
0.61234545 0.60884435 0.61313485 0.60729521 0.60386745 
0.61329646 0.60675295 0.61362720 0.60686980 0.60404080 
0.61228405 0.60483470 0.61180514 0.60650776 0.60455443 
0.61095080 0.60505927 0.61019477 0.60609821 0.60440779 
0.61150117 0.60606373 0.61154939 0.60634564 0.60488352 