0
0
0.00218929
0.00876744
0.0194731
0.0338411
0.0516173
0.0720842
0.0947762
0.119351
0.145138
0.171805
0.19923
0.226458
0.25246
0.27881
0.304197
0.329244
0.353377
0.376569
0.397932
0.416778
0.436685
0.454345
0.471166
0.486858
0.501875
0.515938
0.530922
0.543375
0.554877
0.5665
0.578582
0.587996
0.595973
0.605674
0.613826
0.622118
0.630367
0.638701
0.64407
0.650779
0.658351
0.663883
0.669527
0.673633
0.678115
0.682811
0.688896
0.692075
0.697831
0.699534
0.70433
0.70731
0.71087
0.712813
0.718206
0.720386
0.723142
0.72537
0.728209
0.730357
0.731549
0.733669
0.735447
0.737246
0.740919
0.742146
0.743254
0.742938
0.745197
0.746283
0.746775
0.748454
0.750809
0.75227
0.753055
0.753073
0.756297
0.755799
0.753848
0.755473
0.756151
0.757959
0.758051
0.758766
0.759032
0.75694
0.757153
0.757693
0.758452
0.757588
0.758668
0.761598
0.763336
0.7641
0.763226
0.763951
0.763077
0.764914
0.764974
0.766223
0.765916
0.764766
0.766389
0.766389
0.764637
0.764049
0.76238
0.76286
0.761784
0.76204
0.762994
0.763268
0.763083
0.763568
0.763557
0.764015
0.76391
0.762856
0.76329
0.765154
0.765221
0.765758
0.768297
0.766519
0.766745
0.765548
0.766995
0.764757
0.766058
0.76549
0.763843
0.763006
0.762769
0.763974
0.762793
0.762682
0.763738
0.765054
0.766391
0.764583
0.765111
0.766717
0.765859
0.765523
0.766416
0.767239
0.766127
0.766256
0.766779
0.767198
0.766567
0.767234
0.76568
0.767655
0.767239
0.765249
0.765188
0.765514
0.766786
0.765954
0.764744
0.764401
0.765913
0.765372
0.764474
0.76341
0.764475
0.762771
0.764417
0.764293
0.764635
0.76437
0.763282
0.764404
0.763399
0.763104
0.761527
0.760076
0.760503
0.759122
0.758969
0.759629
0.7589
0.760106
0.75945
0.759906
0.763285
0.765427
0.765483
0.766326
0.76683
0.767496
0.765102
0.763537
0.762234
0.763934
0.765357
0.764497
0.765302
0.765085
0.764389
0.764442
0.765107
0.765786
0.766691
0.766705
0.766332
0.764537
0.764107
0.764332
0.764919
0.764907
0.764588
0.765406
0.767757
0.766688
0.766822
0.76649
0.766355
0.766213
0.764733
0.764796
0.764137
0.764167
0.763602
0.765296
0.766493
0.764098
0.763778
0.764121
0.764493
0.764643
0.765261
0.764368
0.765486
0.764393
0.764223
0.7643
0.764526
0.765007
0.766851
0.766979
0.769575
0.766511
0.764763
0.765231
0.766143
0.765822
0.766198
0.763834
0.763373
0.763855
0.764446
0.765416
0.765668
0.762877
0.762414
0.762513
0.762649
0.762778
0.765057
0.765165
0.766382
0.766074
0.765934
0.765298
0.765244
0.764128
0.766205
0.765057
0.765189
0.763588
0.766281
0.768791
0.76876
0.76751
0.766946
0.766102
0.764087
0.764562
0.763175
0.762481
0.762479
0.761696
0.761664
0.7605
0.7608
0.761267
0.759501
0.759669
0.760035
0.759303
0.757706
0.75655
0.758106
0.758106
0.758881
0.757949
0.759019
0.759172
0.760048
0.760789
0.760871
0.761805
0.760992
0.762922
0.761007
0.76149
0.762905
0.763859
0.764214
0.764968
0.764711
0.767189
0.76845
0.76856
0.769138
0.768806
0.766463
0.767564
0.767263
0.766802
0.767124
0.764694
0.764566
0.763496
0.764418
0.765132
0.764457
0.764957
0.766304
0.763898
0.76336
0.762909
0.762025
0.763585
0.764841
0.764506
0.765613
0.765228
0.766502
0.767517
0.767993
0.766267
0.767108
0.766151
0.76447
0.763662
0.765255
0.764809
0.764784
0.76237
0.761365
0.762178
0.761995
0.761552
0.76257
0.761131
0.762605
0.761813
0.759853
0.760505
0.761958
0.761524
0.762203
0.762616
0.763748
0.762191
0.762989
0.762966
0.762557
0.761456
0.760744
0.761162
0.760558
0.761278
0.762191
0.764398
0.76661
0.767749
0.767011
0.767223
0.767381
0.766761
0.767817
0.769313
0.768969
0.769597
0.770601
0.767998
0.768282
0.769225
0.769848
0.768703
0.76992
0.768874
0.771267
0.76998
0.770626
0.769907
0.768231
0.768862
0.768592
0.768172
0.769168
0.767032
0.767443
0.766768
0.766253
0.764261
0.764919
0.76623
0.766544
0.765745
0.767533
0.76614
0.76463
0.764869
0.76456
0.763953
0.763468
0.765885
0.762484
0.762935
0.764508
0.763969
0.764163
0.764014
0.762935
0.764453
0.766041
0.767785
0.76636
0.76757
0.771243
0.772363
0.770859
0.772203
0.772353
0.772531
0.7724
0.771915
0.7714
0.771856
0.771862
0.772896
0.77251
0.773677
0.772809
0.771837
0.770345
0.769667
0.770074
0.768188
0.770178
0.771626
0.771727
0.77146
0.770203
0.770094
0.769908
0.771478
0.76966
0.768574
0.768688
0.768688
0.768039
0.76869
0.767335
0.770096
0.768357
0.767742
0.76577
0.76481
0.764337
0.764307
0.763332
0.763787
0.763061
0.763348
0.762832
0.762956
0.762722
0.763535
0.763503
0.763435
0.766206
0.76635
0.767891
0.768285
0.768344
0.769546
0.767611
0.767347
0.767195
0.765653
0.76338
0.764742
