0.00000000 0.00000000 0.00000000 0.00000000 0.00000000 
0.00000000 0.00000000 0.00000000 0.00000000 0.00000000 
0.00218024 0.00218898 0.00218161 0.00217840 0.00221723 
0.00880048 0.00873329 0.00872312 0.00879090 0.00878941 
0.01952749 0.01952860 0.01928283 0.01949539 0.01953099 
0.03365998 0.03423791 0.03343083 0.03418522 0.03369140 
0.05136881 0.05160781 0.05102225 0.05210857 0.05197899 
0.07195027 0.07198862 0.07138433 0.07228206 0.07281586 
0.09461007 0.09597162 0.09403901 0.09392085 0.09533949 
0.11885317 0.12130399 0.11898164 0.11775408 0.11986240 
0.14449230 0.14772609 0.14430566 0.14400554 0.14516286 
0.17083414 0.17447137 0.17261827 0.16994483 0.17115803 
0.19674859 0.20228103 0.20001378 0.19834307 0.19876417 
0.22311582 0.22934180 0.22706507 0.22586045 0.22690505 
0.24918632 0.25675719 0.25282802 0.25142642 0.25210425 
0.27557039 0.28333184 0.27861659 0.27836363 0.27816685 
0.30271436 0.31004899 0.30227618 0.30441026 0.30153521 
0.33053461 0.33385279 0.32918154 0.32680145 0.32584855 
0.35536334 0.35627488 0.35503903 0.34877361 0.35143578 
0.37966395 0.37897976 0.37802281 0.37287925 0.37329765 
0.39953222 0.40021413 0.40002839 0.39637530 0.39350864 
0.41733561 0.41965252 0.42006013 0.41276441 0.41407813 
0.43467649 0.44186963 0.44205014 0.43068497 0.43414395 
0.45291535 0.45954013 0.46070761 0.44676424 0.45179968 
0.46653432 0.47521133 0.47747985 0.46661567 0.46999046 
0.48280217 0.48590585 0.49392882 0.48443418 0.48721744 
0.50017204 0.50248084 0.50689710 0.49861817 0.50120832 
0.51693243 0.51571235 0.51931719 0.51419693 0.51353173 
0.53307355 0.52976123 0.53459902 0.52909856 0.52807732 
0.54269779 0.54208892 0.54698148 0.54168619 0.54341886 
0.55461629 0.55549499 0.55984067 0.55387078 0.55056404 
0.56545750 0.56858374 0.57198952 0.56524751 0.56122277 
0.57600283 0.58083313 0.58338934 0.57768271 0.57500328 
0.58720924 0.59093190 0.59169774 0.58448837 0.58565349 
0.60017025 0.59885151 0.59923454 0.59170226 0.58990880 
0.60770093 0.60935929 0.60870737 0.60142928 0.60117080 
0.61797325 0.61481316 0.61410818 0.60825135 0.61398563 
0.62458515 0.62043162 0.62105262 0.61901022 0.62551224 
0.63186795 0.62953965 0.63025594 0.62568604 0.63448441 
0.64218538 0.63472190 0.64026126 0.62957183 0.64676595 
0.65079302 0.63783980 0.64341335 0.63327113 0.65503282 
0.65627389 0.64938003 0.64891382 0.63987781 0.65944826 
0.66493499 0.65794090 0.65671812 0.64767230 0.66448626 
0.67334794 0.66518934 0.65840479 0.65263955 0.66983491 
0.67978710 0.66905649 0.66354598 0.65758536 0.67766088 
0.68439951 0.67245554 0.66788485 0.66104102 0.68238182 
0.69111588 0.67644561 0.67195229 0.66769534 0.68336712 
0.69462206 0.68020946 0.67944112 0.67229738 0.68748535 
0.70067953 0.68568149 0.68630162 0.67756395 0.69425098 
0.70523499 0.68922964 0.68754717 0.67961520 0.69874632 
0.71190129 0.69830660 0.69296423 0.68427894 0.70170344 
0.71223725 0.70192225 0.69591106 0.68394535 0.70365627 
0.71636687 0.70328324 0.70300218 0.68760405 0.71139326 
0.71838492 0.70683034 0.70793615 0.68783964 0.71555927 
0.71952011 0.71074652 0.71126053 0.69530082 0.71752245 
0.71921222 0.71528231 0.71554692 0.69672507 0.71729842 
0.72357585 0.72157862 0.72228555 0.70369738 0.71989304 
0.72325616 0.72351203 0.72375817 0.70458422 0.72681748 
0.72343782 0.72763350 0.72897479 0.70641270 0.72925102 
0.72866468 0.72838727 0.72337266 0.71282409 0.73360229 
0.73412318 0.72945571 0.72422126 0.71867189 0.73457420 
0.73796291 0.72988393 0.72520146 0.72314530 0.73559003 
0.73682351 0.73187748 0.72394549 0.72460029 0.74049801 
0.74024101 0.73184857 0.72197401 0.73019065 0.74409191 
0.74373144 0.73073265 0.72592407 0.73169499 0.74515233 
0.74405375 0.73342024 0.72968286 0.73465743 0.74441785 
0.74583422 0.73766000 0.73384739 0.73525022 0.75200240 
0.74517593 0.74274896 0.73619106 0.73358950 0.75302516 
0.74445532 0.74349955 0.74041786 0.73459799 0.75330010 
0.74119940 0.74802027 0.74058049 0.73300794 0.75188024 
0.73996399 0.75428543 0.74314412 0.73470403 0.75388574 
0.73814011 0.75698448 0.74227786 0.74022649 0.75378508 
0.73957664 0.75726096 0.73995628 0.74137163 0.75571114 
0.74274472 0.75735850 0.74401988 0.74224203 0.75590493 
0.74288773 0.76223094 0.74543130 0.74639253 0.75710427 
0.74154376 0.76316264 0.74851974 0.75062736 0.75749745 
0.74385727 0.76671066 0.74820122 0.75076865 0.75573922 
0.74582398 0.76308148 0.74773823 0.75296967 0.75575096 
0.74762597 0.76495506 0.75470874 0.75781993 0.75637310 
0.74645968 0.76814314 0.75017611 0.76188865 0.75232532 
0.74059226 0.77273006 0.74410899 0.76076678 0.75104180 
0.74254868 0.77318045 0.74681369 0.76404120 0.75078100 
0.74214423 0.77482136 0.74583658 0.76845670 0.74949380 
0.74504244 0.77553712 0.74899996 0.77154520 0.74866827 
0.74463000 0.77150270 0.75129361 0.77173681 0.75109230 
0.74269960 0.77170212 0.75240101 0.76985819 0.75716829 
0.74061272 0.77220881 0.75517502 0.76767649 0.75948538 
0.73871666 0.76894858 0.75584730 0.76545939 0.75572876 
0.74018390 0.76462424 0.75802385 0.76849871 0.75443445 
0.74031524 0.76485093 0.75992708 0.76863007 0.75473986 
0.74062442 0.76660682 0.76320048 0.76775417 0.75407215 
0.73501442 0.76591745 0.76270688 0.77107976 0.75322257 
0.73534516 0.76618790 0.76517626 0.77197851 0.75465019 
0.73907656 0.76832478 0.77118874 0.77459983 0.75480015 
0.73891655 0.76865776 0.77663383 0.77391119 0.75855935 
0.73912975 0.77248274 0.77958984 0.77035938 0.75893864 
0.73562979 0.77478907 0.77463128 0.76973426 0.76134743 
0.73580477 0.77686645 0.77358318 0.76878686 0.76471340 
0.73295546 0.77686705 0.77001691 0.76736695 0.76818035 
0.73882661 0.77739258 0.76703528 0.77258032 0.76873682 
0.74437571 0.77323745 0.76649031 0.77087400 0.76989427 
0.74395141 0.77534577 0.77008886 0.77069174 0.77103834 
0.74659520 0.77809830 0.77032387 0.76602267 0.76853768 
0.74582242 0.78138407 0.76826590 0.76290039 0.76545687 
0.75068358 0.78275689 0.76930154 0.76526659 0.76393806 
0.75068358 0.78275689 0.76930154 0.76526659 0.76393806 
0.75453583 0.77770977 0.76431534 0.76233066 0.76429235 
0.75455848 0.77496166 0.76276135 0.76534889 0.76261383 
0.75087329 0.77412345 0.76541975 0.76354146 0.75794007 
0.75404231 0.77354789 0.76245401 0.76537883 0.75887774 
0.75185763 0.77059326 0.76200985 0.76664042 0.75781813 
0.75129846 0.77109490 0.76672184 0.76528596 0.75579723 
0.75437899 0.77163826 0.76660243 0.76535887 0.75699087 
0.75854315 0.76902519 0.76745584 0.76474240 0.75657465 
0.76273203 0.76837254 0.76624649 0.76502446 0.75304043 
0.76226607 0.76801524 0.76459345 0.76632203 0.75664316 
0.76447143 0.76703172 0.76464660 0.76628097 0.75535322 
0.76560308 0.76917908 0.76214217 0.76665355 0.75649669 
0.76281039 0.76958721 0.76386806 0.76492185 0.75836122 
0.75976483 0.76943980 0.76629321 0.76380924 0.75497117 
0.76449547 0.76414891 0.76649269 0.76457897 0.75673457 
0.76784011 0.76655997 0.76649915 0.76217080 0.76270033 
0.76751788 0.77037524 0.76353839 0.76177576 0.76289814 
0.76812811 0.77227120 0.76494337 0.76160988 0.76183801 
0.76859031 0.77214612 0.76756542 0.76591609 0.76726605 
0.76676602 0.77249818 0.76434604 0.76579520 0.76319119 
0.76488046 0.77586364 0.76713837 0.76386009 0.76198156 
0.76174642 0.77333415 0.77071409 0.76114355 0.76080192 
0.76310590 0.77564278 0.77017400 0.76138813 0.76466587 
0.76149489 0.77359834 0.76488093 0.76293257 0.76087810 
0.75802330 0.77620993 0.77084986 0.76720040 0.75800659 
0.75540748 0.77356022 0.77218842 0.76677363 0.75951869 
0.75579600 0.76964617 0.76815257 0.76357582 0.76204366 
0.75324733 0.76628512 0.76930583 0.76444760 0.76174433 
0.75626031 0.76085782 0.77063274 0.76550777 0.76058679 
0.75709180 0.76325125 0.76884155 0.76659571 0.76409002 
0.75325488 0.76163416 0.76692942 0.76564404 0.76650380 
0.75519302 0.76062753 0.76315942 0.76836630 0.76606270 
0.75887878 0.76184277 0.76298239 0.76863644 0.76635172 
0.75536103 0.76779307 0.76803698 0.76526545 0.76881132 
0.75437688 0.76925439 0.77328846 0.76731429 0.76772307 
0.75529814 0.76664350 0.76989349 0.76407896 0.76700230 
0.75646482 0.76566427 0.77089120 0.76523982 0.76729284 
0.75771819 0.76618082 0.77364148 0.76616598 0.76987917 
0.75888113 0.76411337 0.77295916 0.76456110 0.76877846 
0.75684431 0.76400546 0.77340952 0.76283969 0.77051554 
0.75548887 0.76242006 0.77487013 0.76581402 0.77348726 
0.75826424 0.76459354 0.77763046 0.76456268 0.77114330 
0.75960518 0.76503292 0.77486528 0.76182719 0.76930404 
0.75838199 0.76364052 0.77395212 0.76160739 0.77369992 
0.75999515 0.75921538 0.77256864 0.76363995 0.77847413 
0.76220837 0.76063396 0.77447929 0.76436506 0.77430405 
0.76006011 0.75576614 0.77559854 0.76705065 0.77435970 
0.76077328 0.75775803 0.77555041 0.76889060 0.77319937 
0.75957280 0.75368526 0.77554085 0.76923910 0.77036309 
0.76410244 0.76306258 0.77500170 0.76778630 0.76831955 
0.76514711 0.76302472 0.77410164 0.76644553 0.76747513 
0.76115838 0.76377419 0.77334977 0.76692209 0.76103880 
0.76098463 0.76813007 0.77010894 0.76889889 0.75781592 
0.75911715 0.77134820 0.77075617 0.76993126 0.75641865 
0.76037796 0.77262443 0.77244176 0.76727426 0.76121146 
0.75854989 0.77159719 0.77104575 0.76527010 0.76330623 
0.75852588 0.76842454 0.76623598 0.76727061 0.76326439 
0.75148568 0.76964727 0.76501529 0.77146151 0.76439378 
0.75514995 0.76993868 0.76441515 0.77130824 0.76875301 
0.75183528 0.76880783 0.76499666 0.77074352 0.77047542 
0.74742442 0.77150353 0.76509849 0.76960576 0.76873837 
0.74267173 0.76797249 0.76387564 0.77060239 0.77192604 
0.74516868 0.76971858 0.76431795 0.77032028 0.77284897 
0.74783453 0.76671765 0.76141272 0.77011191 0.76777676 
0.74590585 0.76495454 0.76480539 0.77200787 0.77441173 
0.74788226 0.76394274 0.76343070 0.76713605 0.77907226 
0.74814828 0.76690483 0.76421566 0.76822886 0.77567958 
0.74597074 0.77146992 0.76409280 0.76751303 0.77280234 
0.74063315 0.76926243 0.76710203 0.76644152 0.77297099 
0.73952448 0.77262317 0.76716307 0.76673780 0.77597248 
0.73952723 0.76358389 0.76957091 0.76920627 0.77510535 
0.73934060 0.76525024 0.76455193 0.77197331 0.77440449 
0.73514074 0.76141247 0.76584123 0.77023280 0.77500885 
0.73836113 0.75883410 0.76282417 0.76703869 0.77332155 
0.73601887 0.76315431 0.76547995 0.77005248 0.76781071 
0.73716553 0.75847597 0.76383611 0.76904971 0.76708161 
0.73729064 0.75876470 0.76194487 0.77085456 0.76599225 
0.73795107 0.76225581 0.76437312 0.76687663 0.76668850 
0.73996619 0.76033948 0.76367162 0.76463548 0.76588511 
0.74191825 0.75991591 0.76062207 0.77011218 0.76795937 
0.74546629 0.75798400 0.75956842 0.77114578 0.76308513 
0.74433397 0.76159592 0.75942741 0.76980793 0.76436520 
0.74890365 0.76397392 0.76285105 0.77133289 0.76936236 
0.75072373 0.76398654 0.76926434 0.77395498 0.76920528 
0.75017718 0.76315765 0.76356631 0.78005500 0.77046010 
0.75404064 0.76374718 0.76468826 0.77874116 0.77041074 
0.75709059 0.76498634 0.76682739 0.77748872 0.76775631 
0.75644354 0.75885777 0.77299359 0.77937182 0.76981348 
0.75704939 0.75357700 0.77358139 0.77478255 0.76652060 
0.75818154 0.75579756 0.77592976 0.76739799 0.76037976 
0.75851056 0.75438842 0.77412598 0.76566139 0.75848527 
0.75737600 0.75456445 0.77425079 0.76972213 0.76375842 
0.75812712 0.75521986 0.77191798 0.77667299 0.76484468 
0.75997905 0.75063532 0.77031715 0.77397241 0.76758069 
0.75980903 0.75365307 0.77122403 0.77315657 0.76866661 
0.75921879 0.75558443 0.77032013 0.77438684 0.76591430 
0.76016505 0.75366234 0.77096088 0.77057341 0.76658313 
0.75459147 0.75486117 0.77420174 0.77254458 0.76601129 
0.75389728 0.75666072 0.77851603 0.76927057 0.76718811 
0.75281932 0.75689550 0.78128447 0.77171753 0.76621178 
0.75137370 0.76012486 0.78147885 0.77164552 0.76883224 
0.75436581 0.75713252 0.78345477 0.76976771 0.76880455 
0.75456189 0.75916291 0.78302600 0.76703666 0.76787211 
0.75838788 0.75546126 0.78060963 0.76568178 0.76254222 
0.75773072 0.75732212 0.77630633 0.76534947 0.76382517 
0.75670201 0.75632536 0.77666436 0.76920547 0.76276424 
0.75703260 0.75725186 0.77625411 0.76946625 0.76458990 
0.75655803 0.75887226 0.77575623 0.76840234 0.76494787 
0.75898447 0.75744671 0.77214920 0.76823929 0.76611933 
0.76075652 0.76188131 0.77257067 0.76989194 0.76193057 
0.76591839 0.76345674 0.77167523 0.77217555 0.76555969 
0.76253926 0.76205424 0.77371739 0.77088422 0.76424651 
0.76227084 0.76295797 0.77353534 0.77072631 0.76461768 
0.76403081 0.76596081 0.77281721 0.76912190 0.76052113 
0.76514266 0.76415936 0.77204250 0.76754132 0.76288824 
0.76614452 0.76329426 0.76883788 0.76737873 0.76540795 
0.76054712 0.76024768 0.76721815 0.76855039 0.76710155 
0.75969061 0.76141467 0.76829452 0.76619953 0.76838226 
0.76039796 0.76305988 0.76696429 0.76431578 0.76594597 
0.76432356 0.76958024 0.76120154 0.76193930 0.76379284 
0.76447359 0.76979115 0.76171647 0.75939884 0.76263079 
0.76874225 0.76835128 0.76181473 0.76203728 0.76553653 
0.77060094 0.76680011 0.76401421 0.76334819 0.76770193 
0.77083799 0.76657344 0.75753451 0.76332702 0.76221753 
0.77098165 0.76900250 0.75495298 0.76108339 0.76286881 
0.77200449 0.76826473 0.75397980 0.76060790 0.76575018 
0.77725579 0.77210951 0.75217564 0.75824740 0.76267754 
0.77447764 0.77380899 0.75311442 0.75573665 0.76607745 
0.77586928 0.77418805 0.74883804 0.76006891 0.76734046 
0.77605597 0.77367177 0.74631382 0.75975147 0.76604898 
0.77584052 0.77066787 0.75007891 0.76481005 0.76603364 
0.77454313 0.76348449 0.75120776 0.76694770 0.76578272 
0.77359408 0.76248474 0.75549416 0.76554659 0.76399452 
0.77701427 0.76406321 0.75539609 0.76049431 0.76453444 
0.77478343 0.76264378 0.75302222 0.76201342 0.77016676 
0.77351199 0.76428072 0.75367749 0.76124408 0.77232078 
0.77289762 0.77241731 0.75531512 0.75761621 0.77600958 
0.77158993 0.77222479 0.75500178 0.75816417 0.77791308 
0.77971292 0.77425316 0.75487972 0.75644329 0.78258783 
0.77224377 0.77299009 0.75348977 0.75469188 0.77914004 
0.77243389 0.77010913 0.75124236 0.75515165 0.77487755 
0.77356675 0.77045494 0.74864460 0.75838691 0.77509968 
0.77813065 0.77208927 0.74500184 0.75962555 0.77586549 
0.77785013 0.77118487 0.74803635 0.75533234 0.77670851 
0.77646746 0.77108750 0.74526521 0.75740657 0.78076404 
0.76998521 0.76946421 0.74609593 0.75239893 0.78122511 
0.77204920 0.76518807 0.74521836 0.75449582 0.77991297 
0.77592131 0.76550705 0.74481963 0.75385421 0.77917071 
0.77536162 0.76837646 0.74572820 0.75608757 0.77667729 
0.77973150 0.76451616 0.75162390 0.75533722 0.77587371 
0.77612915 0.76372039 0.75592694 0.76051927 0.77204541 
0.77097206 0.76282556 0.75168397 0.76073114 0.76817032 
0.77454649 0.76398328 0.74886360 0.76060828 0.76406954 
0.77431621 0.76540620 0.75007465 0.75986574 0.76290105 
0.77113338 0.76643551 0.75208375 0.75803596 0.76555652 
0.77335093 0.76828888 0.75159545 0.75795678 0.76269872 
0.77339922 0.76683590 0.75748258 0.76298200 0.76458729 
0.77595015 0.76888149 0.75831678 0.76465855 0.75801969 
0.77720713 0.77243710 0.75571297 0.76576531 0.76078866 
0.77638824 0.77594398 0.75675358 0.76426291 0.75702284 
0.77961496 0.77725630 0.75521259 0.76543567 0.75215251 
0.77748887 0.77656496 0.75636834 0.76680137 0.74926783 
0.77493104 0.77671644 0.76219018 0.76284992 0.74953490 
0.77316343 0.77468298 0.75918566 0.76389295 0.74971474 
0.77498387 0.77468547 0.76355729 0.76285970 0.75493844 
0.77350679 0.77193363 0.76628676 0.75899544 0.75456348 
0.77436532 0.77621651 0.76393559 0.75731397 0.75411315 
0.77157711 0.77681620 0.75804475 0.75658777 0.75491341 
0.77486655 0.77646294 0.75622506 0.76322171 0.76062799 
0.77788199 0.77980998 0.75732790 0.76607916 0.76285705 
0.77794609 0.77960184 0.75581880 0.76609980 0.76433538 
0.77495347 0.77931099 0.74910785 0.77170135 0.76247547 
0.77521833 0.77583745 0.74947677 0.77086909 0.76333025 
0.77909477 0.77543366 0.74724676 0.76526921 0.76346725 
0.78152616 0.77347342 0.74415578 0.76299733 0.75827993 
0.77878237 0.77532157 0.74783324 0.76324521 0.75762948 
0.77702176 0.77208850 0.74789154 0.76505398 0.75381934 
0.77258511 0.77385419 0.74598784 0.76333651 0.75663971 
0.77470540 0.77488883 0.74654607 0.75584799 0.76040873 
0.77716851 0.77336168 0.74675212 0.75302610 0.75816930 
0.77553994 0.77093566 0.74757377 0.75417911 0.76009158 
0.77673608 0.76863123 0.74288588 0.75438519 0.75986287 
0.78086966 0.76994322 0.74419516 0.75129081 0.75770212 
0.77903406 0.77049667 0.74567032 0.75226599 0.75886696 
0.77935097 0.76598225 0.74469630 0.75125521 0.75621994 
0.78106038 0.76763459 0.74464643 0.74651627 0.75848812 
0.78079241 0.76605610 0.74779512 0.74906927 0.75646410 
0.77987491 0.76561589 0.74705091 0.74860423 0.75536805 
0.77711110 0.76763214 0.74162127 0.75096279 0.75120060 
0.77546113 0.76691187 0.73722292 0.74803009 0.75512511 
0.78005876 0.76578832 0.73689454 0.74905919 0.75873004 
0.78005876 0.76578832 0.73689454 0.74905919 0.75873004 
0.77856677 0.76950965 0.73624890 0.74867715 0.76140048 
0.77552121 0.76918374 0.73590091 0.74759554 0.76154467 
0.77483347 0.76846677 0.73691193 0.74941873 0.76546552 
0.77412598 0.76602803 0.74084207 0.75303242 0.76183161 
0.77471752 0.76808406 0.74294222 0.75098624 0.76350920 
0.77932367 0.77005552 0.74077831 0.75319014 0.76059692 
0.78244373 0.76660462 0.73873668 0.75575780 0.76081205 
0.78015944 0.76665948 0.74480211 0.75492809 0.76247389 
0.77943960 0.75967976 0.74415896 0.75837338 0.76330894 
0.78535810 0.76220737 0.74639736 0.75549544 0.76515050 
0.78131803 0.76060967 0.74347826 0.75619464 0.76343313 
0.77987562 0.76472124 0.74678780 0.75501949 0.76104544 
0.77482849 0.77098820 0.74690870 0.75689001 0.76490913 
0.77459871 0.77155443 0.75142520 0.75632973 0.76538842 
0.77302544 0.77297024 0.74857081 0.75788725 0.76861702 
0.77293651 0.77080310 0.75156132 0.76059961 0.76894036 
0.77482073 0.76982236 0.74671052 0.75875522 0.77344758 
0.77712077 0.77233749 0.74930995 0.76099870 0.77618050 
0.77757963 0.77372268 0.74924637 0.76110801 0.78059153 
0.77586957 0.77334460 0.75538781 0.76133807 0.77686174 
0.77704995 0.77626562 0.75280492 0.76061050 0.77895878 
0.77805876 0.77687596 0.75394031 0.75883003 0.77632687 
0.77705869 0.77745752 0.75606697 0.75026608 0.77146547 
0.77719555 0.77980005 0.75838072 0.75058874 0.77185551 
0.77839028 0.77729832 0.76039728 0.75207457 0.76815451 
0.77594446 0.77656145 0.75618337 0.75602479 0.76929666 
0.77653567 0.77204427 0.75711767 0.75793552 0.77198458 
0.76870925 0.77203372 0.75624182 0.75785476 0.76862895 
0.76938780 0.77015512 0.75235620 0.75934895 0.77158367 
0.76888189 0.76861835 0.74805520 0.76069882 0.77122589 
0.76565353 0.77070151 0.75025281 0.76146004 0.77402437 
0.76460486 0.77111371 0.75332145 0.76342589 0.77319479 
0.76569874 0.77362884 0.75246154 0.76313003 0.76736409 
0.77007769 0.77302637 0.75407113 0.75951330 0.76809635 
0.76682319 0.77602339 0.75734540 0.76204222 0.76928461 
0.76242728 0.77511039 0.75695558 0.75752033 0.76747561 
0.76112222 0.77555384 0.75606461 0.75612320 0.76793740 
0.76485814 0.77509036 0.75419928 0.75865974 0.76173553 
0.76022992 0.77371569 0.75546772 0.75388935 0.76682354 
0.76158728 0.77131066 0.75783227 0.75827116 0.76892603 
0.76083478 0.77638999 0.75936640 0.76153973 0.76607654 
0.76147868 0.77411030 0.75629256 0.76249243 0.76815414 
0.76218778 0.77589076 0.75507032 0.76391547 0.77099905 
0.76423728 0.77790975 0.75257219 0.76205640 0.76936550 
0.76346856 0.77946584 0.75246018 0.76369113 0.77342356 
0.76375528 0.77825920 0.75300879 0.76509549 0.77746392 
0.76287827 0.77872633 0.75120806 0.76920505 0.77794950 
0.75896339 0.78058642 0.74986634 0.76895929 0.77296042 
0.76048578 0.77795244 0.75126112 0.76778781 0.77805166 
0.76459745 0.77362614 0.74958340 0.76986519 0.77308268 
0.76471624 0.77221223 0.75141378 0.76540763 0.76859786 
0.76509050 0.77107555 0.75399295 0.76461714 0.76353174 
0.76494784 0.77348338 0.75779388 0.76879093 0.76126114 
0.76965865 0.77288802 0.75632756 0.76574555 0.75942729 
0.76653056 0.77360344 0.75459981 0.76618779 0.76299601 
0.76349794 0.76866889 0.75458416 0.76573279 0.75936857 
0.76900685 0.76501034 0.75051399 0.76496676 0.75732699 
0.77141551 0.75957887 0.75414448 0.76676192 0.75899118 
0.76977281 0.75897121 0.75586577 0.76652183 0.75884283 
0.76620641 0.75922240 0.75675302 0.76537557 0.76020433 
0.76835245 0.76087148 0.75385685 0.76756585 0.76220360 
0.76706300 0.76503963 0.74794130 0.76531205 0.76029825 
0.76969916 0.76351969 0.75294149 0.76608539 0.76078115 
0.77314682 0.76043231 0.74910204 0.76564805 0.76073506 
0.77111725 0.75857070 0.74831906 0.76496755 0.75628847 
0.76855117 0.76137054 0.74983964 0.76730182 0.75546409 
0.76929309 0.76054084 0.75241127 0.76847266 0.75907455 
0.76966002 0.76010215 0.75397696 0.76558575 0.75829342 
0.77106518 0.76566766 0.75420670 0.76149613 0.75858037 
0.77137848 0.76644080 0.75524335 0.76368366 0.75633433 
0.77083492 0.77282888 0.75389568 0.76409417 0.75708442 
0.76664850 0.77345438 0.75156029 0.76188000 0.75741368 
0.76326825 0.77397691 0.75549676 0.76313161 0.75907227 
0.76510492 0.77063957 0.75591820 0.76103611 0.76213041 
0.76239728 0.77215735 0.75403587 0.76269053 0.76150473 
0.76022991 0.77030808 0.75220093 0.76578092 0.75876044 
0.76488551 0.76552376 0.75111366 0.76817009 0.75402527 
0.76370805 0.77011473 0.75447676 0.76360795 0.75390143 
0.76281915 0.76682401 0.75419511 0.76390445 0.75504715 
0.76283067 0.76926644 0.75404604 0.76861527 0.75163149 
0.76091864 0.76975323 0.75520070 0.76932390 0.75575715 
0.76032174 0.77255076 0.76169711 0.76713118 0.76028805 
0.76742949 0.77069898 0.76257863 0.77271787 0.75962290 
0.76668725 0.77463219 0.76144609 0.77433126 0.76164712 
0.76344789 0.77307770 0.75890342 0.77597760 0.76365058 
0.76310655 0.77140125 0.75969294 0.77687204 0.76504317 
0.76183534 0.77479967 0.75504664 0.77973475 0.76548922 
0.76591091 0.77002106 0.75707504 0.77691028 0.76388768 
0.76400334 0.77036619 0.76026363 0.78179150 0.76266036 
0.76479868 0.77096124 0.76047819 0.78342096 0.76690782 
0.76107123 0.77232472 0.76017986 0.78692931 0.76433976 
0.76819654 0.77212110 0.75354252 0.78333169 0.77079231 
0.76791093 0.77548968 0.75756811 0.78258864 0.76944804 
0.76772502 0.77175395 0.75185627 0.77891098 0.76974264 
0.76626903 0.77410003 0.75635276 0.77571096 0.76897802 
0.76721985 0.77449042 0.75594422 0.77649518 0.77197632 
0.76812704 0.77241658 0.75741273 0.77825424 0.77303130 
0.76845029 0.76993860 0.75881962 0.77366065 0.77264417 
0.77086967 0.77254826 0.76295047 0.77304351 0.77018910 
0.76899599 0.77320959 0.76098788 0.77436396 0.76681138 
0.76550657 0.77560180 0.76733950 0.77951338 0.76837367 
0.76345058 0.77551933 0.76654516 0.77697247 0.76741328 
0.76708160 0.76941871 0.76808964 0.77644352 0.77209562 
0.76595239 0.76812659 0.76728605 0.77288738 0.77528173 
0.76815316 0.76796037 0.76222913 0.76990205 0.77290882 
0.76516766 0.76979123 0.77056448 0.76866496 0.77011925 
0.76392837 0.76978628 0.77033470 0.76893921 0.76997340 
0.76596123 0.76606995 0.77282295 0.76587533 0.77012972 
0.76669037 0.77148500 0.77503747 0.76423908 0.76838565 
0.76291597 0.77034622 0.77328120 0.76915311 0.75946244 
0.76374599 0.77202739 0.76972082 0.77362184 0.75809916 
0.76147287 0.77434801 0.76872657 0.77225036 0.75704044 
0.75830286 0.77305157 0.77194586 0.77187070 0.75609398 
0.75630276 0.77573135 0.76598796 0.76697697 0.75630540 
0.75394729 0.77784866 0.76744555 0.76453953 0.76081192 
0.75441530 0.77592885 0.77280613 0.76527281 0.76272630 
0.75792373 0.77339972 0.77179648 0.76502397 0.76457715 
0.75722081 0.77562140 0.77074188 0.76170166 0.76343791 
0.76188556 0.77584250 0.77114344 0.76393743 0.76485460 
0.75504414 0.77524572 0.77002659 0.76611284 0.76427317 
0.74861752 0.78031165 0.76361322 0.76910667 0.76150126 
0.75147510 0.77688753 0.76373088 0.77163191 0.76061723 
0.75137837 0.77531237 0.76200633 0.77021864 0.76388500 
0.74894348 0.77371565 0.76440231 0.76943717 0.76326485 
0.75340459 0.77074606 0.76089721 0.77147829 0.76081296 
0.75903507 0.77148332 0.76418275 0.77112452 0.76359945 
0.74789781 0.77072258 0.76581960 0.76849432 0.75948689 
0.75222717 0.77050732 0.76775203 0.76746566 0.75672101 
0.76126311 0.77234522 0.76709631 0.76748513 0.75435272 
0.75602184 0.77148202 0.76999209 0.76864389 0.75370336 
0.75380003 0.76943628 0.77229458 0.76821259 0.75707247 
0.75475484 0.77387704 0.76791696 0.76479406 0.75872808 
0.75204528 0.77337860 0.76874573 0.76504254 0.75546476 
0.75489946 0.77322060 0.76830565 0.76723833 0.75859929 
0.75834434 0.77464886 0.77173443 0.76803280 0.75744594 
0.76312294 0.77670310 0.77063304 0.77163328 0.75683427 
0.76282287 0.77257635 0.76812673 0.77398461 0.75428809 
0.75775261 0.77168352 0.77221896 0.77899573 0.75719992 
0.76729957 0.77634699 0.77194627 0.78090280 0.75971693 
0.76911115 0.77918628 0.77186894 0.78202944 0.75962002 
0.76622271 0.77717110 0.77239617 0.77960385 0.75889894 
0.76725770 0.78033259 0.77594143 0.77616833 0.76131662 
0.76651925 0.78428517 0.77401952 0.77362326 0.76331933 
0.76573517 0.78228324 0.77842058 0.77258821 0.76362604 
0.76550782 0.78376000 0.77846096 0.76996307 0.76430987 
0.76368910 0.78422251 0.77823222 0.77052125 0.76290771 
0.76078371 0.78284306 0.77541437 0.77330860 0.76464920 
0.75762796 0.78612075 0.77433097 0.77316809 0.76803235 
0.75792522 0.78396205 0.77536862 0.77449795 0.76755679 
0.75903137 0.78263076 0.77765553 0.77657893 0.76858331 
0.75617788 0.78417289 0.77527630 0.77716693 0.76975418 
0.75789603 0.78200049 0.77503961 0.78102923 0.77242167 
0.75497823 0.78174739 0.77427906 0.78417331 0.76886683 
0.75086314 0.78521570 0.77117653 0.78402433 0.76790326 
0.74903326 0.78356560 0.77026689 0.78314401 0.76571673 
0.74886443 0.78624138 0.76645494 0.78227026 0.76450378 
0.74938429 0.78863720 0.76814075 0.77914402 0.76506607 
0.74838318 0.78668833 0.76824800 0.77505103 0.76256818 
0.74966225 0.78920666 0.77185791 0.77814265 0.76201938 
0.74721089 0.79335566 0.77565663 0.78060177 0.76130689 
0.75702555 0.79206928 0.77220388 0.77589362 0.76144205 
0.75642442 0.79252157 0.77391819 0.77462202 0.75981469 
0.75682520 0.78862799 0.77499608 0.77126986 0.75929798 
0.75940909 0.78890784 0.77325836 0.76848020 0.76041405 
0.76092244 0.78945319 0.77231049 0.76386842 0.76298588 
0.76333161 0.78908354 0.76800770 0.76984474 0.76712168 
0.76469527 0.78350948 0.76526131 0.76736835 0.76746686 
0.76802412 0.77864946 0.76527230 0.76474570 0.76617712 
0.76616504 0.77995782 0.76864664 0.76344925 0.76522324 
0.76616504 0.77995782 0.76864664 0.76344925 0.76522324 
0.77026375 0.77646914 0.77031271 0.76238377 0.76076591 
0.76964073 0.77825327 0.76892112 0.76388166 0.76275073 
0.77010468 0.77407058 0.77038936 0.76519254 0.75691605 
0.77132191 0.77649614 0.77568632 0.76849452 0.75848140 
0.76635449 0.77480671 0.77990279 0.76369438 0.75702749 
0.76626268 0.77366573 0.77917255 0.76524176 0.75436858 
0.76136617 0.77462006 0.77533809 0.76515795 0.75236947 
0.75675768 0.77563482 0.77356152 0.76575126 0.75234545 
0.75570500 0.77084185 0.77157653 0.76804596 0.75551355 
0.75656745 0.77031469 0.77139816 0.76781485 0.75543945 
0.75912010 0.77182959 0.76974104 0.76462571 0.75134269 
0.76189410 0.77250092 0.76514813 0.76546167 0.75393017 
0.76294702 0.77139814 0.76426462 0.76353116 0.75316209 
0.76078616 0.76856031 0.76312572 0.77053911 0.75372971 
0.76237342 0.76847017 0.76278057 0.76955403 0.75097969 
0.76260805 0.76840085 0.76628680 0.76911858 0.74836599 
0.76315636 0.76830003 0.76747977 0.76742486 0.74724673 
0.76259768 0.77103758 0.76872141 0.76664797 0.74867106 
0.76509885 0.77072065 0.76784794 0.76632555 0.74752266 
0.76437081 0.76938618 0.76931989 0.76533544 0.74876448 
0.76815816 0.77566159 0.77239576 0.76603014 0.74878659 
0.76906074 0.78106523 0.76933102 0.76699386 0.74530113 
0.77342992 0.78232072 0.77191911 0.76623654 0.74554729 
0.77243732 0.78291272 0.77244380 0.76706313 0.74656830 
0.77612204 0.77843260 0.77453769 0.76324586 0.74938296 
0.78020958 0.77881439 0.77745875 0.76237632 0.74887056 
0.77685385 0.77083473 0.77695572 0.76328456 0.75012767 
0.77658402 0.77015827 0.77804915 0.76262154 0.74932295 
0.77998347 0.76511108 0.77882941 0.76071170 0.75133708 
0.77760601 0.76182199 0.77464581 0.76116050 0.75302963 
0.77278811 0.76049589 0.76998437 0.76095803 0.75267159 
0.77534525 0.76233961 0.77366241 0.76046436 0.75189876 