1.57607146 	 1.58048470 	 1.57738256 	 1.57958218 
1.57734881 	 1.57764573 	 1.57528736 	 1.57900982 
1.57701212 	 1.57545606 	 1.57295725 	 1.57953370 
1.57701212 	 1.57545606 	 1.57295725 	 1.57953370 
1.57486379 	 1.57388008 	 1.57090450 	 1.57748446 
1.57328063 	 1.57401910 	 1.57124875 	 1.57835851 
1.57242561 	 1.57485727 	 1.57277055 	 1.58077808 
1.57165859 	 1.57686976 	 1.57348935 	 1.58020800 
1.57185325 	 1.57935386 	 1.57366238 	 1.58177032 
1.57226167 	 1.57914397 	 1.57322475 	 1.58172647 
1.57186862 	 1.58009700 	 1.57288395 	 1.58244239 
1.57295043 	 1.57745536 	 1.57417021 	 1.58369152 
1.57545095 	 1.57657440 	 1.57686446 	 1.58421715 
1.57662190 	 1.57531420 	 1.57912562 	 1.58506538 
1.57634519 	 1.57368875 	 1.57952248 	 1.58517680 
1.57806179 	 1.57302689 	 1.57889882 	 1.58209810 
1.57833899 	 1.57333956 	 1.58055035 	 1.58478973 
1.57898884 	 1.57257142 	 1.58201826 	 1.58441006 
1.57793671 	 1.57490432 	 1.58422706 	 1.58351918 
1.57793671 	 1.57490432 	 1.58422706 	 1.58351918 
1.57627542 	 1.57440746 	 1.58478411 	 1.58334028 
1.57627542 	 1.57440746 	 1.58478411 	 1.58334028 
1.57641996 	 1.56981627 	 1.58625685 	 1.58226619 
1.57833651 	 1.56804810 	 1.58497052 	 1.57872369 
1.57844951 	 1.56847624 	 1.58248437 	 1.57900986 
1.57844951 	 1.56847624 	 1.58248437 	 1.57900986 
1.57675620 	 1.56712369 	 1.58316031 	 1.57843140 
1.57710329 	 1.56619860 	 1.58144903 	 1.57958142 
1.57595865 	 1.56730763 	 1.57878503 	 1.57992409 
1.57612500 	 1.56670106 	 1.57825633 	 1.57874275 
1.57706148 	 1.56800738 	 1.57780045 	 1.57672703 
1.57479799 	 1.57026180 	 1.57693858 	 1.57527700 
1.57479799 	 1.57026180 	 1.57693858 	 1.57527700 
1.57385505 	 1.57032492 	 1.57769426 	 1.57559068 
1.57377805 	 1.56948074 	 1.57777275 	 1.57573533 
1.57456600 	 1.57306114 	 1.57637261 	 1.57570091 
1.57750865 	 1.57409151 	 1.57897655 	 1.57482383 
1.57895975 	 1.57418455 	 1.57688399 	 1.57532360 
1.57647444 	 1.57463438 	 1.57903503 	 1.57691776 
1.57791104 	 1.57425415 	 1.57866415 	 1.57850195 
1.57718185 	 1.57438672 	 1.57826841 	 1.57706703 
1.57718185 	 1.57438672 	 1.57826841 	 1.57706703 
1.57803277 	 1.57383884 	 1.57707032 	 1.57726932 
1.57854357 	 1.57411439 	 1.57920920 	 1.57712973 
1.57984758 	 1.57452527 	 1.57746649 	 1.57671641 
1.57934286 	 1.57565702 	 1.57791919 	 1.57708592 
1.57881827 	 1.57609953 	 1.57805592 	 1.57701152 
1.57881827 	 1.57609953 	 1.57805592 	 1.57701152 
1.58047345 	 1.57604566 	 1.57611614 	 1.57749817 
1.57921523 	 1.57737432 	 1.57379355 	 1.57748823 
1.57838040 	 1.57793375 	 1.57372306 	 1.57891783 
1.57849514 	 1.57738675 	 1.57451076 	 1.58105246 
1.57867944 	 1.57733386 	 1.57513813 	 1.57990935 
1.57903750 	 1.58009812 	 1.57594308 	 1.58036608 
1.58222179 	 1.57916393 	 1.57722083 	 1.57937307 
1.58222690 	 1.57981839 	 1.57875924 	 1.58024142 
1.57995898 	 1.57826412 	 1.57803482 	 1.57896122 
1.57932594 	 1.57629566 	 1.57722536 	 1.58010121 
1.58095358 	 1.57710782 	 1.57682713 	 1.57968608 
1.58012489 	 1.57821340 	 1.57828496 	 1.58134342 
1.57775918 	 1.58265410 	 1.57794241 	 1.57832318 
1.57969334 	 1.58409621 	 1.57886374 	 1.58086522 
1.57799725 	 1.58161294 	 1.57830430 	 1.58139045 
1.57721063 	 1.58088079 	 1.58014417 	 1.58331781 
1.57609968 	 1.57966118 	 1.57956957 	 1.58116861 
1.57733460 	 1.57986577 	 1.57868236 	 1.58024392 
1.57530598 	 1.57982429 	 1.57784496 	 1.57959758 
1.57464006 	 1.57867930 	 1.57960956 	 1.57852889 
1.57624524 	 1.57825803 	 1.57951856 	 1.57830655 
1.57530956 	 1.57826729 	 1.57862207 	 1.57945701 
1.57539138 	 1.57949715 	 1.57825783 	 1.58056600 
1.57539138 	 1.57949715 	 1.57825783 	 1.58056600 
1.57724822 	 1.57887802 	 1.57896377 	 1.58257009 
1.57737359 	 1.57775380 	 1.58072454 	 1.58412231 
1.57780661 	 1.57647534 	 1.57940366 	 1.58172505 
1.57707868 	 1.57866604 	 1.57943578 	 1.58297311 
1.57928545 	 1.57834948 	 1.58077687 	 1.58024659 
1.57832098 	 1.57956105 	 1.58262583 	 1.58149975 
1.57760176 	 1.57854510 	 1.58397857 	 1.57952839 
1.58022652 	 1.57842348 	 1.58541498 	 1.57964890 
1.57870968 	 1.57880182 	 1.57991720 	 1.58164424 
1.57626906 	 1.58009042 	 1.57785498 	 1.57855344 
1.57563909 	 1.57999299 	 1.57812373 	 1.57897573 
1.57753792 	 1.58155408 	 1.57944652 	 1.57750161 
1.57753792 	 1.58155408 	 1.57944652 	 1.57750161 
1.57768026 	 1.57944848 	 1.57980335 	 1.57876115 
1.57539789 	 1.57556739 	 1.57943521 	 1.57506407 
1.57467964 	 1.57450483 	 1.57865621 	 1.57607950 
1.57432909 	 1.57474207 	 1.57806732 	 1.57833913 
1.57444092 	 1.57435796 	 1.57834021 	 1.57800772 
1.57265196 	 1.57252950 	 1.57926240 	 1.57901765 
1.57233110 	 1.57519091 	 1.57830560 	 1.57696032 
1.57068286 	 1.57574757 	 1.57623758 	 1.57592854 
1.56882184 	 1.57466585 	 1.57860676 	 1.57725619 
1.56882184 	 1.57466585 	 1.57860676 	 1.57725619 
1.56919752 	 1.57437231 	 1.57769136 	 1.57774595 
1.56853253 	 1.57340148 	 1.57880048 	 1.57616081 
1.56997459 	 1.57373801 	 1.58070801 	 1.57279913 
1.57109902 	 1.57404411 	 1.57963179 	 1.57313441 
1.57148142 	 1.57581824 	 1.57774792 	 1.57295244 
1.57191638 	 1.57525788 	 1.57434078 	 1.57426836 
1.57191638 	 1.57525788 	 1.57434078 	 1.57426836 
1.57313857 	 1.57551506 	 1.57430031 	 1.57399706 
1.57166520 	 1.57392447 	 1.57155668 	 1.57441231 
1.57081127 	 1.57311474 	 1.57291230 	 1.57499953 
1.57250885 	 1.57149656 	 1.57083080 	 1.57464813 
1.57262747 	 1.57267558 	 1.57235270 	 1.57690561 
1.57345719 	 1.57181445 	 1.57240369 	 1.57907591 
1.57405296 	 1.57130918 	 1.57336560 	 1.57848171 
1.57489495 	 1.57092484 	 1.57471580 	 1.58165561 
1.57709917 	 1.57213523 	 1.57488537 	 1.58034891 
1.57656207 	 1.57322458 	 1.57449072 	 1.57998560 
1.57419033 	 1.57503540 	 1.57628831 	 1.57989319 
1.57289485 	 1.57411536 	 1.57560793 	 1.57940745 
1.57562382 	 1.57434505 	 1.57574847 	 1.57849897 
1.57413211 	 1.57472422 	 1.57552554 	 1.57835431 
1.57378084 	 1.57540560 	 1.57682646 	 1.57699194 
1.57665999 	 1.57520745 	 1.57646305 	 1.57862466 
1.57789066 	 1.57673842 	 1.57700324 	 1.57836290 
1.57789066 	 1.57673842 	 1.57700324 	 1.57836290 
1.57601285 	 1.57751277 	 1.57804966 	 1.57896211 
1.57725508 	 1.57819633 	 1.57703612 	 1.57818212 
1.57697582 	 1.57723263 	 1.57423268 	 1.57608038 
1.57623758 	 1.57725722 	 1.57332738 	 1.57686406 
1.57798977 	 1.57732184 	 1.57379967 	 1.57926830 
1.57693783 	 1.57848395 	 1.57219340 	 1.57610752 
1.57408856 	 1.57959102 	 1.57089285 	 1.57539076 
1.57497546 	 1.57830145 	 1.57357058 	 1.57467507 
1.57689604 	 1.57711297 	 1.57365188 	 1.57563506 
1.57681130 	 1.57507469 	 1.57214641 	 1.57268273 
1.57659834 	 1.57694083 	 1.57335489 	 1.57055819 
1.57635820 	 1.57786453 	 1.57141837 	 1.57302968 
1.57422459 	 1.57753730 	 1.57006581 	 1.57289701 
1.57422459 	 1.57753730 	 1.57006581 	 1.57289701 
1.57604741 	 1.57518771 	 1.57089386 	 1.57589572 
1.57743456 	 1.57505129 	 1.57433949 	 1.57584816 
1.57785346 	 1.57624215 	 1.57692564 	 1.57781925 
1.58007584 	 1.57747926 	 1.57644099 	 1.57864916 
1.58207849 	 1.57587987 	 1.57866563 	 1.58147959 
1.57918805 	 1.57696496 	 1.57957971 	 1.58123615 
1.58100579 	 1.57635023 	 1.58025946 	 1.57952915 
1.58100579 	 1.57635023 	 1.58025946 	 1.57952915 
1.58256760 	 1.57460072 	 1.57963920 	 1.57646114 
1.58193754 	 1.57749001 	 1.58002051 	 1.57696377 
1.58201598 	 1.57657057 	 1.57763058 	 1.57493396 
1.58103577 	 1.57749875 	 1.57757392 	 1.57495187 
1.58131717 	 1.57792196 	 1.57785394 	 1.57522388 
1.57933657 	 1.57956930 	 1.57900409 	 1.57575429 
1.58194140 	 1.58078472 	 1.58157060 	 1.57582266 
1.58216569 	 1.58042186 	 1.58136249 	 1.57608361 
1.58321568 	 1.58214907 	 1.58286838 	 1.57990849 
1.58147165 	 1.58168802 	 1.58502955 	 1.57744893 
1.58061107 	 1.58288386 	 1.58492966 	 1.57703839 
1.58020422 	 1.58416809 	 1.58402697 	 1.57759863 
1.57921236 	 1.58404472 	 1.58232986 	 1.57713768 
1.57889986 	 1.58401895 	 1.58128213 	 1.57840666 
1.57865382 	 1.58255030 	 1.58280855 	 1.57911195 
1.57806256 	 1.58208491 	 1.58355352 	 1.58018545 
1.57957234 	 1.58012232 	 1.58135598 	 1.57961091 
1.57827762 	 1.57969739 	 1.58109973 	 1.58106911 
1.57951724 	 1.58085156 	 1.58112926 	 1.58083479 
1.57790749 	 1.57996292 	 1.57910666 	 1.57955262 
1.57957875 	 1.58039566 	 1.57833692 	 1.57721519 
1.57979680 	 1.58052265 	 1.57955466 	 1.57687690 
1.57763269 	 1.57772563 	 1.57873069 	 1.57739209 
1.57936918 	 1.57765588 	 1.57756756 	 1.57568195 
1.57936918 	 1.57765588 	 1.57756756 	 1.57568195 
1.58152352 	 1.57668023 	 1.57748842 	 1.57725930 
1.58114607 	 1.57688268 	 1.57823339 	 1.57544623 
1.57960949 	 1.57656917 	 1.57879359 	 1.57903472 
1.58201925 	 1.57873485 	 1.57796218 	 1.58015358 
1.58307880 	 1.57704251 	 1.57951395 	 1.58091627 
1.58428795 	 1.57814138 	 1.58114211 	 1.58184028 
1.58376969 	 1.57716724 	 1.58330070 	 1.58337810 
1.58250102 	 1.57955114 	 1.58517701 	 1.58432468 
1.58493828 	 1.58015103 	 1.58616852 	 1.58184210 
1.58321197 	 1.57983269 	 1.58351438 	 1.58097363 
1.58293467 	 1.57893127 	 1.58280423 	 1.57993184 
1.58082277 	 1.57858810 	 1.58181154 	 1.57997641 
1.58191201 	 1.57973072 	 1.58336083 	 1.57901785 
1.58159213 	 1.58001897 	 1.58327367 	 1.57994151 
1.58175295 	 1.57897322 	 1.58316811 	 1.58107690 
1.58187032 	 1.57952602 	 1.58231421 	 1.58248432 
1.58249641 	 1.57919262 	 1.58556434 	 1.58207514 
1.58337893 	 1.57864294 	 1.58205290 	 1.58191205 
1.58398931 	 1.57730128 	 1.58145671 	 1.58348364 
1.58300752 	 1.57733952 	 1.58136938 	 1.58124199 
1.58282189 	 1.57986963 	 1.58195083 	 1.57912550 
1.58141139 	 1.57866466 	 1.58303967 	 1.58028211 
1.58141139 	 1.57866466 	 1.58303967 	 1.58028211 
1.58111270 	 1.57750183 	 1.58255866 	 1.57845014 
1.57915799 	 1.57491341 	 1.58310907 	 1.57937588 
1.57915799 	 1.57491341 	 1.58310907 	 1.57937588 
1.58010831 	 1.57421371 	 1.58151395 	 1.57727404 
1.58039672 	 1.57398056 	 1.57866676 	 1.57668921 
1.57832818 	 1.57444619 	 1.57803911 	 1.57901217 
1.57911420 	 1.57258061 	 1.57597447 	 1.57979962 
1.57755345 	 1.57257418 	 1.57497125 	 1.58119114 
1.57454588 	 1.57312039 	 1.57374485 	 1.58022977 
1.57508425 	 1.57412200 	 1.57176573 	 1.58131227 
1.57817352 	 1.57591508 	 1.57272921 	 1.58033186 
1.57761508 	 1.57560279 	 1.57159692 	 1.57722063 
1.57819692 	 1.57624831 	 1.57186313 	 1.57510460 
1.57657473 	 1.57640368 	 1.57267916 	 1.57657964 
1.57546078 	 1.57824716 	 1.57291509 	 1.57590642 
1.57519987 	 1.58220770 	 1.57025607 	 1.57794537 
1.57661261 	 1.58410430 	 1.57079176 	 1.57760352 
1.57704701 	 1.58374689 	 1.57209556 	 1.57721128 
1.57747974 	 1.58296516 	 1.57328165 	 1.57871012 
1.57758819 	 1.58391677 	 1.57265038 	 1.58030842 
1.57933701 	 1.58157661 	 1.57278564 	 1.57932309 
1.57810214 	 1.58007585 	 1.57297044 	 1.57955439 
1.57992313 	 1.57948215 	 1.57377267 	 1.57874731 
1.57676037 	 1.57921612 	 1.57644431 	 1.57823953 
1.57761899 	 1.57931068 	 1.57968498 	 1.57741147 
1.57724209 	 1.57862289 	 1.57955465 	 1.57725651 
1.57809078 	 1.57958501 	 1.58016656 	 1.57699937 
1.57862512 	 1.58343220 	 1.57999618 	 1.57652766 
1.57684543 	 1.58377458 	 1.58295651 	 1.57529266 
1.57330816 	 1.57956428 	 1.58139895 	 1.57623325 
1.57330816 	 1.57956428 	 1.58139895 	 1.57623325 
1.57333072 	 1.58021948 	 1.57828228 	 1.57846808 
1.57358065 	 1.58029102 	 1.57792836 	 1.57664204 
1.57419791 	 1.57933567 	 1.57702140 	 1.57924349 
1.57419791 	 1.57933567 	 1.57702140 	 1.57924349 
1.57527097 	 1.58038589 	 1.57925455 	 1.57675246 
1.57735983 	 1.57942099 	 1.57899265 	 1.57596586 
1.57558809 	 1.58119355 	 1.57844096 	 1.57439023 
1.57418053 	 1.57946938 	 1.57879884 	 1.57325480 
1.57583232 	 1.58001871 	 1.57920740 	 1.57408541 
1.57632349 	 1.58133874 	 1.58161522 	 1.57443897 
1.57660248 	 1.58193189 	 1.57978286 	 1.57454475 
1.57520024 	 1.58258167 	 1.57903480 	 1.57514692 
1.57723453 	 1.58156103 	 1.57906792 	 1.57353682 
1.57643055 	 1.58156353 	 1.57897287 	 1.57449026 
1.57764895 	 1.58313706 	 1.57694323 	 1.57472179 
1.57631173 	 1.57938950 	 1.57803736 	 1.57509167 
1.57480249 	 1.57974477 	 1.57890437 	 1.57577642 
1.57142909 	 1.57948893 	 1.57989283 	 1.57488628 
1.57422902 	 1.58080882 	 1.57845779 	 1.57503830 
1.57447918 	 1.58117486 	 1.57666377 	 1.57641917 
1.57550738 	 1.58076746 	 1.57619768 	 1.57576790 
1.57488646 	 1.57812932 	 1.57772391 	 1.57722878 
1.57704557 	 1.57779846 	 1.57727131 	 1.57639935 
1.57677532 	 1.57859012 	 1.58049026 	 1.57531063 
1.57839937 	 1.58131822 	 1.57899560 	 1.57151210 
1.57880910 	 1.58039073 	 1.58031261 	 1.56934321 
1.57948929 	 1.57875998 	 1.58008830 	 1.57107420 
1.57938292 	 1.58128929 	 1.57937495 	 1.57239857 
1.57796503 	 1.58001427 	 1.57948111 	 1.57219579 
1.57606491 	 1.57910733 	 1.57885370 	 1.57362117 
1.57425612 	 1.57813224 	 1.57851961 	 1.57512529 
1.57249279 	 1.58104025 	 1.57522886 	 1.57810920 
1.57536060 	 1.58302654 	 1.57911686 	 1.57700945 
1.57539241 	 1.58442765 	 1.58068301 	 1.57603052 
1.57468488 	 1.58466795 	 1.58066890 	 1.57304650 
1.57393095 	 1.58238677 	 1.57973713 	 1.57186893 
1.57405530 	 1.58196647 	 1.57940054 	 1.57239973 
1.57335954 	 1.57939245 	 1.57678609 	 1.57262076 
1.57506750 	 1.57810388 	 1.57846456 	 1.57441684 
1.57527863 	 1.57902420 	 1.57747868 	 1.57579978 
1.57569472 	 1.58078536 	 1.57799298 	 1.57410219 
1.57669991 	 1.58048764 	 1.57777470 	 1.57560806 
1.57741469 	 1.57964785 	 1.57877966 	 1.57689989 
1.57647377 	 1.58190042 	 1.57866070 	 1.57794449 
1.57605853 	 1.58164463 	 1.57962949 	 1.57985505 
1.57818299 	 1.58141219 	 1.57909850 	 1.58222015 
1.57965363 	 1.58032410 	 1.57762784 	 1.58087231 
1.57691475 	 1.57995175 	 1.57992479 	 1.57993040 
1.57537061 	 1.57784488 	 1.58052067 	 1.58067618 
1.57473967 	 1.57825801 	 1.58107606 	 1.58092875 
1.57517087 	 1.57841262 	 1.57933837 	 1.58079884 
1.57454931 	 1.57859364 	 1.57750631 	 1.58121891 
1.57106624 	 1.57708912 	 1.57903061 	 1.58247998 
1.56987566 	 1.57683224 	 1.57796961 	 1.58314319 
1.57032036 	 1.57396978 	 1.57699060 	 1.58349484 
1.57273556 	 1.57332669 	 1.57526981 	 1.58450735 
1.57360931 	 1.57324898 	 1.57757370 	 1.58137059 
1.57511533 	 1.57575524 	 1.57704896 	 1.57993320 
1.57326459 	 1.57601971 	 1.57545197 	 1.57752860 
1.57489741 	 1.57462132 	 1.57671761 	 1.57515082 
1.57401220 	 1.57379845 	 1.57530583 	 1.57505287 
1.57214612 	 1.57550588 	 1.57566505 	 1.57702875 
1.57444091 	 1.57592822 	 1.57397737 	 1.57469112 
1.57726156 	 1.57552965 	 1.57325237 	 1.57261734 
1.57622884 	 1.57093837 	 1.57296096 	 1.57192002 
1.57500919 	 1.57468656 	 1.57384688 	 1.57233476 
1.57440824 	 1.57259730 	 1.57403323 	 1.57188766 
1.57382036 	 1.57242985 	 1.57561177 	 1.57259305 
1.57558684 	 1.57406227 	 1.57809702 	 1.57253742 
1.57380023 	 1.57374838 	 1.57713013 	 1.57413215 
1.57464626 	 1.57339879 	 1.57892049 	 1.57355939 
1.57595139 	 1.57343229 	 1.57875878 	 1.57208350 
1.57750019 	 1.57494707 	 1.57906836 	 1.57015591 
1.57704773 	 1.57576084 	 1.57852698 	 1.56736315 
1.57932831 	 1.57653692 	 1.57644823 	 1.56595665 
1.57929230 	 1.57510729 	 1.57535365 	 1.57032189 
1.57763227 	 1.57339922 	 1.57525360 	 1.57000373 
1.57763227 	 1.57339922 	 1.57525360 	 1.57000373 
1.57540405 	 1.57521994 	 1.57490447 	 1.57150100 
1.57509237 	 1.57223508 	 1.57621138 	 1.57235884 
1.57390852 	 1.57429626 	 1.57555747 	 1.57210143 
1.57293561 	 1.57300507 	 1.57649490 	 1.57239095 
1.57125791 	 1.57384725 	 1.57447083 	 1.57291569 
1.57298208 	 1.57195511 	 1.57392636 	 1.57531394 
1.57419665 	 1.57017557 	 1.57345329 	 1.57368038 
1.57455591 	 1.57201584 	 1.57628047 	 1.57323921 
1.57125297 	 1.57282160 	 1.57597927 	 1.57349330 
1.57112654 	 1.57457464 	 1.57579732 	 1.57507537 
1.57123656 	 1.57594635 	 1.57651040 	 1.57634499 
1.57382267 	 1.57586247 	 1.57726081 	 1.57767047 
1.57382267 	 1.57586247 	 1.57726081 	 1.57767047 
1.57085965 	 1.57356493 	 1.57657448 	 1.58040685 
1.57104122 	 1.57475402 	 1.57600297 	 1.57993283 
1.57373799 	 1.57375375 	 1.57660612 	 1.57705475 
1.57459936 	 1.57564244 	 1.57590026 	 1.57733435 
1.57292834 	 1.57610632 	 1.57600700 	 1.57769454 
1.57246211 	 1.57553101 	 1.57289366 	 1.57614513 
1.57068796 	 1.57631718 	 1.57436089 	 1.57605941 
1.57246877 	 1.57663628 	 1.57358365 	 1.57590412 
1.57167087 	 1.57634163 	 1.57540258 	 1.57414680 
1.57442134 	 1.57720093 	 1.57494199 	 1.57702041 
1.57325025 	 1.57670308 	 1.57393586 	 1.57688769 
1.57356050 	 1.57696054 	 1.57109930 	 1.57789786 
1.57660643 	 1.57397702 	 1.57235199 	 1.57750962 
1.57865863 	 1.57561271 	 1.57286801 	 1.57798982 
1.57762991 	 1.57897079 	 1.57250841 	 1.57976596 
1.57900606 	 1.58037480 	 1.57376862 	 1.57937953 
1.58081342 	 1.58121644 	 1.57360472 	 1.58038489 
1.58081342 	 1.58121644 	 1.57360472 	 1.58038489 
1.57980915 	 1.58302603 	 1.57542224 	 1.57923079 
1.58060747 	 1.58168593 	 1.57428371 	 1.57962509 
1.57832326 	 1.58299204 	 1.57312841 	 1.58019913 
1.57955514 	 1.58010618 	 1.57335819 	 1.58130542 
1.57998588 	 1.58044615 	 1.57346645 	 1.58006399 
1.58040247 	 1.58079744 	 1.57571316 	 1.57706001 
1.58190129 	 1.58187574 	 1.57452929 	 1.57850229 
1.57926897 	 1.58120500 	 1.57353486 	 1.57866501 
1.58045681 	 1.58113616 	 1.57167876 	 1.57635033 
1.58009365 	 1.58095601 	 1.57198021 	 1.57738692 
1.57855444 	 1.58125836 	 1.57181818 	 1.57897650 
1.57607993 	 1.57898657 	 1.57549360 	 1.57882238 
1.57739899 	 1.57943170 	 1.57711197 	 1.57823159 
1.57531687 	 1.57875637 	 1.57644184 	 1.57927041 
1.57531687 	 1.57875637 	 1.57644184 	 1.57927041 
1.57620370 	 1.57857939 	 1.57447767 	 1.57956849 
1.57587219 	 1.57525259 	 1.57595230 	 1.57769194 
1.57579766 	 1.57680179 	 1.57691350 	 1.57824883 
1.57445199 	 1.57476423 	 1.57694744 	 1.57884235 
1.57495224 	 1.57672571 	 1.57760487 	 1.57620791 
1.57498726 	 1.57692537 	 1.57751126 	 1.57745179 
1.57545634 	 1.57685678 	 1.57698574 	 1.57635146 
1.57545634 	 1.57685678 	 1.57698574 	 1.57635146 
1.57377250 	 1.57659300 	 1.57640183 	 1.57528394 
1.57309786 	 1.57713420 	 1.57765404 	 1.57543569 
1.57509274 	 1.57761758 	 1.57904618 	 1.57637652 
1.57509274 	 1.57761758 	 1.57904618 	 1.57637652 
1.57475632 	 1.57875087 	 1.57887896 	 1.57924278 
1.57662984 	 1.57842655 	 1.57990985 	 1.57736064 
1.57662984 	 1.57842655 	 1.57990985 	 1.57736064 
1.57807410 	 1.57896128 	 1.58139706 	 1.57784276 
1.57750711 	 1.57603263 	 1.58013587 	 1.57794429 
1.57674231 	 1.57610297 	 1.58048122 	 1.57888490 
1.57535946 	 1.57739284 	 1.57960423 	 1.57886786 
1.57362088 	 1.57705838 	 1.58131701 	 1.57864886 
1.57296948 	 1.57845347 	 1.58252458 	 1.58068547 
1.57380976 	 1.57807769 	 1.58153661 	 1.58280388 
1.57610892 	 1.57917588 	 1.58146987 	 1.58234602 
1.57610892 	 1.57917588 	 1.58146987 	 1.58234602 
1.57359533 	 1.57939877 	 1.58012495 	 1.58119913 
1.57176892 	 1.58121666 	 1.58225437 	 1.58079956 
1.56997803 	 1.58071657 	 1.58230849 	 1.58053744 
1.57041103 	 1.58162489 	 1.58280721 	 1.58086414 
1.56936260 	 1.58282731 	 1.58279160 	 1.58017757 
1.56937615 	 1.58328373 	 1.58171434 	 1.57964410 
1.56990262 	 1.58314712 	 1.58070372 	 1.57917987 
1.56990262 	 1.58314712 	 1.58070372 	 1.57917987 
1.56921396 	 1.58046256 	 1.58109669 	 1.58050217 
1.56874077 	 1.58130297 	 1.58204668 	 1.57946770 
1.56874077 	 1.58130297 	 1.58204668 	 1.57946770 
1.57006887 	 1.58217413 	 1.58335291 	 1.57931093 
1.57067907 	 1.58342040 	 1.58407223 	 1.57724068 
1.57234573 	 1.58244713 	 1.58309593 	 1.57569650 
1.57482053 	 1.58290625 	 1.58293403 	 1.57375393 
1.57549094 	 1.58084913 	 1.58044018 	 1.57250035 
1.57549094 	 1.58084913 	 1.58044018 	 1.57250035 
1.57543045 	 1.58169939 	 1.57838731 	 1.57000081 
1.57702741 	 1.57910426 	 1.57711031 	 1.57200821 
1.57702741 	 1.57910426 	 1.57711031 	 1.57200821 
1.57692531 	 1.57745837 	 1.57898578 	 1.57420727 
1.57791505 	 1.57637830 	 1.58166790 	 1.57492312 
1.57803140 	 1.57818284 	 1.58151882 	 1.57529145 
1.57677351 	 1.57549663 	 1.58075152 	 1.57449204 
1.57546024 	 1.57536842 	 1.57929759 	 1.57512496 
1.57763177 	 1.57539506 	 1.57922823 	 1.57754106 
1.57733832 	 1.57543837 	 1.58054873 	 1.57666446 
1.57757036 	 1.57432189 	 1.57897257 	 1.57847829 
1.57765293 	 1.57295773 	 1.58006630 	 1.57889459 
1.57760887 	 1.57128228 	 1.58055740 	 1.57707851 
1.57727893 	 1.57053073 	 1.57998147 	 1.57838362 
1.57946273 	 1.56969032 	 1.57908071 	 1.58029960 
1.58042416 	 1.57056303 	 1.57746393 	 1.58034085 
1.58129585 	 1.56921296 	 1.57930291 	 1.57899609 
1.57820728 	 1.56941643 	 1.57913380 	 1.57712165 
1.57704203 	 1.56767703 	 1.57939138 	 1.57688912 
1.57534973 	 1.56658303 	 1.57725063 	 1.57894627 
1.57534973 	 1.56658303 	 1.57725063 	 1.57894627 
1.57448225 	 1.56946784 	 1.57703554 	 1.58171958 
1.57448225 	 1.56946784 	 1.57703554 	 1.58171958 
1.57448225 	 1.56946784 	 1.57703554 	 1.58171958 
1.57598355 	 1.57136805 	 1.57664174 	 1.57984859 
1.57653255 	 1.57126413 	 1.57896921 	 1.58058573 
1.57724945 	 1.57284802 	 1.57954002 	 1.57950343 
1.57586527 	 1.57017530 	 1.58058035 	 1.57742325 
1.57652770 	 1.56999606 	 1.57966170 	 1.57545029 
1.57780054 	 1.57119956 	 1.57710187 	 1.57475928 
1.57863638 	 1.57314055 	 1.57643292 	 1.57345776 
1.57623220 	 1.57597144 	 1.57572727 	 1.57174663 
1.57727708 	 1.57540096 	 1.57447368 	 1.57015980 
1.57445827 	 1.57416185 	 1.57307362 	 1.56954128 
1.57423517 	 1.57365279 	 1.57417145 	 1.56980565 
1.57423517 	 1.57365279 	 1.57417145 	 1.56980565 
1.57510547 	 1.57628182 	 1.57303782 	 1.57027151 
1.57654585 	 1.57783245 	 1.57096611 	 1.56933219 
1.57795002 	 1.57509316 	 1.56702084 	 1.56886485 
1.57889543 	 1.57627247 	 1.56849364 	 1.57034061 
1.57977669 	 1.57493003 	 1.56902476 	 1.57226998 
1.58189669 	 1.57647405 	 1.57011606 	 1.57168757 
1.58036037 	 1.57742480 	 1.57209359 	 1.57573009 
1.58044875 	 1.57597201 	 1.57052877 	 1.57791206 
1.58044875 	 1.57597201 	 1.57052877 	 1.57791206 
1.58147728 	 1.57434620 	 1.56854173 	 1.57611569 
1.58033240 	 1.57688224 	 1.56898532 	 1.57453573 
1.58064578 	 1.57698155 	 1.56878370 	 1.57552028 
1.57891789 	 1.57740164 	 1.57185831 	 1.57496658 
1.57884898 	 1.57655876 	 1.57004679 	 1.57628761 
1.57780765 	 1.57537041 	 1.57052028 	 1.57399019 
1.57928790 	 1.57711764 	 1.56927391 	 1.57175322 
1.57775806 	 1.57764560 	 1.56743382 	 1.57477523 
1.57775806 	 1.57764560 	 1.56743382 	 1.57477523 
1.57654953 	 1.57807767 	 1.56958796 	 1.57494243 
1.57654953 	 1.57807767 	 1.56958796 	 1.57494243 
1.57654953 	 1.57807767 	 1.56958796 	 1.57494243 
1.57500466 	 1.57848715 	 1.56759155 	 1.57432129 
1.57636777 	 1.57868476 	 1.56589570 	 1.57300150 
1.57662046 	 1.58039050 	 1.56829285 	 1.57519781 
1.57448591 	 1.57712690 	 1.56997104 	 1.57252770 
1.57379112 	 1.57721812 	 1.57134879 	 1.57235218 
1.57379112 	 1.57721812 	 1.57134879 	 1.57235218 
1.57381564 	 1.57378743 	 1.57409682 	 1.57212921 
1.57464867 	 1.57347803 	 1.57426928 	 1.57429556 
1.57518490 	 1.57413142 	 1.57398456 	 1.57109663 
1.57449617 	 1.57379280 	 1.57609659 	 1.57059370 
1.57173522 	 1.57374734 	 1.57588998 	 1.56729203 
1.57341492 	 1.57023856 	 1.57488258 	 1.56846226 
1.57517726 	 1.57098407 	 1.57586056 	 1.56982013 
1.57470525 	 1.57108774 	 1.57599011 	 1.56934007 
1.57554970 	 1.57098914 	 1.57248036 	 1.56975888 
1.57554970 	 1.57098914 	 1.57248036 	 1.56975888 
1.57548577 	 1.57027279 	 1.57224972 	 1.56912385 
1.57357509 	 1.57124936 	 1.57163357 	 1.56796505 
1.57721954 	 1.57136977 	 1.57189655 	 1.56497624 
1.57949027 	 1.57085093 	 1.57238206 	 1.56605150 
1.57975448 	 1.57040124 	 1.57304813 	 1.56713965 
1.57900016 	 1.57056777 	 1.57188648 	 1.56845421 
1.57740357 	 1.56962479 	 1.57273533 	 1.56835830 
1.57709315 	 1.57119244 	 1.57347481 	 1.56876457 
1.57801629 	 1.57047567 	 1.57624817 	 1.56712952 
1.57797231 	 1.56957860 	 1.57464774 	 1.57018260 
1.57762836 	 1.56942333 	 1.57533149 	 1.57103254 
1.57774322 	 1.56774482 	 1.57452789 	 1.57349082 
1.57784568 	 1.56803745 	 1.57508633 	 1.57349566 
1.57771767 	 1.56860999 	 1.57493764 	 1.57428490 
1.57852192 	 1.56752781 	 1.57582136 	 1.57328601 
1.57904424 	 1.56792856 	 1.57489909 	 1.57372407 
1.57951862 	 1.57014467 	 1.57599497 	 1.57376417 
1.57998997 	 1.57068810 	 1.57782797 	 1.57562591 
1.57706486 	 1.57294264 	 1.57854272 	 1.57658292 
1.57584404 	 1.57452387 	 1.57753693 	 1.57783302 
1.57667560 	 1.57489290 	 1.57606867 	 1.57824045 
1.57371934 	 1.57732033 	 1.57629424 	 1.57672989 
1.57497944 	 1.57878646 	 1.57717508 	 1.57645944 
1.57383052 	 1.57825644 	 1.57627515 	 1.57618397 
1.57491140 	 1.57858248 	 1.57726717 	 1.57682418 
1.57508686 	 1.57796177 	 1.57644725 	 1.57742553 
1.57371998 	 1.57445145 	 1.57714272 	 1.57618627 
1.57401720 	 1.57232797 	 1.57525516 	 1.57599269 
1.57284815 	 1.57192075 	 1.57505422 	 1.57381340 
1.56982554 	 1.57240902 	 1.57346876 	 1.57214788 
1.56889721 	 1.57163301 	 1.57456949 	 1.56984342 
1.57112131 	 1.57157919 	 1.57364327 	 1.56938653 
1.57403405 	 1.57013796 	 1.57380711 	 1.56919409 
1.57395477 	 1.57335716 	 1.57492491 	 1.56876707 
1.57384459 	 1.57417283 	 1.57661414 	 1.57084201 
1.57351316 	 1.57414783 	 1.57654184 	 1.57098969 
1.57283030 	 1.57704634 	 1.57362504 	 1.56945321 
1.57349480 	 1.57659514 	 1.57247542 	 1.57205322 
1.57462962 	 1.57691174 	 1.57384083 	 1.57325381 
1.57485587 	 1.57705917 	 1.57448082 	 1.57421423 
1.57618666 	 1.57654314 	 1.57548881 	 1.57471197 
1.57696948 	 1.57588037 	 1.57319851 	 1.57586420 
1.57602337 	 1.57696676 	 1.57490972 	 1.57383334 
1.57499440 	 1.57765334 	 1.57510796 	 1.57492124 
1.57603656 	 1.57845705 	 1.57337536 	 1.57469638 
1.57496586 	 1.57589910 	 1.57091015 	 1.57312437 
1.57408139 	 1.57535796 	 1.57076389 	 1.57368286 
1.57408139 	 1.57535796 	 1.57076389 	 1.57368286 
1.57498440 	 1.57475648 	 1.57254084 	 1.57291678 
1.57441591 	 1.57652195 	 1.57180422 	 1.57318611 
1.57441591 	 1.57652195 	 1.57180422 	 1.57318611 
1.57377950 	 1.57505798 	 1.57225158 	 1.57376564 
1.57543021 	 1.57533681 	 1.57223134 	 1.57452207 
1.57288949 	 1.57418349 	 1.57236561 	 1.57574146 
1.57389973 	 1.57321307 	 1.57233287 	 1.57592717 
1.57389973 	 1.57321307 	 1.57233287 	 1.57592717 
1.57350846 	 1.57299987 	 1.57210832 	 1.57615766 
1.57267464 	 1.57311353 	 1.57302831 	 1.57770357 
1.57075932 	 1.57433470 	 1.57077565 	 1.57747204 
1.57148851 	 1.57265709 	 1.56873467 	 1.57672037 
1.57114440 	 1.57117950 	 1.57077962 	 1.57571193 
1.57234255 	 1.57191298 	 1.57087784 	 1.57570349 
1.57197804 	 1.57285528 	 1.57359168 	 1.57636830 
1.57122200 	 1.57489044 	 1.57354339 	 1.57559870 
1.57141809 	 1.57140473 	 1.57258552 	 1.57548022 
1.57141809 	 1.57140473 	 1.57258552 	 1.57548022 
1.57300738 	 1.56941424 	 1.57258144 	 1.57698262 
1.57359022 	 1.57086998 	 1.57071668 	 1.57715890 
1.57359022 	 1.57086998 	 1.57071668 	 1.57715890 
1.57359022 	 1.57086998 	 1.57071668 	 1.57715890 
1.57332680 	 1.57047208 	 1.57148020 	 1.57593148 
1.57669691 	 1.56660729 	 1.57017624 	 1.57846592 
1.57532283 	 1.56866373 	 1.57036634 	 1.57912913 
1.57777410 	 1.57115086 	 1.57055364 	 1.57879224 
1.57972138 	 1.57198268 	 1.57021977 	 1.57849407 
1.57972138 	 1.57198268 	 1.57021977 	 1.57849407 
1.57943264 	 1.57119670 	 1.57229831 	 1.57791270 
1.57952459 	 1.57396758 	 1.57009564 	 1.57945099 
1.58080142 	 1.57397390 	 1.56897158 	 1.57893049 
1.57973197 	 1.57325794 	 1.57158700 	 1.57915819 
1.57973197 	 1.57325794 	 1.57158700 	 1.57915819 
1.57807906 	 1.57396784 	 1.57037057 	 1.57954233 
1.57817262 	 1.57375499 	 1.57099130 	 1.58039974 
1.57703650 	 1.57427487 	 1.56994800 	 1.57964517 
1.57763354 	 1.57435637 	 1.57355403 	 1.57857837 
1.57952350 	 1.57450254 	 1.57515542 	 1.57901306 
1.57804792 	 1.57456115 	 1.57315793 	 1.58070880 
1.57954058 	 1.57575951 	 1.57277627 	 1.58030350 
1.57899088 	 1.57381620 	 1.57369959 	 1.57961528 
1.57574292 	 1.57477841 	 1.57415926 	 1.57886787 
1.57558529 	 1.57586809 	 1.57631664 	 1.57829724 
1.57538778 	 1.57509410 	 1.57657809 	 1.58087417 
1.57484802 	 1.57372075 	 1.57726545 	 1.57941453 
1.57512340 	 1.57321772 	 1.57576449 	 1.57812455 
1.57538888 	 1.57251074 	 1.57794991 	 1.57815522 
1.57474580 	 1.57261541 	 1.57839540 	 1.57758796 
1.57497778 	 1.57301136 	 1.57803570 	 1.57938162 
1.57380401 	 1.57330034 	 1.57908860 	 1.57980624 
1.57780485 	 1.57125090 	 1.57792031 	 1.57665836 
1.57840386 	 1.57324133 	 1.57782279 	 1.57944319 
1.57840386 	 1.57324133 	 1.57782279 	 1.57944319 
1.57583733 	 1.57503014 	 1.57636685 	 1.58015012 
1.57602450 	 1.57622659 	 1.57519319 	 1.58013810 
1.57602450 	 1.57622659 	 1.57519319 	 1.58013810 
1.57614546 	 1.57797321 	 1.57645019 	 1.58021134 
1.57506181 	 1.57641455 	 1.57728234 	 1.57938181 
1.57589293 	 1.57638761 	 1.57953713 	 1.57842943 
1.57449992 	 1.57503765 	 1.57874055 	 1.57830338 
1.57471570 	 1.57610084 	 1.57570741 	 1.57774251 
1.57337559 	 1.57624255 	 1.57607878 	 1.57739994 
1.57337559 	 1.57624255 	 1.57607878 	 1.57739994 
1.57566491 	 1.57307082 	 1.57830409 	 1.57647709 
1.57299834 	 1.57267056 	 1.57938134 	 1.57535636 
1.57328248 	 1.57471115 	 1.57906264 	 1.57718765 
1.57304378 	 1.57586732 	 1.57738330 	 1.57635150 
1.57259012 	 1.57839558 	 1.57608489 	 1.57581923 
1.57370775 	 1.57737513 	 1.57630788 	 1.57667991 
1.57235559 	 1.57647331 	 1.57522641 	 1.57361446 
1.57377606 	 1.57581613 	 1.57548371 	 1.57163731 
1.57099450 	 1.57334470 	 1.57693474 	 1.57135551 
1.57044123 	 1.57607759 	 1.57814061 	 1.57378442 
1.57304298 	 1.57645213 	 1.57752457 	 1.57372379 
1.57429449 	 1.57721326 	 1.57601565 	 1.57339967 
1.57344501 	 1.57792115 	 1.57287938 	 1.57346842 
1.57460183 	 1.57991969 	 1.57121612 	 1.57582785 
1.57398999 	 1.57620621 	 1.57278249 	 1.57390047 
1.57398999 	 1.57620621 	 1.57278249 	 1.57390047 
1.57437354 	 1.57502946 	 1.57089726 	 1.57394505 
1.57278263 	 1.57440392 	 1.57110698 	 1.57315481 
1.57130912 	 1.57327845 	 1.57114348 	 1.57418683 
1.57112202 	 1.57565810 	 1.57065565 	 1.57315525 
1.56997999 	 1.57513966 	 1.56622767 	 1.57646587 
1.57076924 	 1.57469954 	 1.56667673 	 1.57501197 
1.57067640 	 1.57601325 	 1.56726638 	 1.57295977 
1.57007280 	 1.57556863 	 1.56763647 	 1.57327694 
1.56969935 	 1.57329339 	 1.56773209 	 1.57500213 
1.57007933 	 1.57403643 	 1.56842967 	 1.57513660 
1.57049554 	 1.57428966 	 1.56993183 	 1.57488758 
1.57084824 	 1.57142094 	 1.57098922 	 1.57390533 
1.57220614 	 1.57036741 	 1.57333003 	 1.57613345 
1.57186850 	 1.57106119 	 1.57277174 	 1.57644368 
1.57198250 	 1.57387474 	 1.57492343 	 1.57604860 
1.57082897 	 1.57533946 	 1.57484415 	 1.57437866 
1.57321026 	 1.57485245 	 1.57752986 	 1.57477587 
1.57128396 	 1.57575255 	 1.57664178 	 1.57562348 
1.57128396 	 1.57575255 	 1.57664178 	 1.57562348 
1.57068645 	 1.57749305 	 1.57635823 	 1.57550775 
1.57068645 	 1.57749305 	 1.57635823 	 1.57550775 
1.56956710 	 1.57843390 	 1.57435749 	 1.57572737 
1.57106304 	 1.57981850 	 1.57495496 	 1.57524690 
1.57115469 	 1.57863413 	 1.57388777 	 1.57429065 
1.57157872 	 1.58025663 	 1.57481043 	 1.57582547 
1.57316917 	 1.58189535 	 1.57337410 	 1.57509698 
1.57235509 	 1.58051909 	 1.57612457 	 1.57578433 
1.57287688 	 1.58016163 	 1.57519787 	 1.57332113 
1.57396448 	 1.57827285 	 1.57697947 	 1.57328031 
1.57421463 	 1.57654775 	 1.57742576 	 1.57440774 
1.57464246 	 1.57660741 	 1.57415295 	 1.57312528 
1.57701025 	 1.57513798 	 1.57462901 	 1.57256764 
1.57606636 	 1.57651137 	 1.57487543 	 1.57488095 
1.57520247 	 1.57818869 	 1.57267797 	 1.57612376 
1.57319208 	 1.57794911 	 1.57191856 	 1.57629650 
1.57244220 	 1.57637472 	 1.57155974 	 1.57413624 
1.57283061 	 1.57559031 	 1.57263631 	 1.57305958 
1.57224825 	 1.57607148 	 1.57275547 	 1.57450240 
1.57168872 	 1.57499585 	 1.57232296 	 1.57476566 
1.57106869 	 1.57317653 	 1.57400871 	 1.57099258 
1.57082045 	 1.57493932 	 1.57398330 	 1.56958257 
1.57164917 	 1.57438270 	 1.57347672 	 1.56936764 
1.57034078 	 1.57497101 	 1.57239385 	 1.57003756 
1.57127106 	 1.57574418 	 1.57130916 	 1.56990981 
1.56947336 	 1.57533519 	 1.57020003 	 1.56989646 
1.57128178 	 1.57410076 	 1.57149580 	 1.56831148 
1.57077109 	 1.57553968 	 1.57069327 	 1.56634356 
1.56820775 	 1.57534172 	 1.57176773 	 1.56801137 
1.56787944 	 1.57489880 	 1.57122681 	 1.56695277 
1.56787944 	 1.57489880 	 1.57122681 	 1.56695277 
1.56819624 	 1.57149777 	 1.57329343 	 1.56765533 
1.56819624 	 1.57149777 	 1.57329343 	 1.56765533 
1.56819624 	 1.57149777 	 1.57329343 	 1.56765533 
1.56613028 	 1.57244602 	 1.57085209 	 1.56717347 
1.56583271 	 1.57119611 	 1.56931555 	 1.56812037 
1.56652127 	 1.57126759 	 1.56943863 	 1.56948932 
1.56399515 	 1.57380523 	 1.56979491 	 1.57038989 
1.56476702 	 1.57440503 	 1.57002321 	 1.56953417 
1.56565944 	 1.57609616 	 1.57196811 	 1.56836294 
1.56666388 	 1.57661857 	 1.56918391 	 1.56920596 
1.56813248 	 1.57688812 	 1.56853977 	 1.56836793 
1.56983100 	 1.57504619 	 1.56741949 	 1.57023945 
1.57027775 	 1.57470190 	 1.56733487 	 1.57038418 
1.57327838 	 1.57420609 	 1.56808210 	 1.57158691 
1.57312517 	 1.57410333 	 1.57010683 	 1.57168607 
1.57152954 	 1.57338804 	 1.57412707 	 1.57103292 
1.56859781 	 1.57274576 	 1.57496937 	 1.57090155 
1.56859781 	 1.57274576 	 1.57496937 	 1.57090155 
1.56785985 	 1.57225022 	 1.57673271 	 1.57167309 
1.56895195 	 1.57116453 	 1.57605290 	 1.57038073 
1.56947430 	 1.57296175 	 1.57716001 	 1.57259860 
1.57111952 	 1.57146096 	 1.57603392 	 1.57605054 
1.57014306 	 1.56952826 	 1.57676738 	 1.57930136 
1.57052768 	 1.56910348 	 1.57794177 	 1.58001559 
1.57215861 	 1.57167529 	 1.57717221 	 1.58087690 
1.57240285 	 1.57160734 	 1.57573640 	 1.57847364 
1.57327424 	 1.56758127 	 1.57659919 	 1.57887677 
1.56942025 	 1.56836541 	 1.57478022 	 1.57809427 
1.57157548 	 1.56895002 	 1.57551888 	 1.57991719 
1.57353409 	 1.56657385 	 1.57599206 	 1.57849416 
1.57504715 	 1.56861325 	 1.57511009 	 1.57882759 
1.57674907 	 1.56809086 	 1.57654160 	 1.57834625 
1.57694792 	 1.57037886 	 1.57773143 	 1.57483393 
1.57787962 	 1.57058008 	 1.57614590 	 1.57258192 
1.57808042 	 1.57201336 	 1.57669009 	 1.57228723 
1.57532770 	 1.57017196 	 1.57502768 	 1.57355174 
1.57335342 	 1.57016140 	 1.57336557 	 1.57084143 
1.57513517 	 1.57087157 	 1.57526740 	 1.57078192 
1.57355912 	 1.57071938 	 1.57601296 	 1.57131999 
1.57206389 	 1.57023709 	 1.57630441 	 1.57392584 
1.57206389 	 1.57023709 	 1.57630441 	 1.57392584 
1.56926840 	 1.57108435 	 1.57750290 	 1.57305425 
1.56894445 	 1.57010682 	 1.57589735 	 1.57274252 
1.56894445 	 1.57010682 	 1.57589735 	 1.57274252 
1.56669474 	 1.57065968 	 1.57553532 	 1.57270089 
1.56545969 	 1.57082442 	 1.57464566 	 1.57054496 
1.56617427 	 1.57207387 	 1.57535227 	 1.57034801 
1.56612540 	 1.57171317 	 1.57406044 	 1.57135574 
1.56395397 	 1.57173446 	 1.57402854 	 1.57046514 
1.56371469 	 1.57177047 	 1.57533596 	 1.57374194 
1.56451037 	 1.57120069 	 1.57671438 	 1.57463073 
1.56292710 	 1.57224359 	 1.57550292 	 1.57440410 
1.56588969 	 1.57177076 	 1.57620240 	 1.57386918 
1.56779061 	 1.56957654 	 1.57467903 	 1.57520971 
1.56835867 	 1.57197945 	 1.57514647 	 1.57523604 
1.56845150 	 1.57192603 	 1.57468884 	 1.57440848 
1.56960917 	 1.57189732 	 1.57599899 	 1.57530891 
1.57345930 	 1.57382216 	 1.57766979 	 1.57580050 
1.57207625 	 1.57339402 	 1.57583058 	 1.57605975 
1.57422626 	 1.57699992 	 1.57610903 	 1.57265538 
1.57470497 	 1.57624136 	 1.57387039 	 1.57408116 
1.57369070 	 1.57414620 	 1.57544884 	 1.57349454 
1.57290495 	 1.57543352 	 1.57378324 	 1.57330113 
1.57389451 	 1.57211257 	 1.57575593 	 1.57492647 
1.57375599 	 1.57264011 	 1.57378166 	 1.57410539 
1.57524080 	 1.57274852 	 1.57392384 	 1.57672134 
1.57280684 	 1.57443922 	 1.57408780 	 1.57738912 
1.57330684 	 1.57250890 	 1.57664027 	 1.57903742 
1.57386502 	 1.57037256 	 1.57627102 	 1.58005674 
1.57344609 	 1.56782412 	 1.57727187 	 1.57786093 
1.57348211 	 1.56831712 	 1.57647468 	 1.58043671 
1.57412304 	 1.56862452 	 1.57670276 	 1.58065431 
1.57435041 	 1.57045819 	 1.57528724 	 1.58057435 
1.57435041 	 1.57045819 	 1.57528724 	 1.58057435 
1.57379451 	 1.57297196 	 1.57299175 	 1.57761687 
1.57594303 	 1.57109300 	 1.57190210 	 1.57733396 
1.57498166 	 1.57123351 	 1.57153134 	 1.57892260 
1.57338035 	 1.57251577 	 1.57507507 	 1.57893554 
1.57338035 	 1.57251577 	 1.57507507 	 1.57893554 
1.57049355 	 1.57224119 	 1.57572386 	 1.57826535 
1.57161103 	 1.57180639 	 1.57585873 	 1.57877262 
1.57277706 	 1.57160864 	 1.57494639 	 1.58017778 
1.57432599 	 1.57295308 	 1.57601125 	 1.57912680 
1.57277970 	 1.57568722 	 1.57658091 	 1.57744869 
1.57277970 	 1.57568722 	 1.57658091 	 1.57744869 
1.57606396 	 1.57433428 	 1.57594781 	 1.58049759 
1.57738370 	 1.57649375 	 1.57586958 	 1.57940640 
1.57745686 	 1.57735633 	 1.57567119 	 1.58046313 
1.57564113 	 1.57679393 	 1.57800383 	 1.58181410 
1.57620535 	 1.57705158 	 1.57691319 	 1.58307586 
1.57534889 	 1.57711625 	 1.57787463 	 1.58286212 
1.57590717 	 1.57652464 	 1.57843878 	 1.58047953 
1.57754599 	 1.57750434 	 1.57989020 	 1.57817769 
1.57762131 	 1.57528781 	 1.57981901 	 1.57791331 
1.57552635 	 1.57578112 	 1.57752271 	 1.57878610 
1.57288150 	 1.57452931 	 1.57685058 	 1.58040719 
1.57249485 	 1.57415683 	 1.57965811 	 1.58118117 
1.57300295 	 1.57367933 	 1.57923191 	 1.58271126 
1.57479551 	 1.57536227 	 1.58044082 	 1.58421929 
1.57479551 	 1.57536227 	 1.58044082 	 1.58421929 
1.57455083 	 1.57337538 	 1.57975226 	 1.58589753 
1.57515181 	 1.57176711 	 1.57903547 	 1.58596023 
1.57446858 	 1.57114842 	 1.57761236 	 1.58429721 
1.57446858 	 1.57114842 	 1.57761236 	 1.58429721 
1.57446858 	 1.57114842 	 1.57761236 	 1.58429721 
1.57505988 	 1.56999436 	 1.57777499 	 1.58428005 
1.57638930 	 1.57017432 	 1.57992616 	 1.58436444 
1.57754468 	 1.57000534 	 1.58008302 	 1.58306134 
1.57805246 	 1.57133195 	 1.58199403 	 1.58170730 
1.57836702 	 1.57178012 	 1.58195765 	 1.58254445 
1.57945968 	 1.57317853 	 1.58028973 	 1.58346964 
1.57737121 	 1.57282774 	 1.57783646 	 1.58270894 
1.57527033 	 1.57233119 	 1.57863365 	 1.58066919 
1.57486147 	 1.57386553 	 1.58119758 	 1.57916519 
1.57259034 	 1.57289682 	 1.58145189 	 1.58109943 
1.57272294 	 1.57388219 	 1.58248671 	 1.57786210 
1.57164400 	 1.57502342 	 1.58090670 	 1.57671376 
1.57145302 	 1.57279216 	 1.58053253 	 1.57647849 
1.57300370 	 1.57045464 	 1.58131808 	 1.57979201 
1.57633900 	 1.56945655 	 1.58137170 	 1.58020114 
1.57479352 	 1.57133669 	 1.58138914 	 1.58107403 
1.57337866 	 1.57144298 	 1.58101325 	 1.58255480 
1.57148108 	 1.57289084 	 1.57914114 	 1.58362468 
1.57431378 	 1.57450902 	 1.58203288 	 1.58581068 
1.57480656 	 1.57199968 	 1.58076336 	 1.58475953 
1.57480656 	 1.57199968 	 1.58076336 	 1.58475953 
1.57507103 	 1.57326600 	 1.57992340 	 1.58408260 
1.57512369 	 1.57482547 	 1.58272035 	 1.58341653 
1.57389612 	 1.57617313 	 1.58143388 	 1.58331834 
1.57416186 	 1.57509361 	 1.58241027 	 1.58334876 
1.57586014 	 1.57444733 	 1.58067022 	 1.58264764 
1.57770802 	 1.57597991 	 1.57900924 	 1.58159253 
1.57715551 	 1.57623441 	 1.57768955 	 1.58243390 
1.57654922 	 1.57557248 	 1.57673586 	 1.58268446 
1.57963930 	 1.57577648 	 1.57799954 	 1.58416392 
1.57856594 	 1.57479337 	 1.57808788 	 1.58244001 
1.57946689 	 1.57666666 	 1.57698872 	 1.58016242 
1.57758065 	 1.57633117 	 1.57974780 	 1.58002584 
1.57798641 	 1.57566674 	 1.57900762 	 1.58085045 
1.57422962 	 1.57528155 	 1.57828006 	 1.57975583 
1.57738753 	 1.57419659 	 1.57739755 	 1.57982654 
1.57741942 	 1.57495435 	 1.57475793 	 1.58266138 
1.57487407 	 1.57594718 	 1.57682795 	 1.58276169 
1.57706296 	 1.57726288 	 1.57844902 	 1.58328674 
1.57727884 	 1.57727034 	 1.57954612 	 1.58371253 
1.58006816 	 1.57735607 	 1.57815872 	 1.58253449 
1.58006816 	 1.57735607 	 1.57815872 	 1.58253449 
1.58006816 	 1.57735607 	 1.57815872 	 1.58253449 
1.57912554 	 1.57686717 	 1.57880044 	 1.58269386 
1.57732136 	 1.57835059 	 1.57799388 	 1.58410441 
1.57485071 	 1.57787268 	 1.57680047 	 1.58280075 
1.57777767 	 1.57561770 	 1.57617394 	 1.58172627 
1.57711304 	 1.57758252 	 1.57578402 	 1.58062192 
1.57666649 	 1.57742989 	 1.57828430 	 1.58227613 
1.57781763 	 1.57594807 	 1.58057336 	 1.58337768 
1.57613542 	 1.57270844 	 1.57854932 	 1.58080904 
1.57604839 	 1.57183536 	 1.57617675 	 1.57811568 
1.57693154 	 1.57171008 	 1.57389066 	 1.58082735 
1.58092372 	 1.57050894 	 1.57440509 	 1.58098080 
1.57933430 	 1.57362481 	 1.57516028 	 1.57980969 
1.57896454 	 1.57327375 	 1.57605772 	 1.58030692 
1.57862187 	 1.57401294 	 1.57557920 	 1.57877052 
1.57794321 	 1.57459522 	 1.57691262 	 1.57693946 
1.58025883 	 1.57486119 	 1.57517641 	 1.57782356 
1.58092550 	 1.57606676 	 1.57523693 	 1.57982183 
1.57993974 	 1.57650890 	 1.57852864 	 1.58115555 
1.58084541 	 1.57846042 	 1.57823363 	 1.57953876 
1.58258294 	 1.58099038 	 1.57675538 	 1.57823946 
1.58258294 	 1.58099038 	 1.57675538 	 1.57823946 
1.57907978 	 1.58122357 	 1.57461257 	 1.57687981 
1.58008012 	 1.58122141 	 1.57456620 	 1.57576918 
1.57902614 	 1.57773009 	 1.57431907 	 1.57698236 
1.57572314 	 1.57732141 	 1.57346991 	 1.57727843 
1.57617469 	 1.57661735 	 1.57291782 	 1.57638029 
1.57598019 	 1.57819089 	 1.57325656 	 1.57658347 
1.57672996 	 1.57734542 	 1.57240540 	 1.57297395 
1.57706540 	 1.57904911 	 1.57319130 	 1.57369469 
1.57546612 	 1.57978033 	 1.57484967 	 1.57549249 
1.57760834 	 1.57802895 	 1.57664090 	 1.57546592 
1.57882309 	 1.57681434 	 1.57303649 	 1.57582603 
1.57768895 	 1.57789043 	 1.57355181 	 1.57660896 
1.57766720 	 1.57893551 	 1.57342405 	 1.57549596 
1.57692532 	 1.58007699 	 1.57200802 	 1.57552020 
1.57524552 	 1.57980929 	 1.57123696 	 1.57359739 
1.57604495 	 1.57660897 	 1.57206778 	 1.57236961 
1.57624703 	 1.58074416 	 1.56969482 	 1.57292803 
1.57670703 	 1.57824693 	 1.57025353 	 1.57317979 
1.57817490 	 1.58141888 	 1.56916015 	 1.57579648 
1.57960642 	 1.57929616 	 1.57367781 	 1.57304723 
1.58196177 	 1.57893931 	 1.57518652 	 1.57485532 
1.58066350 	 1.57714023 	 1.57465681 	 1.57782477 
1.57981773 	 1.57642166 	 1.57722459 	 1.58066910 
1.57840725 	 1.57771834 	 1.57639317 	 1.58052237 
1.57699520 	 1.57531516 	 1.57690404 	 1.57963590 
1.57825158 	 1.57623110 	 1.57959360 	 1.57955499 
1.57722702 	 1.57735359 	 1.57919455 	 1.57748700 
1.57746115 	 1.57777239 	 1.57886644 	 1.57606331 
1.57997292 	 1.57635829 	 1.57899689 	 1.57607375 
1.58070261 	 1.57573823 	 1.57726315 	 1.57561152 
1.58048562 	 1.57606257 	 1.57620027 	 1.57485789 
1.57998173 	 1.57517289 	 1.57549640 	 1.57801573 
1.58002654 	 1.57506883 	 1.57561087 	 1.57851670 
1.57642782 	 1.57487798 	 1.57574836 	 1.57826023 
1.57678087 	 1.57317956 	 1.57537923 	 1.57770597 
1.57699472 	 1.57160863 	 1.57462715 	 1.57729302 
1.57513777 	 1.57085660 	 1.57524694 	 1.57657311 
1.57400625 	 1.57205709 	 1.57417398 	 1.57749075 
1.57350613 	 1.57150937 	 1.57506577 	 1.57483186 
1.57256524 	 1.57162383 	 1.57485245 	 1.57550129 
1.56964955 	 1.57305140 	 1.57657669 	 1.57477900 
1.56964955 	 1.57305140 	 1.57657669 	 1.57477900 
1.56956849 	 1.57201266 	 1.57477822 	 1.57457080 
1.57241800 	 1.57412281 	 1.57672804 	 1.57600189 
1.57217045 	 1.57593194 	 1.57721607 	 1.57430646 
1.57061427 	 1.57707660 	 1.57499912 	 1.57473028 
1.57245029 	 1.57803842 	 1.57421616 	 1.57413227 
1.57306110 	 1.57707612 	 1.56941893 	 1.57383531 
1.57355304 	 1.57609124 	 1.56998334 	 1.57319505 
1.57290946 	 1.57512983 	 1.56907023 	 1.57318664 
1.57497323 	 1.57301570 	 1.56934254 	 1.57325682 
1.57497323 	 1.57301570 	 1.56934254 	 1.57325682 
1.57561350 	 1.57291940 	 1.56778900 	 1.57066931 
1.57561350 	 1.57291940 	 1.56778900 	 1.57066931 
1.57557164 	 1.57369897 	 1.57078755 	 1.57388983 
1.57557164 	 1.57369897 	 1.57078755 	 1.57388983 
1.57455142 	 1.57663213 	 1.56926861 	 1.57534112 
1.57306151 	 1.57448090 	 1.56946379 	 1.57426177 
1.57410099 	 1.57785185 	 1.57035620 	 1.57361426 
1.57427777 	 1.57847492 	 1.57124076 	 1.57381780 
1.57614491 	 1.57676338 	 1.57376561 	 1.57341248 
1.57549120 	 1.57670999 	 1.57163963 	 1.57165240 
1.57584906 	 1.57632116 	 1.57241960 	 1.57352125 
1.57853128 	 1.57510751 	 1.57349983 	 1.57510030 
1.57708286 	 1.57691909 	 1.57471283 	 1.57535660 
1.57461532 	 1.57559264 	 1.57370566 	 1.57501681 
1.57695103 	 1.57419308 	 1.57236512 	 1.57675637 
1.57757691 	 1.57579725 	 1.57300561 	 1.57718450 
1.57561363 	 1.57487332 	 1.57384753 	 1.57812630 
1.57561363 	 1.57487332 	 1.57384753 	 1.57812630 
1.57386142 	 1.57462169 	 1.57515097 	 1.58141939 
1.57317887 	 1.57592403 	 1.57629452 	 1.58136468 
1.57173334 	 1.57682562 	 1.57566238 	 1.57878262 
1.57233682 	 1.57757372 	 1.57540487 	 1.57855155 
1.57223381 	 1.57911254 	 1.57787476 	 1.57991637 
1.57182032 	 1.57810583 	 1.57960298 	 1.58007231 
1.57182032 	 1.57810583 	 1.57960298 	 1.58007231 
1.57356181 	 1.57778199 	 1.58004066 	 1.57787253 
1.57589402 	 1.57760369 	 1.57934076 	 1.57981607 
1.57673430 	 1.57562432 	 1.57851355 	 1.57960634 
1.57750198 	 1.57446772 	 1.58137539 	 1.57940920 
1.57656614 	 1.57675136 	 1.58045426 	 1.58177557 
1.57522245 	 1.57862037 	 1.58028840 	 1.58026298 
1.57516581 	 1.57707726 	 1.57995180 	 1.58127552 
1.57609319 	 1.57698219 	 1.57897646 	 1.58095858 
1.57652233 	 1.57568784 	 1.58042018 	 1.58059443 
1.57745868 	 1.58060692 	 1.58018881 	 1.58210702 
1.57745868 	 1.58060692 	 1.58018881 	 1.58210702 
1.57662659 	 1.58154509 	 1.57922374 	 1.58276260 
1.57515121 	 1.58204018 	 1.58037108 	 1.58024239 
1.57698474 	 1.58258936 	 1.58068931 	 1.58014211 
1.57879590 	 1.58125409 	 1.58243475 	 1.57947818 
1.57879590 	 1.58125409 	 1.58243475 	 1.57947818 
1.57833240 	 1.58136594 	 1.58345093 	 1.57890302 
1.57833240 	 1.58136594 	 1.58345093 	 1.57890302 
1.57963813 	 1.58075249 	 1.58284873 	 1.58061120 
1.57963813 	 1.58075249 	 1.58284873 	 1.58061120 
1.57963813 	 1.58075249 	 1.58284873 	 1.58061120 
1.57590059 	 1.58036309 	 1.58463567 	 1.58052424 
1.57908176 	 1.57853294 	 1.58459975 	 1.58099734 
1.58003305 	 1.57933850 	 1.58423035 	 1.57991459 
1.58003305 	 1.57933850 	 1.58423035 	 1.57991459 
1.58120137 	 1.58059097 	 1.58338404 	 1.57956538 
1.58341049 	 1.57837132 	 1.58255941 	 1.57812759 
1.58357357 	 1.57826073 	 1.58457109 	 1.58036746 
1.58379970 	 1.58011738 	 1.58623128 	 1.58291281 
1.58379970 	 1.58011738 	 1.58623128 	 1.58291281 
1.58365305 	 1.57839870 	 1.58484196 	 1.58178403 
1.58211393 	 1.58079449 	 1.58472846 	 1.58062089 
1.58213054 	 1.57742993 	 1.58349391 	 1.57804658 
1.58045189 	 1.57973572 	 1.58207915 	 1.57825512 
1.58034861 	 1.58048032 	 1.58024044 	 1.57844077 
1.58151977 	 1.58051635 	 1.57837139 	 1.57727099 
1.58150864 	 1.58076576 	 1.58006048 	 1.57685808 
1.58266104 	 1.57981559 	 1.58018969 	 1.57708998 
1.58123387 	 1.57806507 	 1.57906449 	 1.57574857 
1.58008941 	 1.57775820 	 1.58075337 	 1.57685787 
1.57971663 	 1.58023571 	 1.57927018 	 1.57728554 
1.57971663 	 1.58023571 	 1.57927018 	 1.57728554 
1.57907565 	 1.57727382 	 1.57945959 	 1.57790563 
1.57959652 	 1.57855981 	 1.57903369 	 1.57635366 
1.57977188 	 1.57642079 	 1.57716018 	 1.57732696 
1.58176371 	 1.57336442 	 1.57764597 	 1.57754495 
1.58397726 	 1.57504947 	 1.57953073 	 1.57823317 
1.58434536 	 1.57381659 	 1.57831132 	 1.57751757 
1.58616280 	 1.57270662 	 1.57954674 	 1.57660378 
1.58616280 	 1.57270662 	 1.57954674 	 1.57660378 
1.58616280 	 1.57270662 	 1.57954674 	 1.57660378 
1.58436347 	 1.57521106 	 1.58087778 	 1.57765070 
1.58670643 	 1.57649410 	 1.57978303 	 1.58045231 
1.58661279 	 1.57663067 	 1.57779326 	 1.57864684 
1.58661279 	 1.57663067 	 1.57779326 	 1.57864684 
1.58513723 	 1.57726301 	 1.57818627 	 1.57731954 
1.58557289 	 1.57803268 	 1.57727097 	 1.57654520 
1.58671965 	 1.58002378 	 1.57582383 	 1.57811673 
1.58597930 	 1.57756958 	 1.57514831 	 1.57736129 
1.58445459 	 1.57636408 	 1.57667513 	 1.57542708 
1.58255200 	 1.57755138 	 1.57916911 	 1.57514225 
1.58259412 	 1.57791218 	 1.57739793 	 1.57676717 
1.58240436 	 1.57730719 	 1.57725880 	 1.57505705 
1.58100169 	 1.57650748 	 1.57795236 	 1.57406478 
1.58100169 	 1.57650748 	 1.57795236 	 1.57406478 
1.58114153 	 1.57626777 	 1.57917391 	 1.57317268 
1.58114153 	 1.57626777 	 1.57917391 	 1.57317268 
1.57964161 	 1.57568515 	 1.58005568 	 1.57465511 
1.57953004 	 1.57485198 	 1.57835051 	 1.57480960 
1.57711895 	 1.57615850 	 1.57828612 	 1.57422240 
1.57650386 	 1.57483206 	 1.57967195 	 1.57679474 
1.57827985 	 1.57633579 	 1.57800700 	 1.57706966 
1.57871899 	 1.57692379 	 1.57773089 	 1.57592145 
1.57923554 	 1.57594258 	 1.57586435 	 1.57684481 
1.57997102 	 1.57738500 	 1.57488689 	 1.57911835 
1.57906322 	 1.57729136 	 1.57500038 	 1.57718272 
1.57906322 	 1.57729136 	 1.57500038 	 1.57718272 
1.57954290 	 1.57603597 	 1.57578825 	 1.57894900 
1.57816615 	 1.57821883 	 1.57367002 	 1.57895789 
1.57496132 	 1.57943104 	 1.57488143 	 1.57696221 
1.57655988 	 1.58092372 	 1.57309852 	 1.57641710 
1.57744347 	 1.58166105 	 1.57504751 	 1.57792922 
1.57766820 	 1.58148332 	 1.57516850 	 1.57863394 
1.57766820 	 1.58148332 	 1.57516850 	 1.57863394 
1.57754745 	 1.57935556 	 1.57378467 	 1.57986286 
1.57929116 	 1.57857077 	 1.57204440 	 1.57944452 
1.57906056 	 1.57762785 	 1.57462847 	 1.57938667 
1.57849072 	 1.57997490 	 1.57622948 	 1.57898756 
1.57871215 	 1.57923892 	 1.57897356 	 1.57945525 
1.57714156 	 1.58185349 	 1.57688982 	 1.57651678 
1.57900384 	 1.58326744 	 1.57761205 	 1.57724413 
1.57900384 	 1.58326744 	 1.57761205 	 1.57724413 
1.58098760 	 1.58010713 	 1.58137015 	 1.57997483 
1.57941452 	 1.58160766 	 1.57951458 	 1.57678176 
1.57941452 	 1.58160766 	 1.57951458 	 1.57678176 
1.57972933 	 1.58121942 	 1.57885519 	 1.57682955 
1.57927193 	 1.58227415 	 1.57891186 	 1.57638896 
1.57733025 	 1.58064756 	 1.57991645 	 1.57471777 
1.58011392 	 1.58201618 	 1.58137430 	 1.57255778 
1.58151162 	 1.58379476 	 1.58148848 	 1.57380408 
1.58129558 	 1.58443318 	 1.58329571 	 1.57524740 
1.58318373 	 1.58342429 	 1.58390633 	 1.57631206 
1.58176584 	 1.58271731 	 1.58481722 	 1.57591740 
1.58009766 	 1.58146318 	 1.58341127 	 1.57512185 
1.57821057 	 1.58049397 	 1.58364095 	 1.57608472 
1.57721177 	 1.58157150 	 1.58412247 	 1.57687411 
1.57891494 	 1.57955479 	 1.58341291 	 1.57551933 
1.57916293 	 1.57769944 	 1.58259247 	 1.57709592 
1.57875378 	 1.57860721 	 1.58264975 	 1.57806858 
1.57875378 	 1.57860721 	 1.58264975 	 1.57806858 
1.57706227 	 1.57871622 	 1.58253033 	 1.57867917 
1.57745744 	 1.57929663 	 1.58050092 	 1.57772929 
1.57807120 	 1.57981846 	 1.58117326 	 1.57904381 
1.57803319 	 1.58015908 	 1.58002517 	 1.57928055 
1.57687324 	 1.57909117 	 1.58018711 	 1.57782579 
1.57784713 	 1.57963480 	 1.57897167 	 1.57819016 
1.57876812 	 1.58036726 	 1.58002971 	 1.58106310 
1.57766093 	 1.58276529 	 1.57719510 	 1.58044381 
1.57914614 	 1.58134998 	 1.57838932 	 1.58106464 
1.58057439 	 1.58107863 	 1.57942071 	 1.57942681 
1.58073621 	 1.58077073 	 1.58128518 	 1.57811312 
1.57945612 	 1.58013679 	 1.57979025 	 1.57760336 
1.57913882 	 1.57922001 	 1.58085299 	 1.57727024 
1.57992792 	 1.57966967 	 1.57915430 	 1.57804232 
1.58106832 	 1.57704486 	 1.57801397 	 1.57960746 
1.58102675 	 1.57495429 	 1.57883578 	 1.57693007 
1.58051442 	 1.57609728 	 1.57950858 	 1.57597220 
1.58273673 	 1.57661556 	 1.58022410 	 1.57714838 
1.58048452 	 1.57741871 	 1.57992793 	 1.57449428 
1.57878177 	 1.57723965 	 1.57798539 	 1.57415986 
1.57755151 	 1.57851702 	 1.57715653 	 1.57752278 
1.57845012 	 1.57937120 	 1.57435811 	 1.57529165 
1.57848545 	 1.57819414 	 1.57320424 	 1.57317074 
1.58015945 	 1.57635568 	 1.57444235 	 1.57189148 
1.58015945 	 1.57635568 	 1.57444235 	 1.57189148 
1.57937327 	 1.57850421 	 1.57412399 	 1.57344528 
1.57707914 	 1.57837198 	 1.57409193 	 1.57355422 
1.57751140 	 1.57849453 	 1.57261897 	 1.57576732 
1.57723763 	 1.58019764 	 1.57158364 	 1.57535644 
1.57877128 	 1.57893915 	 1.56985809 	 1.57627154 
1.57792709 	 1.57898334 	 1.56869328 	 1.57663317 
1.57792709 	 1.57898334 	 1.56869328 	 1.57663317 
1.57946403 	 1.58005717 	 1.56875024 	 1.57807543 
1.57983672 	 1.58011605 	 1.56942731 	 1.57959189 
1.57913591 	 1.58046106 	 1.57261052 	 1.57945630 
1.57942824 	 1.58087560 	 1.57283807 	 1.58035629 
1.57763254 	 1.58191198 	 1.57200380 	 1.58017253 
1.57929601 	 1.58238124 	 1.57378072 	 1.57909546 
1.57806399 	 1.58081231 	 1.57524802 	 1.57719688 
1.57976761 	 1.57986614 	 1.57743492 	 1.57694026 
1.58059220 	 1.57972807 	 1.57635951 	 1.58001226 
1.57961356 	 1.57771925 	 1.57618584 	 1.57964150 
1.57832706 	 1.57816715 	 1.57614814 	 1.57825735 
1.57876966 	 1.57812210 	 1.57607766 	 1.57751989 
1.57845648 	 1.57693459 	 1.57868362 	 1.57692829 
1.57926839 	 1.57661067 	 1.57886972 	 1.57951827 
1.58246456 	 1.57643741 	 1.57931830 	 1.57954962 
1.58196631 	 1.57845739 	 1.57644779 	 1.57740194 
1.58382040 	 1.57927938 	 1.57519180 	 1.57789754 
1.58195827 	 1.58049819 	 1.57500763 	 1.57720393 
1.58057378 	 1.58182835 	 1.57311811 	 1.57443176 
1.58192297 	 1.58158728 	 1.57480666 	 1.57287462 
1.58174994 	 1.58171466 	 1.57358881 	 1.57325251 
1.58188001 	 1.58066807 	 1.57545095 	 1.57434338 
1.58408326 	 1.58222455 	 1.57667973 	 1.57335697 
1.58514027 	 1.58275189 	 1.57758141 	 1.57392535 
1.58463841 	 1.58290102 	 1.57811702 	 1.57599898 
1.58463841 	 1.58290102 	 1.57811702 	 1.57599898 
1.58101031 	 1.58122480 	 1.57755637 	 1.57663388 
1.58046365 	 1.58050733 	 1.57850030 	 1.57759558 
1.57954978 	 1.57935515 	 1.57629998 	 1.57775919 
1.57656099 	 1.57903555 	 1.57743220 	 1.57767198 
1.57688206 	 1.58085886 	 1.57487426 	 1.57734705 
1.57792429 	 1.58138715 	 1.57469035 	 1.57600382 
1.58022886 	 1.58172627 	 1.57720031 	 1.57614484 
1.57936323 	 1.58367449 	 1.57623653 	 1.57350383 
1.57742428 	 1.58321084 	 1.57453446 	 1.57429007 
1.58121612 	 1.58360725 	 1.57703082 	 1.57538442 
1.58121612 	 1.58360725 	 1.57703082 	 1.57538442 
1.57995847 	 1.58429205 	 1.57629069 	 1.57524367 
1.57869539 	 1.58185931 	 1.57944912 	 1.57395028 
1.57869539 	 1.58185931 	 1.57944912 	 1.57395028 
1.57932902 	 1.57955414 	 1.57777466 	 1.57515954 
1.58172875 	 1.57933321 	 1.57700047 	 1.57472758 
1.58172875 	 1.57933321 	 1.57700047 	 1.57472758 
1.58120239 	 1.57748329 	 1.57781834 	 1.57748220 
1.57834932 	 1.57572090 	 1.57760503 	 1.57823797 
1.57948722 	 1.57577886 	 1.57857699 	 1.57946777 
1.57948722 	 1.57577886 	 1.57857699 	 1.57946777 
1.57955402 	 1.57568032 	 1.57904463 	 1.58026617 
1.57914094 	 1.57893929 	 1.57888203 	 1.57876021 
1.58119283 	 1.57768499 	 1.57885162 	 1.57904342 
1.58119283 	 1.57768499 	 1.57885162 	 1.57904342 
1.58253757 	 1.57535176 	 1.57799431 	 1.57851170 
1.58203824 	 1.57772471 	 1.58059644 	 1.57860183 
1.58106112 	 1.57654760 	 1.57974911 	 1.57961656 
1.58065572 	 1.57799575 	 1.58049565 	 1.57980319 
1.57836913 	 1.57766732 	 1.58181860 	 1.57884780 
1.57836913 	 1.57766732 	 1.58181860 	 1.57884780 
1.57642302 	 1.57683724 	 1.58173401 	 1.57825159 
1.57289124 	 1.57935775 	 1.58166848 	 1.57791534 
1.57324989 	 1.57895947 	 1.58203032 	 1.57648413 
1.57454378 	 1.57588495 	 1.58038212 	 1.57857681 
1.57237478 	 1.57472994 	 1.57905825 	 1.57887968 
1.57360099 	 1.57651184 	 1.58029955 	 1.57808467 
1.57390303 	 1.57760361 	 1.58175659 	 1.57780373 
1.57644968 	 1.57865395 	 1.58265408 	 1.57748989 
1.57555030 	 1.57936237 	 1.58208657 	 1.57944496 
1.57584194 	 1.57961661 	 1.58562751 	 1.57712348 
1.57472568 	 1.57855073 	 1.58341089 	 1.57967900 
1.57722262 	 1.57844101 	 1.58260606 	 1.57902494 
1.57722262 	 1.57844101 	 1.58260606 	 1.57902494 
1.58039782 	 1.58110134 	 1.57957683 	 1.57848049 
1.57848209 	 1.58125544 	 1.58008959 	 1.58019725 
1.57909310 	 1.58146346 	 1.58083762 	 1.58048719 
1.57708136 	 1.58136526 	 1.58055250 	 1.57932300 
1.57637164 	 1.57817850 	 1.58061911 	 1.57896483 
1.57758589 	 1.57818934 	 1.57921435 	 1.57819218 
1.57795319 	 1.58195677 	 1.57872314 	 1.57539604 
1.57852779 	 1.57920400 	 1.57780461 	 1.57581298 
1.58105138 	 1.57735083 	 1.57801757 	 1.57693629 
1.58153472 	 1.57814087 	 1.57903684 	 1.57778142 
1.57855903 	 1.57843249 	 1.58219096 	 1.57566551 
1.57971411 	 1.58055500 	 1.58109984 	 1.57379736 
1.57839413 	 1.58045105 	 1.57934740 	 1.57286307 
1.57779027 	 1.58025540 	 1.57855845 	 1.57214869 
1.57901837 	 1.57813968 	 1.57827691 	 1.57361579 
1.57922976 	 1.57525029 	 1.57732838 	 1.57722294 
1.57893370 	 1.57711847 	 1.57586610 	 1.57497300 
1.57893370 	 1.57711847 	 1.57586610 	 1.57497300 
1.57881747 	 1.57828602 	 1.57525940 	 1.57289074 
1.57784520 	 1.57686548 	 1.57473110 	 1.57354637 
1.57784784 	 1.57875782 	 1.57245295 	 1.57728455 
1.57762325 	 1.57966557 	 1.57277355 	 1.57715446 
1.57732517 	 1.57634602 	 1.57436610 	 1.57522609 
1.57832116 	 1.57600016 	 1.57359906 	 1.57707157 
1.57600950 	 1.57508713 	 1.57388689 	 1.57554493 
1.57687843 	 1.57441407 	 1.57194816 	 1.57595427 
1.57767076 	 1.57320332 	 1.57266490 	 1.57619006 
1.57637337 	 1.57363788 	 1.57130600 	 1.57764841 
1.57874131 	 1.57280049 	 1.57244575 	 1.57626604 
1.57646715 	 1.57299306 	 1.57053015 	 1.57560100 
1.57905030 	 1.57245601 	 1.57208532 	 1.57487204 
1.58112672 	 1.57443779 	 1.56899293 	 1.57552365 
1.57990769 	 1.57378615 	 1.56863005 	 1.57520003 
1.58011958 	 1.57452104 	 1.56995437 	 1.57441582 
1.58011958 	 1.57452104 	 1.56995437 	 1.57441582 
1.58011958 	 1.57452104 	 1.56995437 	 1.57441582 
1.57920136 	 1.57476951 	 1.57169707 	 1.57424049 
1.57812418 	 1.57515487 	 1.57155826 	 1.57291589 
1.57806484 	 1.57489544 	 1.57385422 	 1.57421780 
1.57936530 	 1.57358329 	 1.57326356 	 1.57365973 
1.57936530 	 1.57358329 	 1.57326356 	 1.57365973 
1.57985386 	 1.57363801 	 1.57282390 	 1.57514808 
1.58064875 	 1.57548414 	 1.57544088 	 1.57661311 
1.58129264 	 1.57767972 	 1.57680127 	 1.57795066 
1.58095044 	 1.57579419 	 1.57786870 	 1.57768999 
1.58083795 	 1.57283183 	 1.57843491 	 1.57869587 
1.57975456 	 1.57272161 	 1.57595336 	 1.57885463 
1.57869095 	 1.56994114 	 1.57481526 	 1.57816846 
1.58099439 	 1.57074769 	 1.57334573 	 1.58011262 
1.58079435 	 1.57351926 	 1.57071421 	 1.57902590 
1.58077137 	 1.57355303 	 1.57138704 	 1.57944716 
1.57955811 	 1.57282025 	 1.57201531 	 1.57859479 
1.57891624 	 1.57198668 	 1.57135861 	 1.57843406 
1.57715953 	 1.57436145 	 1.57190256 	 1.57821960 
1.57715953 	 1.57436145 	 1.57190256 	 1.57821960 
1.57730111 	 1.57574215 	 1.57272378 	 1.57795642 
1.57697199 	 1.57679111 	 1.57395401 	 1.57671105 
1.57788735 	 1.57730087 	 1.57399233 	 1.57616947 
1.57856814 	 1.57591294 	 1.57245567 	 1.57718907 
1.57856814 	 1.57591294 	 1.57245567 	 1.57718907 
1.57836007 	 1.57634510 	 1.57321655 	 1.57567076 
1.57869297 	 1.57936289 	 1.57426957 	 1.57398903 
1.57869297 	 1.57936289 	 1.57426957 	 1.57398903 
1.57545917 	 1.57787503 	 1.57715858 	 1.57341890 
1.57528133 	 1.57742119 	 1.57802616 	 1.57323862 
1.57440981 	 1.58052378 	 1.57744310 	 1.57537773 
1.57520738 	 1.57922175 	 1.57852552 	 1.57606840 
1.57602006 	 1.57724175 	 1.57813621 	 1.57607295 
1.57522923 	 1.57620213 	 1.58065313 	 1.57520370 
1.57792785 	 1.57389317 	 1.58161353 	 1.57826864 
1.57503246 	 1.57359534 	 1.58100436 	 1.57919787 
1.57560208 	 1.57335170 	 1.58184267 	 1.57798920 
1.57560208 	 1.57335170 	 1.58184267 	 1.57798920 
1.57712374 	 1.57402397 	 1.57889617 	 1.57717087 
1.57944004 	 1.57256228 	 1.57503378 	 1.57494440 
1.57908468 	 1.57261779 	 1.57465467 	 1.57667141 
1.57882384 	 1.57492382 	 1.57383727 	 1.57804651 
1.57699029 	 1.57441973 	 1.57439340 	 1.57672107 
1.57629567 	 1.57637687 	 1.57528746 	 1.57810361 
1.57701217 	 1.57646683 	 1.57679751 	 1.57993170 
1.57553749 	 1.57784947 	 1.57754832 	 1.58117143 
1.57493156 	 1.57908197 	 1.57938274 	 1.57921772 
1.57732282 	 1.57928448 	 1.58198939 	 1.57712981 
1.57752085 	 1.58026763 	 1.58122550 	 1.57623173 
1.57667875 	 1.57915702 	 1.57881209 	 1.57658397 
1.57748114 	 1.58169300 	 1.57856676 	 1.57845122 
1.57859715 	 1.57988388 	 1.57823483 	 1.57996512 
1.57762522 	 1.58012038 	 1.57798563 	 1.57893547 
1.57583397 	 1.58267011 	 1.57797611 	 1.58284908 
1.57529704 	 1.58096363 	 1.57985912 	 1.57959859 
1.57529704 	 1.58096363 	 1.57985912 	 1.57959859 
1.57565410 	 1.58096285 	 1.57984768 	 1.58065627 
1.57788436 	 1.57914156 	 1.57974228 	 1.58343836 
1.57715276 	 1.57807096 	 1.57871927 	 1.58419570 
1.57659134 	 1.57513629 	 1.58197761 	 1.58288740 
1.57684200 	 1.57381946 	 1.58425169 	 1.58027401 
1.57839947 	 1.57526267 	 1.58485572 	 1.58163076 
1.57593400 	 1.57526504 	 1.58430903 	 1.58266336 
1.57527153 	 1.57607317 	 1.58243872 	 1.58140281 
1.57527153 	 1.57607317 	 1.58243872 	 1.58140281 
1.57463210 	 1.57648062 	 1.58288171 	 1.58140226 
1.57642416 	 1.57686059 	 1.57954941 	 1.57975096 
1.57775369 	 1.57677835 	 1.58006095 	 1.57990886 
1.57882964 	 1.57630816 	 1.57691771 	 1.57897580 
1.57882964 	 1.57630816 	 1.57691771 	 1.57897580 
1.57835343 	 1.57508021 	 1.57801822 	 1.57972046 
1.57565153 	 1.57493072 	 1.57636816 	 1.57967612 
1.57527657 	 1.57762920 	 1.57710045 	 1.58229985 
1.57636398 	 1.57575969 	 1.57611961 	 1.58534391 
1.57529420 	 1.57536665 	 1.57526506 	 1.58271916 
1.57529420 	 1.57536665 	 1.57526506 	 1.58271916 
1.57686277 	 1.57430098 	 1.57564101 	 1.58156368 
1.57623136 	 1.57233090 	 1.57544513 	 1.57885800 
1.57764716 	 1.57265757 	 1.57767532 	 1.57872396 
1.57589793 	 1.57350852 	 1.57856717 	 1.57991826 
1.57550118 	 1.57304806 	 1.57890945 	 1.58024138 
1.57688509 	 1.57370184 	 1.57805446 	 1.57971897 
1.57688387 	 1.57504271 	 1.57996671 	 1.57860117 
1.57785958 	 1.57602974 	 1.58017885 	 1.57729033 
1.57892546 	 1.57562008 	 1.57819525 	 1.57674201 
1.57892546 	 1.57562008 	 1.57819525 	 1.57674201 
1.57930409 	 1.57522244 	 1.57993226 	 1.57743379 
1.57712858 	 1.57339451 	 1.58122793 	 1.57762400 
1.57955761 	 1.57434442 	 1.58243153 	 1.57974290 
1.58211308 	 1.57437779 	 1.58061018 	 1.57844078 
1.58211308 	 1.57437779 	 1.58061018 	 1.57844078 
1.58117739 	 1.57423429 	 1.58147275 	 1.57833057 
1.57826698 	 1.57472855 	 1.57902902 	 1.57742605 
1.58129530 	 1.57462431 	 1.57975247 	 1.58014865 
1.58183981 	 1.57659716 	 1.57689417 	 1.57899401 
1.58154388 	 1.57609940 	 1.57824887 	 1.58046498 
1.58100730 	 1.57992689 	 1.57872031 	 1.57960728 
1.58082666 	 1.57896539 	 1.57916955 	 1.57928980 
1.58029702 	 1.57899187 	 1.57718317 	 1.58004618 
1.57998569 	 1.57713536 	 1.57674782 	 1.58033135 
1.57897852 	 1.57674916 	 1.57658543 	 1.58012168 
1.58069680 	 1.57645626 	 1.57664220 	 1.57863124 
1.58069680 	 1.57645626 	 1.57664220 	 1.57863124 
1.58095365 	 1.57744423 	 1.57665949 	 1.57830630 
1.58313069 	 1.57670497 	 1.57451112 	 1.57744484 
1.58231563 	 1.57845395 	 1.57344634 	 1.57766564 
1.57888879 	 1.57822088 	 1.57351273 	 1.57739974 
1.57723236 	 1.57739284 	 1.57499339 	 1.57687535 
1.57668296 	 1.57563045 	 1.57653892 	 1.57822961 
1.57638239 	 1.57471159 	 1.57446032 	 1.57751544 
1.57789164 	 1.57498703 	 1.57328598 	 1.57733947 
1.57825448 	 1.57474858 	 1.57295562 	 1.57815040 
1.57849829 	 1.57506120 	 1.57426864 	 1.57766926 
1.57708624 	 1.57223589 	 1.57494606 	 1.57832185 
1.57708624 	 1.57223589 	 1.57494606 	 1.57832185 
1.57873660 	 1.57520225 	 1.57298886 	 1.57863441 
1.57858230 	 1.57395573 	 1.57292536 	 1.57962260 
1.57828534 	 1.57294002 	 1.57445714 	 1.58027887 
1.57764378 	 1.57231578 	 1.57706011 	 1.58235318 
1.57756279 	 1.57417562 	 1.57655360 	 1.58010148 
1.57927366 	 1.57574287 	 1.57587859 	 1.57923309 
1.57927366 	 1.57574287 	 1.57587859 	 1.57923309 
1.57927366 	 1.57574287 	 1.57587859 	 1.57923309 
1.57927366 	 1.57574287 	 1.57587859 	 1.57923309 
1.57840082 	 1.57721370 	 1.57495243 	 1.57869882 
1.57949222 	 1.57835577 	 1.57540386 	 1.57943875 
1.57719699 	 1.57813851 	 1.57608011 	 1.57932509 
1.57789018 	 1.57662836 	 1.57791493 	 1.57814325 
1.57789018 	 1.57662836 	 1.57791493 	 1.57814325 
1.57727308 	 1.57816434 	 1.57887095 	 1.57670822 
1.57629600 	 1.57815709 	 1.57812120 	 1.57656811 
1.57371674 	 1.57811759 	 1.57861194 	 1.57560030 
1.57424911 	 1.57648280 	 1.57917351 	 1.57500577 
1.57386675 	 1.57346812 	 1.57753613 	 1.57511714 
1.57509162 	 1.57243852 	 1.57805732 	 1.57811509 
1.57552470 	 1.57409866 	 1.57662016 	 1.57793849 
1.57464806 	 1.57498424 	 1.57488348 	 1.57938858 
1.57611186 	 1.57583466 	 1.57479984 	 1.57894905 
1.57862773 	 1.57529006 	 1.57466067 	 1.58012245 
1.57982021 	 1.57513874 	 1.57386124 	 1.58085518 
1.57982021 	 1.57513874 	 1.57386124 	 1.58085518 
1.57931099 	 1.57603409 	 1.57350171 	 1.58259710 
1.58021345 	 1.57502713 	 1.57201362 	 1.58149832 
1.57883763 	 1.57614402 	 1.57432915 	 1.58026015 
1.57883763 	 1.57614402 	 1.57432915 	 1.58026015 
1.57883763 	 1.57614402 	 1.57432915 	 1.58026015 
1.57491144 	 1.57521412 	 1.57567575 	 1.57877496 
1.57698011 	 1.57502679 	 1.57618522 	 1.57587105 
1.57667495 	 1.57547287 	 1.57443694 	 1.57765130 
1.57465847 	 1.57614949 	 1.57412804 	 1.57522402 
1.57304101 	 1.57688783 	 1.57239413 	 1.57421149 
1.57626374 	 1.57557574 	 1.57538115 	 1.57288911 
1.57769509 	 1.57549888 	 1.57679575 	 1.57237299 
1.57894139 	 1.57739685 	 1.57320403 	 1.57114266 
1.57799968 	 1.57657256 	 1.57379192 	 1.57223859 
1.57911584 	 1.57698794 	 1.57287592 	 1.57292448 
1.57926857 	 1.57590530 	 1.57408547 	 1.57065252 
1.57928568 	 1.57380033 	 1.57403896 	 1.57066020 
1.57724590 	 1.57420129 	 1.57277180 	 1.56890849 
1.57756404 	 1.57418370 	 1.57437635 	 1.56787414 
1.58074386 	 1.57191804 	 1.57652170 	 1.56675392 
1.57847683 	 1.57153158 	 1.57458155 	 1.56814059 
1.57907116 	 1.57237209 	 1.57450833 	 1.56988325 
1.57889257 	 1.57541842 	 1.57253081 	 1.57185688 
1.57984192 	 1.57501148 	 1.57210653 	 1.57017065 
1.58069055 	 1.57541040 	 1.57609718 	 1.56965034 
1.57908751 	 1.57785427 	 1.57640244 	 1.56890160 
1.58042464 	 1.57787495 	 1.57301717 	 1.57098294 
1.58097708 	 1.57861581 	 1.57396973 	 1.57011118 
1.58064128 	 1.57900633 	 1.57581207 	 1.57217169 
1.58186589 	 1.57544016 	 1.57707890 	 1.57332621 
1.58288582 	 1.57684107 	 1.57549413 	 1.57387641 
1.58288582 	 1.57684107 	 1.57549413 	 1.57387641 
1.58277544 	 1.57673913 	 1.57668336 	 1.57356315 
1.58010799 	 1.57630430 	 1.57517510 	 1.57449909 
1.58195642 	 1.57832315 	 1.57526748 	 1.57323108 
1.58140717 	 1.57809443 	 1.57394044 	 1.57245093 
1.58009431 	 1.57933061 	 1.57595613 	 1.57409952 
1.58105829 	 1.57805829 	 1.57620022 	 1.57409644 
1.58121230 	 1.58040329 	 1.57779699 	 1.57484603 
1.58126769 	 1.57815661 	 1.57820920 	 1.57562994 
1.58126769 	 1.57815661 	 1.57820920 	 1.57562994 
1.58201282 	 1.57765055 	 1.57696345 	 1.57391825 
1.58277621 	 1.57374573 	 1.57785733 	 1.57199039 
1.58399431 	 1.57324424 	 1.57975968 	 1.57261328 
1.58248596 	 1.57370500 	 1.58053957 	 1.57521649 
1.58097958 	 1.57514823 	 1.58055548 	 1.57411261 
1.58059213 	 1.57464323 	 1.58211417 	 1.57385582 
1.57811116 	 1.57468846 	 1.58064360 	 1.57692780 
1.57691811 	 1.57601521 	 1.58177382 	 1.57593532 
1.57967719 	 1.57400722 	 1.58094540 	 1.57607929 
1.58056735 	 1.57500008 	 1.58240377 	 1.57669390 
1.57904304 	 1.57395105 	 1.57925519 	 1.57653988 
1.58006514 	 1.57511103 	 1.57794872 	 1.57643805 
1.58134306 	 1.57431453 	 1.57725443 	 1.57784792 
1.58102373 	 1.57456939 	 1.57913084 	 1.57913829 
1.58258143 	 1.57365726 	 1.58006293 	 1.57903262 
1.58143310 	 1.57497778 	 1.58056127 	 1.57826046 
1.58119738 	 1.57616442 	 1.58130011 	 1.57690206 
1.57932976 	 1.57604303 	 1.57963973 	 1.57844260 
1.57865347 	 1.57925514 	 1.57815816 	 1.58049905 
1.57666395 	 1.57727205 	 1.57770990 	 1.57930030 
1.57571797 	 1.58014168 	 1.58072173 	 1.57767038 
1.57536616 	 1.58119399 	 1.57946589 	 1.57597519 
1.57393757 	 1.58090467 	 1.58023435 	 1.57568828 
1.57339642 	 1.58105658 	 1.58267219 	 1.57691947 
1.57494825 	 1.58203331 	 1.58086377 	 1.57590985 
1.57553180 	 1.58174701 	 1.58065263 	 1.57658840 
1.57798268 	 1.58068507 	 1.58053939 	 1.57613111 
1.58019844 	 1.58068233 	 1.58102444 	 1.57650675 
1.57956141 	 1.57975590 	 1.58064969 	 1.57552093 
1.57767994 	 1.57851972 	 1.58178555 	 1.57295057 
1.57638512 	 1.57731073 	 1.57921516 	 1.57238789 
1.57542965 	 1.57419578 	 1.58097998 	 1.57300887 
1.57711401 	 1.57351448 	 1.58105327 	 1.57255651 
1.57468034 	 1.57503665 	 1.58100478 	 1.57366389 
1.57678734 	 1.57539065 	 1.58197479 	 1.57434248 
1.57452817 	 1.57528172 	 1.58209645 	 1.57246832 
1.57348012 	 1.57660619 	 1.58103496 	 1.57073213 
1.57425479 	 1.57678585 	 1.58015156 	 1.57133800 
1.57141846 	 1.57408674 	 1.57918626 	 1.57058099 
1.57153148 	 1.57529774 	 1.57848151 	 1.57163153 
1.57218279 	 1.57622928 	 1.57889023 	 1.57269893 
1.57218279 	 1.57622928 	 1.57889023 	 1.57269893 
1.57071080 	 1.57499617 	 1.57824052 	 1.57214659 
1.57225088 	 1.57806745 	 1.57806972 	 1.57128393 
1.57152491 	 1.57793376 	 1.57820771 	 1.57002919 
1.57279478 	 1.57773610 	 1.57760854 	 1.56943759 
1.57279478 	 1.57773610 	 1.57760854 	 1.56943759 
1.57216187 	 1.57748416 	 1.57800019 	 1.56896832 
1.57190153 	 1.57664452 	 1.57866073 	 1.56861201 
1.57191518 	 1.57743074 	 1.57884130 	 1.56883438 
1.57385201 	 1.57468616 	 1.57872822 	 1.57399665 
1.57529323 	 1.57579553 	 1.57844988 	 1.57375465 
1.57528368 	 1.57691911 	 1.57796069 	 1.57461382 
1.57514438 	 1.57608022 	 1.57744717 	 1.57325274 
1.57626253 	 1.57596229 	 1.57943259 	 1.57228218 
1.57619096 	 1.57655236 	 1.57629991 	 1.57225450 
1.57625353 	 1.57648050 	 1.57534350 	 1.57422210 
1.57671593 	 1.57633362 	 1.57197626 	 1.57509885 
1.57678618 	 1.57571973 	 1.57017740 	 1.57585537 
1.57344490 	 1.57614380 	 1.57141611 	 1.57608222 
1.57354233 	 1.57592253 	 1.57215651 	 1.57534332 
1.57651072 	 1.57822939 	 1.57265071 	 1.57705425 
1.57702802 	 1.57920284 	 1.57350098 	 1.57963970 
1.57466718 	 1.57931996 	 1.57521607 	 1.57926688 
1.57466718 	 1.57931996 	 1.57521607 	 1.57926688 
1.57531049 	 1.57975868 	 1.57332590 	 1.57979487 
1.57531049 	 1.57975868 	 1.57332590 	 1.57979487 
1.57678965 	 1.57963782 	 1.57450641 	 1.57812328 
1.57469460 	 1.57853684 	 1.57441065 	 1.57524669 
1.57472158 	 1.57976917 	 1.57476617 	 1.57436570 
1.57591612 	 1.57780763 	 1.57516752 	 1.57261565 
1.57439772 	 1.57773668 	 1.57406701 	 1.57239912 
1.57472344 	 1.57709212 	 1.57461296 	 1.57319419 
1.57528286 	 1.57492029 	 1.57454027 	 1.57287351 
1.57528286 	 1.57492029 	 1.57454027 	 1.57287351 
1.57324904 	 1.57296122 	 1.57455807 	 1.57353454 
1.57367308 	 1.57191159 	 1.57453971 	 1.57568523 
1.57403957 	 1.57089208 	 1.57376064 	 1.57364130 
1.57566933 	 1.57095399 	 1.57309342 	 1.57524948 
1.57633537 	 1.57014784 	 1.57283832 	 1.57689797 
1.57633537 	 1.57014784 	 1.57283832 	 1.57689797 
1.57633537 	 1.57014784 	 1.57283832 	 1.57689797 
1.57633537 	 1.57014784 	 1.57283832 	 1.57689797 
1.57544001 	 1.57027067 	 1.57312788 	 1.57730557 
1.57780219 	 1.56825985 	 1.57209648 	 1.57622972 
1.57567519 	 1.56826501 	 1.57237359 	 1.57739075 
1.57625393 	 1.57050009 	 1.57456283 	 1.57485954 
1.57540216 	 1.57160924 	 1.57596797 	 1.57535312 
1.57439062 	 1.57310112 	 1.57483043 	 1.57542737 
1.57534671 	 1.57195061 	 1.57196352 	 1.57547731 
1.57202777 	 1.57194678 	 1.57335474 	 1.57603013 
1.57177044 	 1.57234383 	 1.57482894 	 1.57524656 
1.57177044 	 1.57234383 	 1.57482894 	 1.57524656 
1.57014816 	 1.57160487 	 1.57481909 	 1.57655578 
1.57182412 	 1.57065298 	 1.57315779 	 1.57706460 
1.57136744 	 1.57040312 	 1.57498331 	 1.57785732 
1.57221614 	 1.57234819 	 1.57326192 	 1.57693389 
1.57185629 	 1.57108396 	 1.57190757 	 1.57465577 
1.57182438 	 1.57076752 	 1.57085972 	 1.57591677 
1.57182438 	 1.57076752 	 1.57085972 	 1.57591677 
1.57059972 	 1.56923076 	 1.57145531 	 1.57719804 
1.57432249 	 1.57146479 	 1.57337103 	 1.57608541 
1.57533113 	 1.57173412 	 1.57436906 	 1.57851711 
1.57243058 	 1.57178606 	 1.57482115 	 1.58001647 
1.57243058 	 1.57178606 	 1.57482115 	 1.58001647 
1.57344831 	 1.57323898 	 1.57159584 	 1.57974501 
1.57344831 	 1.57323898 	 1.57159584 	 1.57974501 
1.57162725 	 1.57558474 	 1.57383931 	 1.58113877 
1.57063003 	 1.57696552 	 1.57281982 	 1.58106971 
1.56960175 	 1.57612848 	 1.57370825 	 1.57784096 
1.57182389 	 1.57508163 	 1.57245498 	 1.57482307 
1.57182389 	 1.57508163 	 1.57245498 	 1.57482307 
1.57371701 	 1.57554272 	 1.57228745 	 1.57384057 
1.57521437 	 1.57657311 	 1.57191688 	 1.57515964 
1.57443817 	 1.57690487 	 1.57469317 	 1.57461326 
1.57650413 	 1.57637196 	 1.57480215 	 1.57402547 
1.57470308 	 1.57503774 	 1.57580381 	 1.57574145 
1.57214830 	 1.57563000 	 1.57584584 	 1.57676512 
1.57042485 	 1.57661353 	 1.57599074 	 1.57768073 
1.57296579 	 1.57584609 	 1.57615065 	 1.57678459 
1.57331559 	 1.57781998 	 1.57589678 	 1.57570571 
1.57460454 	 1.57650241 	 1.57777210 	 1.57487475 
1.57436212 	 1.57813969 	 1.57725515 	 1.57523773 
1.57436212 	 1.57813969 	 1.57725515 	 1.57523773 
1.57436212 	 1.57813969 	 1.57725515 	 1.57523773 
1.57550404 	 1.57789682 	 1.57993200 	 1.57635744 
1.57527389 	 1.57702638 	 1.58164348 	 1.57772957 
1.57480545 	 1.57682347 	 1.58225169 	 1.58041981 
1.57479545 	 1.57784496 	 1.57911420 	 1.57958072 
1.57596599 	 1.57553541 	 1.57936184 	 1.57754742 
1.57585659 	 1.57861039 	 1.58135671 	 1.57714645 
1.57670176 	 1.57967512 	 1.57971539 	 1.57725554 
1.57686451 	 1.58091515 	 1.57891828 	 1.57586137 
1.57712306 	 1.58025917 	 1.57818297 	 1.57535857 
1.57716407 	 1.57983393 	 1.57654639 	 1.57731842 
1.57305913 	 1.57841994 	 1.57707733 	 1.57583191 
1.57268564 	 1.57733387 	 1.57674873 	 1.57637532 
1.57357988 	 1.57853816 	 1.57460315 	 1.57921291 
1.57357988 	 1.57853816 	 1.57460315 	 1.57921291 
1.57374814 	 1.57811919 	 1.57796407 	 1.57806155 
1.57434293 	 1.57829328 	 1.57652118 	 1.57748484 
1.57357148 	 1.57660785 	 1.57684441 	 1.57713794 
1.57357148 	 1.57660785 	 1.57684441 	 1.57713794 
1.57246502 	 1.57494745 	 1.57717672 	 1.57815372 
1.57195867 	 1.57426125 	 1.57727250 	 1.57816149 
1.57035671 	 1.57355446 	 1.57763638 	 1.57981206 
1.57108844 	 1.57317946 	 1.57674828 	 1.57885473 
1.57040745 	 1.57628267 	 1.57599080 	 1.57521751 
1.57115638 	 1.57678212 	 1.57746670 	 1.57384896 
1.57157394 	 1.57903355 	 1.57720389 	 1.57415125 
1.57273222 	 1.57898062 	 1.57756543 	 1.57455368 
1.57119283 	 1.57945874 	 1.57775997 	 1.57313786 
1.57150582 	 1.58076100 	 1.57983484 	 1.57462280 
1.56946034 	 1.58198262 	 1.58087246 	 1.57344342 
1.57114066 	 1.58401685 	 1.58153260 	 1.57469200 
1.57114066 	 1.58401685 	 1.58153260 	 1.57469200 
1.57296129 	 1.58575829 	 1.57989923 	 1.57416547 
1.57195392 	 1.58520766 	 1.58005789 	 1.57661567 
1.57136011 	 1.58466370 	 1.57948643 	 1.57865275 
1.57224297 	 1.58529993 	 1.57943822 	 1.57998833 
1.57152713 	 1.58361792 	 1.57922420 	 1.57865937 
1.57185230 	 1.58117868 	 1.57879071 	 1.57879474 
1.57340469 	 1.58180943 	 1.57820147 	 1.58149937 
1.57583585 	 1.58054653 	 1.57749287 	 1.58350635 
1.57637012 	 1.58015100 	 1.58042717 	 1.58493333 
1.57565781 	 1.57622630 	 1.58252572 	 1.58327299 
1.57834774 	 1.57605882 	 1.58277260 	 1.58368643 
1.57621710 	 1.57700161 	 1.58258382 	 1.58453256 
1.57765141 	 1.57796738 	 1.58319666 	 1.58242315 
1.57662486 	 1.57658369 	 1.58192625 	 1.58220412 
1.57661733 	 1.57769686 	 1.58013294 	 1.58273516 
1.57491180 	 1.57766294 	 1.58141805 	 1.58499007 
1.57574784 	 1.57727097 	 1.58268338 	 1.58509329 
1.57637989 	 1.57520389 	 1.58271645 	 1.58724642 
1.57636428 	 1.57353094 	 1.58235216 	 1.58666476 
1.57771333 	 1.57490776 	 1.58012835 	 1.58298739 
1.57861811 	 1.57596882 	 1.58012023 	 1.58179031 
1.57828576 	 1.57584728 	 1.58047683 	 1.57921719 
1.57845936 	 1.57574993 	 1.57980854 	 1.58100625 
1.57824183 	 1.57587720 	 1.58114196 	 1.58056558 
1.57815397 	 1.57745129 	 1.58102414 	 1.58065187 
1.57638712 	 1.57628715 	 1.58051466 	 1.58152623 
1.57575708 	 1.57539642 	 1.57827736 	 1.58153963 
1.57451070 	 1.57596726 	 1.57661792 	 1.58293727 
1.57238883 	 1.57781968 	 1.57704112 	 1.57961279 
1.57478558 	 1.57828529 	 1.57665842 	 1.58206796 
1.57478558 	 1.57828529 	 1.57665842 	 1.58206796 
1.57514339 	 1.57714590 	 1.57665131 	 1.57946857 
1.57697750 	 1.57588260 	 1.57698832 	 1.57955851 
