3.10187
3.09827
3.0932
3.0932
3.0869
3.08727
3.09004
3.08965
3.09246
3.09111
3.09101
3.09237
3.09889
3.10157
3.10052
3.0957
3.10069
3.10239
3.10389
3.10389
3.10213
3.10213
3.09874
3.09421
3.09324
3.09324
3.09094
3.09167
3.0896
3.08732
3.08631
3.08482
3.08482
3.08517
3.08284
3.08542
3.0915
3.08993
3.09275
3.09525
3.0936
3.0936
3.09242
3.09441
3.09435
3.09567
3.096
3.096
3.09608
3.09445
3.09458
3.09675
3.09565
3.10022
3.10283
3.10572
3.10073
3.09651
3.09676
3.09975
3.09843
3.1056
3.10322
3.10567
3.09963
3.09901
3.09643
3.09414
3.0962
3.09625
3.09968
3.09968
3.10253
3.1031
3.09902
3.09951
3.10231
3.10644
3.10313
3.10718
3.10272
3.09613
3.0975
3.10213
3.10213
3.10287
3.09206
3.09101
3.0916
3.09229
3.09117
3.09006
3.08549
3.08776
3.08776
3.08585
3.08281
3.08454
3.08409
3.08337
3.08085
3.08085
3.08191
3.07704
3.07762
3.07517
3.08232
3.08388
3.08533
3.09083
3.09303
3.09175
3.09209
3.08811
3.08979
3.08925
3.08858
3.09347
3.09546
3.09546
3.09491
3.09516
3.09007
3.09047
3.09459
3.09103
3.08702
3.08852
3.08952
3.08245
3.08374
3.08529
3.07928
3.07928
3.08348
3.08777
3.0945
3.09878
3.10301
3.10453
3.10485
3.10485
3.10053
3.10493
3.09847
3.09762
3.09756
3.10033
3.10713
3.10561
3.11353
3.11053
3.11028
3.10887
3.10595
3.10708
3.10682
3.10732
3.10427
3.1042
3.10604
3.10205
3.09933
3.10114
3.0962
3.09389
3.09389
3.09566
3.09388
3.09685
3.10338
3.10581
3.11099
3.11345
3.11691
3.1184
3.11123
3.10783
3.10511
3.1086
3.11037
3.11063
3.111
3.11235
3.10948
3.11115
3.10824
3.11051
3.11024
3.11024
3.10559
3.10221
3.10221
3.09914
3.09577
3.09656
3.09477
3.09412
3.09022
3.09018
3.09575
3.09153
3.09116
3.09286
3.09261
3.09474
3.09824
3.09935
3.10139
3.10283
3.10071
3.09818
3.10183
3.09813
3.10141
3.0993
3.10202
3.10729
3.10823
3.09913
3.09913
3.10035
3.10022
3.09955
3.09955
3.10164
3.10094
3.09827
3.09464
3.09649
3.10067
3.10049
3.10081
3.09861
3.09832
3.09909
3.09453
3.09561
3.09293
3.09643
3.09618
3.09719
3.09584
3.09741
3.10116
3.10102
3.09806
3.09948
3.10029
3.09623
3.09554
3.09491
3.09637
3.1039
3.10514
3.10078
3.09479
3.09532
3.09076
3.0954
3.09672
3.098
3.09963
3.10086
3.10283
3.10607
3.10979
3.10744
3.10501
3.10162
3.10371
3.10274
3.10098
3.09726
3.09316
3.09158
3.0931
3.09315
3.09678
3.0918
3.0919
3.08873
3.09054
3.0881
3.08661
3.07965
3.08194
3.07845
3.07969
3.08649
3.08502
3.08872
3.08885
3.09026
3.08717
3.08518
3.08679
3.08458
3.08458
3.08466
3.08394
3.08344
3.08328
3.0808
3.08329
3.08021
3.08471
3.08044
3.08438
3.08703
3.09175
3.09175
3.08761
3.0862
3.08582
3.08701
3.08796
3.08226
3.08485
3.0869
3.08664
3.09188
3.08973
3.0875
3.08952
3.09317
3.0957
3.10044
3.10445
3.10445
3.10535
3.10518
3.10315
3.10208
3.09879
3.09955
3.10237
3.09773
3.09494
3.09485
3.09599
3.09546
3.09863
3.0975
3.0975
3.09845
3.09545
3.09714
3.0929
3.09332
3.09617
3.09335
3.09335
3.09078
3.08999
3.09532
3.09532
3.09805
3.10019
3.10019
3.10459
3.09833
3.09775
3.09657
3.09603
3.09865
3.09969
3.10158
3.10158
3.09881
3.10133
3.09849
3.10255
3.10074
3.09994
3.09914
3.09914
3.09675
3.09652
3.09652
3.10092
3.10196
3.09892
3.10064
3.09646
3.09646
3.09378
3.09365
3.09365
3.09571
3.09936
3.10224
3.09626
3.09285
3.09644
3.09634
3.09645
3.09532
3.09279
3.09171
3.09495
3.09584
3.09612
3.09104
3.08719
3.08587
3.08587
3.08958
3.08958
3.08958
3.08994
3.09371
3.09462
3.09019
3.08789
3.08743
3.08944
3.08799
3.08524
3.08051
3.07948
3.07948
3.08161
3.08134
3.07685
3.08109
3.08349
3.08747
3.09271
3.09108
3.09108
3.08562
3.08541
3.0881
3.09052
3.09134
3.08729
3.08744
3.08669
3.08669
3.08933
3.08933
3.08933
3.08572
3.08336
3.0904
3.0851
3.08574
3.08574
3.08594
3.08795
3.08595
3.0884
3.08054
3.07882
3.08444
3.0838
3.08039
3.08039
3.07786
3.07501
3.07523
3.07713
3.07835
3.0787
3.07654
3.0774
3.07587
3.07631
3.07786
3.07936
3.08079
3.07976
3.08025
3.08063
3.08523
3.09004
3.09066
3.09013
3.08956
3.08817
3.09116
3.09031
3.09343
3.09251
3.08713
3.08316
3.08018
3.07384
3.07205
3.07333
3.07502
3.07859
3.08262
3.08127
3.08148
3.08253
3.08604
3.08709
3.08932
3.08909
3.09085
3.0932
3.09295
3.08363
3.08287
3.08287
3.0821
3.08431
3.08431
3.08468
3.08811
3.08615
3.08651
3.08651
3.08561
3.08892
3.08508
3.08135
3.08038
3.08046
3.08621
3.0892
3.084
3.084
3.08608
3.0864
3.0864
3.0864
3.08555
3.08556
3.08582
3.08886
3.08951
3.08951
3.08944
3.09348
3.0925
3.09453
3.09453
3.09292
3.09659
3.09379
3.09774
3.10168
3.09874
3.10038
3.09584
3.09269
3.09509
3.09654
3.09387
3.09116
3.09235
3.09094
3.0947
3.09525
3.09279
3.09835
3.09835
3.09621
3.09485
3.09485
3.09603
3.0944
3.09583
3.09268
3.09044
3.09037
3.09037
3.09073
3.08866
3.09288
3.09226
3.09382
3.09427
3.08824
3.08775
3.08251
3.08848
3.08987
3.08999
3.0872
3.09082
3.08575
3.08575
3.0824
3.07906
3.07864
3.07945
3.07544
3.07447
3.07663
3.07577
3.07551
3.07675
3.07911
3.0767
3.08262
3.08334
3.08613
3.0846
3.0891
3.08976
3.08976
3.09099
3.09099
3.0884
3.09097
3.08986
3.09491
3.09722
3.10025
3.09532
3.09542
3.09477
3.08994
3.09008
3.09282
3.09272
3.09046
3.08656
3.08739
3.08925
3.08787
3.08407
3.08366
3.0842
3.08229
3.08252
3.07836
3.07897
3.07705
3.0758
3.073
3.073
3.07335
3.07335
3.07335
3.06904
3.06776
3.06932
3.07147
3.07048
3.07401
3.07323
3.07108
3.07198
3.07354
3.07813
3.07979
3.08061
3.0787
3.0787
3.08028
3.07639
3.08161
3.08442
3.08506
3.08649
3.09049
3.08664
3.08402
3.07667
3.08354
3.08234
3.08721
3.08898
3.08942
3.08817
3.08972
3.08532
3.07908
3.08352
3.0841
3.08348
3.08348
3.08223
3.07688
3.07688
3.0754
3.0732
3.07687
3.07698
3.07525
3.07948
3.08072
3.07718
3.08019
3.08144
3.08313
3.08256
3.08636
3.09244
3.08893
3.09015
3.08956
3.08703
3.0869
3.08776
3.08517
3.08915
3.0901
3.09196
3.09126
3.08755
3.08807
3.08997
3.09077
3.09077
3.08732
3.08575
3.08764
3.09004
3.09004
3.08609
3.08743
3.09091
3.094
3.09445
3.09445
3.09797
3.0996
3.10176
3.10378
3.10572
3.10464
3.10137
3.10339
3.10095
3.0979
3.09379
3.0951
3.09571
3.10125
3.10125
3.10052
3.09956
3.09497
3.09497
3.09497
3.09469
3.09767
3.09513
3.09753
3.09818
3.10068
3.09436
3.09022
3.09104
3.08838
3.08667
3.08436
3.08227
3.08685
3.08939
3.09143
3.09162
3.09073
3.10103
3.09762
3.09762
3.09595
3.09932
3.09808
3.09761
3.09648
3.09724
3.09719
3.09542
3.10257
3.09747
3.09841
3.09788
3.09869
3.09273
3.09215
3.09453
3.09494
3.09858
3.09948
3.10178
3.10178
3.10178
3.10138
3.10072
3.09574
3.09363
3.09567
3.09957
3.10041
3.09235
3.08766
3.08883
3.09207
3.09346
3.09514
3.09278
3.09292
3.09379
3.09569
3.09973
3.10223
3.10481
3.10481
3.09781
3.09749
3.09513
3.091
3.08856
3.09093
3.08768
3.08949
3.09342
3.09699
3.09545
3.09566
3.09489
3.09387
3.09048
3.08751
3.08733
3.08563
3.09034
3.0926
3.09676
3.09583
3.09937
3.09921
3.09376
3.09806
3.09686
3.09806
3.09909
3.09633
3.09471
3.09544
3.09539
3.09118
3.08981
3.08705
3.08515
3.08434
3.08107
3.08263
3.08304
3.08304
3.07952
3.08846
3.09042
3.08907
3.08799
3.08281
3.08229
3.07942
3.0799
3.0799
3.07637
3.07637
3.08304
3.08304
3.08487
3.08029
3.08452
3.08544
3.08876
3.08328
3.086
3.09086
3.09269
3.0877
3.09106
3.0937
3.09296
3.09296
3.09497
3.09675
3.09333
3.09467
3.09839
3.09985
3.09985
3.0999
3.1036
3.09925
3.10047
3.10126
3.09897
3.09816
3.09834
3.09735
3.10533
3.10533
3.10693
3.10359
3.10639
3.1076
3.1076
3.10732
3.10732
3.10913
3.10913
3.10913
3.1062
3.10654
3.10821
3.10821
3.10913
3.1049
3.10813
3.11594
3.11594
3.11046
3.11035
3.10292
3.10072
3.09895
3.09951
3.10141
3.10251
3.09745
3.09987
3.10134
3.10134
3.0973
3.09773
3.0953
3.09659
3.10344
3.0987
3.09913
3.09913
3.09913
3.10205
3.10949
3.10655
3.10655
3.10329
3.10135
3.10384
3.09909
3.0973
3.09906
3.10159
3.09845
3.09576
3.09576
3.09624
3.09624
3.09624
3.09224
3.09153
3.09319
3.09522
3.09432
3.0916
3.09618
3.09278
3.09278
3.09374
3.0921
3.09034
3.09233
3.09533
3.09662
3.09662
3.09385
3.09192
3.09373
3.09807
3.10109
3.09822
3.10409
3.10409
3.10981
3.10402
3.10402
3.10322
3.10352
3.09993
3.10351
3.10644
3.11056
3.11253
3.1107
3.10507
3.10469
3.10509
3.10375
3.10212
3.10512
3.10512
3.10387
3.10134
3.10382
3.10159
3.09903
3.10045
3.10673
3.105
3.10734
3.10822
3.10915
3.10624
3.10475
3.10498
3.10435
3.09911
3.10013
3.1041
3.10099
3.0959
3.09902
3.09545
3.09147
3.09232
3.09232
3.09436
3.09138
3.09139
3.09294
3.09142
3.09004
3.09004
3.09228
3.09682
3.09896
3.10117
3.09895
3.10292
3.10095
3.10236
3.1035
3.10187
3.09948
3.09952
3.09733
3.09989
3.1035
3.10005
3.10143
3.09994
3.09654
3.09615
3.09519
3.09701
3.10302
3.10511
3.10626
3.10626
3.10037
3.10276
3.09873
3.09761
3.09696
3.09664
3.10042
3.09701
3.09534
3.10219
3.10219
3.10114
3.09924
3.09924
3.09692
3.09757
3.09757
3.09858
3.09479
3.09876
3.09876
3.10105
3.10291
3.10398
3.10398
3.10042
3.10458
3.10303
3.10554
3.10397
3.10397
3.09917
3.09796
3.09716
3.09595
3.09155
3.0951
3.09786
3.10123
3.10258
3.10519
3.10367
3.1046
3.1046
3.10642
3.10687
3.1097
3.10669
3.10371
3.10353
3.10272
3.10079
3.10265
3.1053
3.10254
3.10276
3.09828
3.09672
3.09654
3.09762
3.09466
3.09466
3.09448
3.0913
3.09466
3.09627
3.09097
3.09281
3.0882
3.08854
3.08873
3.08653
3.08595
3.0816
3.08538
3.08588
3.0829
3.08336
3.08336
3.08336
3.08358
3.08104
3.08401
3.08593
3.08593
3.08886
3.09391
3.09897
3.09855
3.09642
3.09283
3.08789
3.09203
3.09027
3.09014
3.0875
3.08414
3.08455
3.08455
3.08661
3.08741
3.08797
3.08789
3.08789
3.0873
3.09097
3.09097
3.08813
3.08904
3.09236
3.09417
3.09428
3.0924
3.09584
3.09235
3.09283
3.09283
3.09144
3.08473
3.08571
3.08937
3.08552
3.08915
3.09289
3.09513
3.09508
3.09791
3.09671
3.09228
3.09744
3.1001
3.09851
3.10398
3.09981
3.09981
3.10024
3.10245
3.10221
3.10161
3.09942
3.1031
3.10084
3.09894
3.09894
3.10029
3.0972
3.09782
3.09385
3.09385
3.09274
3.09001
3.09557
3.09629
3.09194
3.09194
3.09049
3.08416
3.08915
3.09173
3.09186
3.09249
3.09517
3.09788
3.09623
3.09623
3.09895
3.09579
3.10332
3.10225
3.10225
3.09989
3.09356
3.10062
3.09968
3.10053
3.10459
3.10236
3.09979
3.09724
3.09641
3.09636
3.09636
3.09644
3.09686
3.09732
3.09494
3.09268
3.09324
3.09027
3.09026
3.09115
3.09348
3.09109
3.09109
3.09489
3.09271
3.09436
3.09639
3.09657
3.0976
3.0976
3.0976
3.0976
3.09664
3.10181
3.09977
3.09834
3.09834
3.09911
3.09638
3.09216
3.09296
3.08635
3.09014
3.08859
3.08854
3.08822
3.09082
3.09168
3.09168
3.09388
3.09327
3.0935
3.0935
3.0935
3.08768
3.08803
3.0885
3.08471
3.0818
3.08587
3.08918
3.08644
3.08638
3.08949
3.08879
3.08587
3.08276
3.08408
3.08501
3.08087
3.0838
3.08754
3.08724
3.09089
3.0893
3.08836
3.09092
3.09378
3.0928
3.09423
3.09423
3.09518
3.09169
3.09488
3.09249
3.09931
3.09991
3.10317
3.10236
3.10236
3.09926
3.09356
3.09733
3.10044
3.10043
3.1012
3.10013
3.10046
3.09935
3.1044
3.09742
3.09636
3.09706
3.1007
3.10249
3.10292
3.10286
3.10032
3.10446
3.09789
3.10207
3.09956
3.09987
3.10183
3.10323
3.10362
3.10405
3.10775
3.10277
3.09914
3.09443
3.09162
3.09058
3.08947
3.09333
3.09266
3.08984
3.08981
3.08138
3.08392
3.0868
3.0868
3.08328
3.08803
3.08422
3.0825
3.0825
3.0805
3.08111
3.08254
3.08609
3.08997
3.09039
3.08949
3.09106
3.08771
3.08875
3.0867
3.08425
3.08358
3.08342
3.08998
3.09585
3.09437
3.09437
3.0942
3.0942
3.09496
3.08927
3.09041
3.08832
3.08626
3.08498
3.08385
3.08385
3.08041
3.08326
3.07877
3.08044
3.08279
3.08279
3.08279
3.08279
3.08304
3.08209
3.08181
3.08287
3.08468
3.08469
3.0827
3.0798
3.08088
3.08088
3.08093
3.081
3.0825
3.08305
3.07733
3.07684
3.07684
3.07544
3.08241
3.08678
3.08385
3.08385
3.08209
3.08209
3.08767
3.08805
3.08244
3.07993
3.07993
3.08344
3.08661
3.08832
3.08959
3.08896
3.08593
3.08612
3.08864
3.08909
3.09138
3.09096
3.09096
3.09096
3.09322
3.09619
3.09917
3.09689
3.09363
3.09753
3.09842
3.09664
3.09451
3.0942
3.08786
3.08738
3.09048
3.09048
3.09264
3.09252
3.08946
3.08946
3.08768
3.08713
3.08668
3.08646
3.08572
3.08557
3.08923
3.09011
3.09001
3.09671
3.09574
3.10114
3.10114
3.10105
3.10227
3.10264
3.10601
3.10014
3.0988
3.10296
3.1024
3.10536
3.10166
3.10299
3.10285
3.10428
3.09936
3.09955
3.09921
3.10268
3.10459
3.10037
3.09455
3.09714
3.09618
3.09799
3.10078
3.10308
3.10205
3.098
3.09848
3.09486
3.09947
3.09947
3.09645
3.09708
