3.09622154 	 3.10775637 	 3.09955282 	 3.10393390 
3.09986931 	 3.09718213 	 3.09158613 	 3.10445875 
3.09811667 	 3.08716298 	 3.08094872 	 3.10656248 
3.09811667 	 3.08716298 	 3.08094872 	 3.10656248 
3.08791539 	 3.08530470 	 3.07204529 	 3.10232417 
3.08304076 	 3.08569334 	 3.07416960 	 3.10618181 
3.08002501 	 3.09030598 	 3.07630425 	 3.11350600 
3.07627808 	 3.09590929 	 3.07860509 	 3.10781335 
3.07612520 	 3.10490455 	 3.07938691 	 3.10941191 
3.07885053 	 3.10387035 	 3.07457387 	 3.10713844 
3.07539376 	 3.10867999 	 3.07348882 	 3.10646703 
3.08020197 	 3.09933534 	 3.07677010 	 3.11316154 
3.08945823 	 3.09945723 	 3.08874939 	 3.11788165 
3.09186201 	 3.09572113 	 3.09817351 	 3.12050746 
3.09015942 	 3.08763399 	 3.09960166 	 3.12470161 
3.09635924 	 3.08361868 	 3.09304434 	 3.10978264 
3.09806896 	 3.08368749 	 3.10145311 	 3.11953566 
3.10283582 	 3.08299790 	 3.10673405 	 3.11700256 
3.09632654 	 3.09118476 	 3.11510591 	 3.11293914 
3.09632654 	 3.09118476 	 3.11510591 	 3.11293914 
3.09052342 	 3.08771671 	 3.11725620 	 3.11302964 
3.09052342 	 3.08771671 	 3.11725620 	 3.11302964 
3.09075858 	 3.07009539 	 3.12505741 	 3.10905036 
3.09869450 	 3.06338404 	 3.12083442 	 3.09392618 
3.09957488 	 3.06509615 	 3.11185596 	 3.09644399 
3.09957488 	 3.06509615 	 3.11185596 	 3.09644399 
3.09246905 	 3.06026068 	 3.11309116 	 3.09794394 
3.09433682 	 3.05731535 	 3.11091959 	 3.10410856 
3.09156492 	 3.06267470 	 3.09819909 	 3.10597471 
3.09210331 	 3.06060311 	 3.09584956 	 3.10070526 
3.09523871 	 3.06571975 	 3.09380619 	 3.09047289 
3.08953583 	 3.07290224 	 3.09140274 	 3.08543942 
3.08953583 	 3.07290224 	 3.09140274 	 3.08543942 
3.08366295 	 3.07154652 	 3.09746686 	 3.08801670 
3.07784773 	 3.06936308 	 3.09756983 	 3.08659058 
3.08137038 	 3.08427207 	 3.08918258 	 3.08683617 
3.09438765 	 3.08759123 	 3.09931539 	 3.08470576 
3.09875203 	 3.08524208 	 3.09053761 	 3.08519749 
3.09316133 	 3.08743673 	 3.09886424 	 3.09154220 
3.10050270 	 3.08543390 	 3.09656164 	 3.09850262 
3.09765144 	 3.08623670 	 3.09375692 	 3.09673982 
3.09765144 	 3.08623670 	 3.09375692 	 3.09673982 
3.09735172 	 3.08629750 	 3.09124855 	 3.09476445 
3.09860313 	 3.08768572 	 3.10132893 	 3.09002087 
3.10193527 	 3.08957475 	 3.09739547 	 3.08848152 
3.09721265 	 3.09475199 	 3.09996195 	 3.09074805 
3.09831874 	 3.09347728 	 3.09884382 	 3.09334449 
3.09831874 	 3.09347728 	 3.09884382 	 3.09334449 
3.10545294 	 3.09015336 	 3.09538545 	 3.09330955 
3.10015240 	 3.09658258 	 3.08553487 	 3.09552703 
3.09514903 	 3.09877820 	 3.08661667 	 3.09776094 
3.09889033 	 3.09583734 	 3.08783643 	 3.10443058 
3.10112764 	 3.09149939 	 3.08923371 	 3.10073332 
3.10302665 	 3.10133407 	 3.09198669 	 3.10452375 
3.11653244 	 3.09888723 	 3.09636761 	 3.09952944 
3.11545161 	 3.10433350 	 3.10040305 	 3.10267637 
3.10907567 	 3.09784204 	 3.09502404 	 3.10098380 
3.10343727 	 3.08685365 	 3.09036291 	 3.10538885 
3.10737594 	 3.09010990 	 3.08649625 	 3.10306688 
3.10599994 	 3.09501943 	 3.08802870 	 3.10995990 
3.09486937 	 3.11428359 	 3.08613472 	 3.09843903 
3.10368159 	 3.11742842 	 3.08886646 	 3.11241948 
3.09887141 	 3.10832776 	 3.08822406 	 3.11744084 
3.09669820 	 3.10582187 	 3.09679346 	 3.12335222 
3.08936590 	 3.10224292 	 3.09667365 	 3.11023918 
3.09513650 	 3.10413632 	 3.09402197 	 3.10273321 
3.08884529 	 3.10487086 	 3.09244743 	 3.09955664 
3.08795472 	 3.09715684 	 3.09888077 	 3.09255723 
3.09619084 	 3.09587953 	 3.10064285 	 3.09207316 
3.09076393 	 3.09566443 	 3.09769546 	 3.10086756 
3.09141576 	 3.10011702 	 3.09875294 	 3.10842965 
3.09141576 	 3.10011702 	 3.09875294 	 3.10842965 
3.09724912 	 3.09573956 	 3.10194850 	 3.11520026 
3.09539351 	 3.08787069 	 3.10824277 	 3.12090134 
3.09776167 	 3.08354004 	 3.10217613 	 3.11261643 
3.09346250 	 3.08802198 	 3.09940313 	 3.11715829 
3.10375888 	 3.08824189 	 3.10497771 	 3.11225748 
3.10194907 	 3.09270887 	 3.11486113 	 3.11622722 
3.09885878 	 3.09052435 	 3.11673171 	 3.10640938 
3.10987094 	 3.09012255 	 3.12135253 	 3.10735472 
3.10342057 	 3.09071092 	 3.10166227 	 3.11507041 
3.09292842 	 3.09455711 	 3.09437642 	 3.10265547 
3.09291921 	 3.09465141 	 3.09708792 	 3.10533795 
3.10106744 	 3.10070128 	 3.10554950 	 3.10121053 
3.10106744 	 3.10070128 	 3.10554950 	 3.10121053 
3.09805896 	 3.09690194 	 3.10949009 	 3.10702585 
3.08996573 	 3.08175089 	 3.10421155 	 3.09230423 
3.08561743 	 3.07940300 	 3.10211668 	 3.09691052 
3.08432861 	 3.08022678 	 3.09797471 	 3.10387624 
3.08359107 	 3.08112194 	 3.09890794 	 3.10553118 
3.07925822 	 3.07281211 	 3.10392805 	 3.10868284 
3.07618430 	 3.08214257 	 3.10203047 	 3.09986357 
3.06830009 	 3.08797753 	 3.09332158 	 3.09237131 
3.06055761 	 3.08666373 	 3.10572584 	 3.09807821 
3.06055761 	 3.08666373 	 3.10572584 	 3.09807821 
3.06071562 	 3.08245555 	 3.09756438 	 3.10267586 
3.05805407 	 3.08040002 	 3.10140266 	 3.09138783 
3.06551253 	 3.08243455 	 3.11237731 	 3.07784208 
3.07048697 	 3.08475425 	 3.10462557 	 3.07648902 
3.07318108 	 3.08934341 	 3.09812168 	 3.07281668 
3.07267160 	 3.08493294 	 3.08493217 	 3.08087229 
3.07267160 	 3.08493294 	 3.08493217 	 3.08087229 
3.07927892 	 3.08753817 	 3.08169272 	 3.07911678 
3.07338480 	 3.08143166 	 3.07211537 	 3.08123459 
3.07420449 	 3.07898501 	 3.07360623 	 3.08368660 
3.08033686 	 3.07420267 	 3.06424287 	 3.08187964 
3.08216869 	 3.07947842 	 3.07433142 	 3.09328427 
3.08358489 	 3.07399170 	 3.07689401 	 3.10105854 
3.08509622 	 3.07604644 	 3.07931633 	 3.10084155 
3.09024118 	 3.07624058 	 3.08556841 	 3.11128108 
3.09783502 	 3.07918872 	 3.08893482 	 3.10615382 
3.09372684 	 3.08412484 	 3.08350314 	 3.10563524 
3.08483081 	 3.09037279 	 3.08704509 	 3.10612601 
3.07653413 	 3.08681573 	 3.08528356 	 3.10382451 
3.08743444 	 3.08705237 	 3.08589253 	 3.09876130 
3.08476450 	 3.08755023 	 3.08463188 	 3.10006698 
3.08195499 	 3.08761593 	 3.09283152 	 3.09191431 
3.09783722 	 3.08919121 	 3.08959364 	 3.09726044 
3.10129886 	 3.09599932 	 3.09006771 	 3.09448449 
3.10129886 	 3.09599932 	 3.09006771 	 3.09448449 
3.09255140 	 3.09737325 	 3.09336177 	 3.09636000 
3.09502532 	 3.10241991 	 3.09061025 	 3.09257513 
3.09738742 	 3.09727858 	 3.08024213 	 3.08538583 
3.09468722 	 3.09841929 	 3.07967277 	 3.08910868 
3.10102449 	 3.09878467 	 3.07970429 	 3.09885109 
3.09723472 	 3.10455779 	 3.07446918 	 3.08786490 
3.08522954 	 3.10679577 	 3.07159584 	 3.08446509 
3.08730246 	 3.10313987 	 3.08249505 	 3.08113559 
3.09397721 	 3.09273213 	 3.08271659 	 3.08865425 
3.09144337 	 3.08446951 	 3.07622625 	 3.07765580 
3.09330578 	 3.09180094 	 3.07963962 	 3.07020924 
3.09437176 	 3.09383710 	 3.07304297 	 3.07991182 
3.08233097 	 3.09206297 	 3.06325238 	 3.07947588 
3.08233097 	 3.09206297 	 3.06325238 	 3.07947588 
3.08597638 	 3.08599905 	 3.07063822 	 3.09129430 
3.09278667 	 3.08558158 	 3.08349014 	 3.08920734 
3.09901531 	 3.08810083 	 3.09588047 	 3.09500836 
3.10750861 	 3.09736503 	 3.09147879 	 3.09877264 
3.11447023 	 3.08868024 	 3.09999762 	 3.10890794 
3.10375508 	 3.09776853 	 3.10659189 	 3.11002337 
3.11011310 	 3.09504959 	 3.10952813 	 3.10472552 
3.11011310 	 3.09504959 	 3.10952813 	 3.10472552 
3.11481401 	 3.08567005 	 3.10704352 	 3.09458192 
3.11220284 	 3.09569800 	 3.11199001 	 3.09982013 
3.11041941 	 3.09254289 	 3.10268407 	 3.08824627 
3.10473905 	 3.09628710 	 3.10001622 	 3.08943983 
3.10523768 	 3.09544032 	 3.09888202 	 3.09068565 
3.09747635 	 3.10177300 	 3.10621283 	 3.09584701 
3.11348749 	 3.10341065 	 3.11356085 	 3.09807609 
3.10820020 	 3.10371566 	 3.11199035 	 3.09851833 
3.11323333 	 3.10898199 	 3.12102353 	 3.11089535 
3.10470148 	 3.10873540 	 3.12915143 	 3.09953768 
3.10109468 	 3.11247772 	 3.12888214 	 3.09867844 
3.09881036 	 3.11494146 	 3.12532641 	 3.09639228 
3.09466776 	 3.11587512 	 3.11986252 	 3.09337925 
3.09310641 	 3.11579558 	 3.11941810 	 3.10001735 
3.09402770 	 3.11103692 	 3.12390271 	 3.09831021 
3.09394713 	 3.10887463 	 3.12429518 	 3.10217260 
3.10025986 	 3.10128358 	 3.11605182 	 3.09946654 
3.09692524 	 3.10048011 	 3.11433286 	 3.10505940 
3.10206406 	 3.10261818 	 3.11428360 	 3.10520686 
3.09803640 	 3.10433923 	 3.10250178 	 3.10331966 
3.10222215 	 3.10599616 	 3.09975828 	 3.08933896 
3.10482562 	 3.10800418 	 3.10413558 	 3.08759802 
3.09788236 	 3.09885660 	 3.09933359 	 3.08872927 
3.10060746 	 3.09932710 	 3.09290343 	 3.08272892 
3.10060746 	 3.09932710 	 3.09290343 	 3.08272892 
3.10662139 	 3.09351027 	 3.09325141 	 3.08926852 
3.10502628 	 3.09488068 	 3.09436231 	 3.08123575 
3.10103319 	 3.09193947 	 3.09529065 	 3.09912800 
3.11501106 	 3.10171463 	 3.09314245 	 3.10364640 
3.11768928 	 3.09570513 	 3.10068662 	 3.10914372 
3.12442764 	 3.10195648 	 3.10774726 	 3.10981853 
3.11924640 	 3.09579348 	 3.11993244 	 3.11881675 
3.11141286 	 3.10727261 	 3.12760765 	 3.12134128 
3.12029952 	 3.10894765 	 3.13149174 	 3.11286340 
3.11124039 	 3.10785177 	 3.11735693 	 3.10848836 
3.11040896 	 3.10420230 	 3.11357122 	 3.10313957 
3.10226065 	 3.10173976 	 3.11244234 	 3.10398755 
3.10931143 	 3.10656484 	 3.12025279 	 3.09828959 
3.11233872 	 3.11023271 	 3.11865042 	 3.10025425 
3.11240445 	 3.10525417 	 3.11987256 	 3.10498790 
3.11252064 	 3.10516742 	 3.11874275 	 3.10757708 
3.11361077 	 3.10246455 	 3.12913890 	 3.10418602 
3.11765579 	 3.10235299 	 3.11248084 	 3.10542607 
3.12189134 	 3.09710452 	 3.11352345 	 3.11209588 
3.11821874 	 3.09894379 	 3.11182497 	 3.10396162 
3.11718696 	 3.10982671 	 3.11553972 	 3.09948649 
3.10985176 	 3.10940283 	 3.12013490 	 3.10155936 
3.10985176 	 3.10940283 	 3.12013490 	 3.10155936 
3.10928104 	 3.10292283 	 3.11466047 	 3.09547587 
3.09929538 	 3.09237313 	 3.11692264 	 3.10022941 
3.09929538 	 3.09237313 	 3.11692264 	 3.10022941 
3.10265840 	 3.08907594 	 3.11125268 	 3.09358139 
3.10588049 	 3.08754643 	 3.10127680 	 3.08839236 
3.10035351 	 3.08719935 	 3.10343131 	 3.09527155 
3.10361276 	 3.08116737 	 3.09290303 	 3.10141025 
3.09748570 	 3.08084930 	 3.08976563 	 3.10838531 
3.08532695 	 3.08366962 	 3.08385019 	 3.10803077 
3.08791595 	 3.08487433 	 3.07731481 	 3.11062615 
3.10046719 	 3.09135361 	 3.08452492 	 3.10665693 
3.09944675 	 3.08958721 	 3.08338353 	 3.09372135 
3.10275524 	 3.09017003 	 3.08523626 	 3.08646849 
3.09635887 	 3.09344144 	 3.08792427 	 3.09371238 
3.09459612 	 3.09934150 	 3.08535206 	 3.09115280 
3.08996476 	 3.11545718 	 3.07559291 	 3.09792568 
3.09658096 	 3.12392974 	 3.07423097 	 3.09820216 
3.09960334 	 3.11904666 	 3.08184122 	 3.09692107 
3.10087735 	 3.11351169 	 3.08937236 	 3.10181162 
3.10215658 	 3.11569631 	 3.08579184 	 3.10768171 
3.11064372 	 3.10703420 	 3.08190317 	 3.10325170 
3.10413534 	 3.10055525 	 3.08303938 	 3.10500353 
3.11190219 	 3.10242734 	 3.08804290 	 3.10495992 
3.09700942 	 3.10187698 	 3.09455768 	 3.09908555 
3.09834071 	 3.10490898 	 3.10765235 	 3.09475729 
3.09652086 	 3.10025945 	 3.10723573 	 3.09316566 
3.10201348 	 3.10522237 	 3.10689185 	 3.09395047 
3.10673441 	 3.12441433 	 3.10697576 	 3.09101943 
3.10026532 	 3.12468323 	 3.11881902 	 3.08913573 
3.08899960 	 3.10569247 	 3.11155319 	 3.09026002 
3.08899960 	 3.10569247 	 3.11155319 	 3.09026002 
3.08918787 	 3.11113235 	 3.10267416 	 3.09842493 
3.09132982 	 3.11322638 	 3.10223639 	 3.09408320 
3.09203803 	 3.10741615 	 3.09466484 	 3.10407038 
3.09203803 	 3.10741615 	 3.09466484 	 3.10407038 
3.09704857 	 3.11133218 	 3.10414950 	 3.09403557 
3.10350646 	 3.10679029 	 3.10184110 	 3.09163793 
3.09601129 	 3.11281010 	 3.09819764 	 3.08605658 
3.08631088 	 3.10613530 	 3.10179558 	 3.08430900 
3.09333844 	 3.10592120 	 3.10283040 	 3.08388082 
3.09516295 	 3.10492474 	 3.11539684 	 3.08718284 
3.09924333 	 3.10652760 	 3.10836482 	 3.08783241 
3.09653743 	 3.11081505 	 3.10612317 	 3.08977110 
3.10274847 	 3.10577289 	 3.10435786 	 3.08155045 
3.09789959 	 3.10586730 	 3.10344545 	 3.08605214 
3.10280549 	 3.11130309 	 3.09484990 	 3.08738596 
3.09388649 	 3.09844479 	 3.09677544 	 3.08901861 
3.08869251 	 3.10122205 	 3.10180638 	 3.09073286 
3.07615589 	 3.10188394 	 3.10799571 	 3.08568095 
3.08952216 	 3.10959186 	 3.10265482 	 3.08396725 
3.08761223 	 3.10894874 	 3.09679947 	 3.09137122 
3.09405388 	 3.10956270 	 3.09460721 	 3.09052515 
3.08877331 	 3.09600564 	 3.10084978 	 3.09773126 
3.09672451 	 3.09327940 	 3.10095190 	 3.09869808 
3.09809095 	 3.09826325 	 3.11289365 	 3.09538926 
3.10470835 	 3.11047868 	 3.10865775 	 3.08025496 
3.10546950 	 3.10493443 	 3.11086887 	 3.07097865 
3.11183797 	 3.10246741 	 3.10820828 	 3.07539419 
3.11201493 	 3.10875354 	 3.10045924 	 3.07992656 
3.10702300 	 3.09983212 	 3.10186774 	 3.07620669 
3.09975789 	 3.09724702 	 3.10113165 	 3.08400704 
3.09468090 	 3.09228961 	 3.10139062 	 3.09129469 
3.08719530 	 3.10303773 	 3.08941587 	 3.10581618 
3.09868355 	 3.10973335 	 3.10546426 	 3.10170865 
3.09596324 	 3.11781279 	 3.11263045 	 3.09414589 
3.09142192 	 3.11807671 	 3.11132173 	 3.08228731 
3.08641029 	 3.10851335 	 3.10463571 	 3.07959643 
3.08999933 	 3.11035824 	 3.10366336 	 3.07726886 
3.08972389 	 3.09978482 	 3.09395715 	 3.07955592 
3.09380751 	 3.09916346 	 3.10002784 	 3.08858911 
3.09464070 	 3.10432094 	 3.09351111 	 3.09439519 
3.09560527 	 3.11086412 	 3.09785290 	 3.08767930 
3.09670492 	 3.11056596 	 3.09755053 	 3.09367870 
3.09823338 	 3.10686933 	 3.10192575 	 3.09639202 
3.09565250 	 3.11293453 	 3.10346290 	 3.09925440 
3.09463769 	 3.11277954 	 3.10828452 	 3.10856915 
3.10373192 	 3.11346283 	 3.10606608 	 3.11588971 
3.11122806 	 3.11232953 	 3.09783955 	 3.10835175 
3.09730280 	 3.10868931 	 3.10810985 	 3.10592185 
3.08947949 	 3.09833608 	 3.11108563 	 3.10757650 
3.08835065 	 3.10212541 	 3.11628799 	 3.10808076 
3.08967694 	 3.10324226 	 3.10689833 	 3.11115741 
3.08606248 	 3.10345730 	 3.10242503 	 3.11198420 
3.07206003 	 3.09852410 	 3.10380916 	 3.11466535 
3.06458481 	 3.09352679 	 3.09796882 	 3.11655747 
3.06987928 	 3.08351538 	 3.09545712 	 3.11748350 
3.08275802 	 3.08079380 	 3.09008303 	 3.11878423 
3.08637934 	 3.07823655 	 3.10265841 	 3.10531393 
3.09129956 	 3.08939603 	 3.10430705 	 3.10209751 
3.08314826 	 3.09009438 	 3.09854255 	 3.09539760 
3.09185246 	 3.08619043 	 3.09999153 	 3.08957328 
3.08547272 	 3.08616211 	 3.09494010 	 3.08832829 
3.07857574 	 3.09059119 	 3.09586588 	 3.09713775 
3.08541724 	 3.09326472 	 3.08762079 	 3.08611491 
3.09350747 	 3.09200608 	 3.08433625 	 3.07658053 
3.08581848 	 3.07409858 	 3.08423587 	 3.07443150 
3.08070469 	 3.08712768 	 3.08690761 	 3.07303572 
3.07844234 	 3.07579428 	 3.08670656 	 3.07285088 
3.07511095 	 3.07517865 	 3.09137821 	 3.07709951 
3.08409063 	 3.08407649 	 3.09927052 	 3.07853099 
3.07736242 	 3.08253974 	 3.09438605 	 3.08581124 
3.08397778 	 3.08336370 	 3.10476030 	 3.08278046 
3.08751591 	 3.08539209 	 3.10462756 	 3.07784853 
3.09183787 	 3.08972027 	 3.10670656 	 3.07277659 
3.09339540 	 3.09214289 	 3.10191102 	 3.06123027 
3.09912664 	 3.09048703 	 3.09578210 	 3.05533401 
3.09809799 	 3.08491996 	 3.09162681 	 3.07252845 
3.09233636 	 3.08190663 	 3.09418791 	 3.06988524 
3.09233636 	 3.08190663 	 3.09418791 	 3.06988524 
3.08560694 	 3.08762914 	 3.09074113 	 3.07464670 
3.08594420 	 3.07436379 	 3.09474239 	 3.08071018 
3.08331155 	 3.08049026 	 3.08992076 	 3.08002737 
3.08158524 	 3.07777769 	 3.09367191 	 3.08007437 
3.07380575 	 3.08193523 	 3.08392509 	 3.08353966 
3.08190942 	 3.07605116 	 3.08245595 	 3.09272921 
3.08432431 	 3.06636877 	 3.08041358 	 3.08972837 
3.08544244 	 3.07461141 	 3.09140432 	 3.08739834 
3.07247116 	 3.07532422 	 3.09046219 	 3.08349557 
3.07604830 	 3.08269866 	 3.09004951 	 3.08871942 
3.07484664 	 3.08772028 	 3.09271237 	 3.09283237 
3.08588207 	 3.08903762 	 3.09288278 	 3.09921324 
3.08588207 	 3.08903762 	 3.09288278 	 3.09921324 
3.07511033 	 3.07958164 	 3.08764441 	 3.10811191 
3.07220183 	 3.08275060 	 3.08561738 	 3.10423607 
3.08094841 	 3.07978773 	 3.08981273 	 3.09274163 
3.08121483 	 3.08870778 	 3.08320513 	 3.09492768 
3.07562860 	 3.09120779 	 3.08450512 	 3.10048929 
3.07378834 	 3.08715572 	 3.07168619 	 3.09639279 
3.06881883 	 3.09095064 	 3.08254427 	 3.09709882 
3.07666887 	 3.09398724 	 3.08155557 	 3.09540097 
3.07294477 	 3.09593462 	 3.09054645 	 3.08715153 
3.08247982 	 3.09587067 	 3.08902249 	 3.10016401 
3.07700112 	 3.09493684 	 3.08716773 	 3.09980357 
3.07746490 	 3.09468766 	 3.07461081 	 3.10321971 
3.09176138 	 3.08201496 	 3.08371497 	 3.10060013 
3.10063134 	 3.08848758 	 3.08217597 	 3.10137249 
3.09486986 	 3.09791580 	 3.08188182 	 3.10814933 
3.10037949 	 3.10602212 	 3.08742858 	 3.10793305 
3.11059626 	 3.10735212 	 3.08890897 	 3.11092834 
3.11059626 	 3.10735212 	 3.08890897 	 3.11092834 
3.10716710 	 3.11785910 	 3.09171484 	 3.10467212 
3.11005695 	 3.11609755 	 3.08870934 	 3.10585196 
3.09967319 	 3.12009661 	 3.08350029 	 3.10933710 
3.09994021 	 3.10894208 	 3.08574352 	 3.11368563 
3.09984983 	 3.10891802 	 3.08287827 	 3.10352221 
3.10069619 	 3.10940968 	 3.09260462 	 3.09549670 
3.10604594 	 3.11405300 	 3.09097485 	 3.09839253 
3.09428429 	 3.11152919 	 3.08826443 	 3.09684629 
3.09867848 	 3.10961404 	 3.08435446 	 3.08711404 
3.09886388 	 3.10721381 	 3.08048319 	 3.09284870 
3.09379975 	 3.11187467 	 3.08038835 	 3.09789132 
3.08538057 	 3.10195558 	 3.09459902 	 3.09990509 
3.09172621 	 3.10375907 	 3.10211673 	 3.09693319 
3.08558956 	 3.10463023 	 3.09839947 	 3.10137578 
3.08558956 	 3.10463023 	 3.09839947 	 3.10137578 
3.09277732 	 3.10634817 	 3.08937759 	 3.10527727 
3.09563460 	 3.09167590 	 3.09641802 	 3.09806478 
3.09343769 	 3.09752803 	 3.09892459 	 3.09868754 
3.08737435 	 3.08815971 	 3.09582750 	 3.10023379 
3.08997190 	 3.09406092 	 3.09863510 	 3.09063027 
3.08895700 	 3.09791957 	 3.09909202 	 3.09869449 
3.08939276 	 3.09423475 	 3.09661945 	 3.09316099 
3.08939276 	 3.09423475 	 3.09661945 	 3.09316099 
3.08486407 	 3.09124535 	 3.09522133 	 3.09179165 
3.07917805 	 3.08986944 	 3.09970207 	 3.09122691 
3.09095179 	 3.09128556 	 3.10426803 	 3.09478743 
3.09095179 	 3.09128556 	 3.10426803 	 3.09478743 
3.08784485 	 3.09897044 	 3.10132907 	 3.10405953 
3.09471278 	 3.09710458 	 3.10904215 	 3.09990877 
3.09471278 	 3.09710458 	 3.10904215 	 3.09990877 
3.10321947 	 3.09690257 	 3.11620753 	 3.10201602 
3.09935391 	 3.08406878 	 3.10947583 	 3.10040970 
3.09622655 	 3.08721809 	 3.10617476 	 3.10136370 
3.08965514 	 3.09310182 	 3.10228661 	 3.10122327 
3.08401576 	 3.08917305 	 3.11031490 	 3.10063212 
3.07925106 	 3.09515952 	 3.10954955 	 3.11064769 
3.08261799 	 3.09284880 	 3.10554397 	 3.11775292 
3.08660197 	 3.09592719 	 3.10563608 	 3.11816925 
3.08660197 	 3.09592719 	 3.10563608 	 3.11816925 
3.07744651 	 3.09857499 	 3.10371124 	 3.11548752 
3.07021176 	 3.10686587 	 3.11315779 	 3.11507750 
3.06383970 	 3.10477817 	 3.11181333 	 3.11352013 
3.06666506 	 3.10909606 	 3.11795915 	 3.11648096 
3.06235094 	 3.11137859 	 3.11644426 	 3.11280069 
3.06060003 	 3.11284757 	 3.11419450 	 3.11211168 
3.06402303 	 3.11016153 	 3.11143479 	 3.11095137 
3.06402303 	 3.11016153 	 3.11143479 	 3.11095137 
3.06235562 	 3.09913877 	 3.11209182 	 3.11342588 
3.05968987 	 3.10082025 	 3.11639658 	 3.10916338 
3.05968987 	 3.10082025 	 3.11639658 	 3.10916338 
3.06644685 	 3.10652699 	 3.12486415 	 3.10583248 
3.07163652 	 3.11206501 	 3.12527335 	 3.09885711 
3.07696412 	 3.10644778 	 3.11785451 	 3.09439471 
3.08826477 	 3.10921671 	 3.11761797 	 3.08747313 
3.09292552 	 3.10402706 	 3.10653141 	 3.08234186 
3.09292552 	 3.10402706 	 3.10653141 	 3.08234186 
3.09460966 	 3.10875234 	 3.10034902 	 3.07139288 
3.09918037 	 3.09884306 	 3.09573876 	 3.08082173 
3.09918037 	 3.09884306 	 3.09573876 	 3.08082173 
3.09814223 	 3.09568046 	 3.10253278 	 3.08648200 
3.09977735 	 3.09367458 	 3.11698275 	 3.08701283 
3.10105260 	 3.10198504 	 3.11506883 	 3.09083776 
3.09345439 	 3.09444251 	 3.11283160 	 3.08431180 
3.08337721 	 3.09490747 	 3.10488440 	 3.08821748 
3.09316293 	 3.09295758 	 3.10484323 	 3.09478993 
3.09488813 	 3.09138123 	 3.10995419 	 3.08914945 
3.09623480 	 3.09106273 	 3.10427326 	 3.09424318 
3.09507584 	 3.08329352 	 3.10643416 	 3.09649114 
3.09661024 	 3.07324979 	 3.10840004 	 3.09288787 
3.09609795 	 3.06692567 	 3.10813828 	 3.09567696 
3.10572015 	 3.06083870 	 3.10691056 	 3.10633973 
3.10726584 	 3.06598844 	 3.10179801 	 3.10831444 
3.10924353 	 3.06414821 	 3.10751423 	 3.10358261 
3.09584536 	 3.06611259 	 3.10766927 	 3.09453312 
3.09007430 	 3.05725555 	 3.10894763 	 3.09246804 
3.08620681 	 3.05238318 	 3.10470693 	 3.10016484 
3.08620681 	 3.05238318 	 3.10470693 	 3.10016484 
3.08382839 	 3.06321872 	 3.10215732 	 3.10912456 
3.08382839 	 3.06321872 	 3.10215732 	 3.10912456 
3.08382839 	 3.06321872 	 3.10215732 	 3.10912456 
3.08726754 	 3.06982508 	 3.10065421 	 3.10202793 
3.09284403 	 3.06758372 	 3.10848256 	 3.10594541 
3.09733510 	 3.07253410 	 3.10539002 	 3.10320771 
3.09333389 	 3.06217289 	 3.11022536 	 3.09500867 
3.09628004 	 3.06105197 	 3.10776318 	 3.08645847 
3.10205075 	 3.06685623 	 3.09884533 	 3.08198050 
3.10426057 	 3.07666340 	 3.09809524 	 3.07875668 
3.09308129 	 3.09071614 	 3.09319804 	 3.07497139 
3.09542298 	 3.08743954 	 3.08988855 	 3.06819237 
3.08662189 	 3.08521789 	 3.08144776 	 3.06874867 
3.08201716 	 3.08134414 	 3.08744569 	 3.06710873 
3.08201716 	 3.08134414 	 3.08744569 	 3.06710873 
3.08277296 	 3.08783074 	 3.08513072 	 3.07072230 
3.08853163 	 3.09449469 	 3.07519080 	 3.06713924 
3.09425696 	 3.08547195 	 3.06216198 	 3.06549105 
3.09925074 	 3.08974535 	 3.06616544 	 3.06919036 
3.10296709 	 3.08467462 	 3.06950617 	 3.07681791 
3.11134926 	 3.08908557 	 3.07353099 	 3.07592983 
3.10586611 	 3.09454473 	 3.08139422 	 3.08904664 
3.10294502 	 3.08757197 	 3.07586990 	 3.09794236 
3.10294502 	 3.08757197 	 3.07586990 	 3.09794236 
3.10743216 	 3.08045485 	 3.06578655 	 3.08879840 
3.10178926 	 3.09107661 	 3.06621922 	 3.08254733 
3.10437912 	 3.09220517 	 3.06751637 	 3.08829897 
3.10013316 	 3.09683591 	 3.08053030 	 3.08459095 
3.10259855 	 3.09181780 	 3.07523022 	 3.09572960 
3.09883659 	 3.08475235 	 3.07830463 	 3.08725477 
3.10479821 	 3.09215692 	 3.07536154 	 3.07743717 
3.09898096 	 3.09188895 	 3.06686608 	 3.08901494 
3.09898096 	 3.09188895 	 3.06686608 	 3.08901494 
3.09641619 	 3.09469817 	 3.07474123 	 3.09145220 
3.09641619 	 3.09469817 	 3.07474123 	 3.09145220 
3.09641619 	 3.09469817 	 3.07474123 	 3.09145220 
3.08598280 	 3.09690281 	 3.06918816 	 3.09080438 
3.09114039 	 3.09521977 	 3.06472766 	 3.08235610 
3.09454242 	 3.10487197 	 3.07046311 	 3.09171689 
3.08814110 	 3.09231991 	 3.07710555 	 3.08283438 
3.08379584 	 3.09544898 	 3.08086967 	 3.08285330 
3.08379584 	 3.09544898 	 3.08086967 	 3.08285330 
3.08695646 	 3.08307716 	 3.09228808 	 3.08143416 
3.08862047 	 3.08017394 	 3.09264468 	 3.09037515 
3.09070489 	 3.08489870 	 3.09005604 	 3.07812173 
3.08822952 	 3.08630903 	 3.09923481 	 3.07981896 
3.07524381 	 3.08306279 	 3.09931709 	 3.06451880 
3.08302435 	 3.06913812 	 3.09570235 	 3.06742623 
3.09110653 	 3.07337074 	 3.10091064 	 3.07237957 
3.08926858 	 3.07440944 	 3.10250398 	 3.06902331 
3.08937741 	 3.07531625 	 3.08826188 	 3.06860499 
3.08937741 	 3.07531625 	 3.08826188 	 3.06860499 
3.08780010 	 3.07006709 	 3.08694850 	 3.06661028 
3.08268073 	 3.07419557 	 3.08503643 	 3.05811246 
3.09817454 	 3.07268727 	 3.08221143 	 3.04786551 
3.10643985 	 3.06964306 	 3.08171871 	 3.05072949 
3.10908482 	 3.06621863 	 3.08435831 	 3.05375359 
3.10536428 	 3.06940547 	 3.08060359 	 3.05941457 
3.09929371 	 3.06726895 	 3.07846483 	 3.06111880 
3.09693727 	 3.07246734 	 3.07774379 	 3.06245034 
3.09663218 	 3.06534115 	 3.08726655 	 3.05425737 
3.09370427 	 3.06076492 	 3.08310449 	 3.06766301 
3.09402188 	 3.06071478 	 3.08579926 	 3.07092376 
3.09502888 	 3.05594637 	 3.08380735 	 3.08266526 
3.09659071 	 3.05898449 	 3.08720933 	 3.08035675 
3.09184065 	 3.06123390 	 3.08222487 	 3.08372753 
3.09693745 	 3.05777569 	 3.08790372 	 3.07840093 
3.10247369 	 3.05807619 	 3.08363831 	 3.07833816 
3.10080220 	 3.06942422 	 3.08846324 	 3.08223289 
3.10419205 	 3.06978138 	 3.09842759 	 3.08773995 
3.09219335 	 3.08064987 	 3.10153239 	 3.08824620 
3.08649809 	 3.08255027 	 3.09942443 	 3.09205322 
3.09342254 	 3.08197652 	 3.08845605 	 3.09437691 
3.08053868 	 3.09038710 	 3.09355961 	 3.08818630 
3.08485978 	 3.09601563 	 3.09901315 	 3.08473232 
3.08216695 	 3.09521346 	 3.09492209 	 3.08893638 
3.08776086 	 3.09774662 	 3.09511813 	 3.09310711 
3.08845046 	 3.09468004 	 3.09245916 	 3.09443573 
3.08303607 	 3.08104999 	 3.09520757 	 3.08923000 
3.08334722 	 3.07140792 	 3.08989055 	 3.08801260 
3.07814715 	 3.07318488 	 3.08919928 	 3.08018189 
3.06522331 	 3.07211440 	 3.08033682 	 3.07767954 
3.06083440 	 3.07282676 	 3.08541024 	 3.06912116 
3.07319317 	 3.07375993 	 3.08053899 	 3.06582399 
3.08366893 	 3.06645471 	 3.08140957 	 3.06855108 
3.08429243 	 3.07660866 	 3.08742538 	 3.06603442 
3.08245888 	 3.08190896 	 3.09359150 	 3.07252174 
3.08162121 	 3.08181008 	 3.08960789 	 3.07204213 
3.07913575 	 3.09627532 	 3.08352542 	 3.06696393 
3.07933074 	 3.09645131 	 3.07840473 	 3.07591945 
3.08241527 	 3.09889280 	 3.08224078 	 3.08062802 
3.08443109 	 3.09937698 	 3.08192145 	 3.08264650 
3.09088040 	 3.09765054 	 3.08420642 	 3.08452516 
3.09476602 	 3.09608878 	 3.07588323 	 3.08961261 
3.09062589 	 3.10244190 	 3.08708086 	 3.08323746 
3.08865375 	 3.10456391 	 3.09110065 	 3.08846424 
3.09466330 	 3.10698336 	 3.08549364 	 3.08467341 
3.08757190 	 3.09653618 	 3.07219667 	 3.07822808 
3.08447060 	 3.09577021 	 3.07298363 	 3.07825086 
3.08447060 	 3.09577021 	 3.07298363 	 3.07825086 
3.08759652 	 3.09041675 	 3.07782123 	 3.07256661 
3.08632317 	 3.09549494 	 3.07700026 	 3.07843491 
3.08632317 	 3.09549494 	 3.07700026 	 3.07843491 
3.08328208 	 3.09157980 	 3.08160887 	 3.08224771 
3.09335716 	 3.09448272 	 3.07912227 	 3.08547648 
3.08535543 	 3.08684188 	 3.07953274 	 3.09285381 
3.08649044 	 3.08457399 	 3.07993990 	 3.09501718 
3.08649044 	 3.08457399 	 3.07993990 	 3.09501718 
3.08251226 	 3.08467993 	 3.07819517 	 3.09705876 
3.08109820 	 3.08914030 	 3.08292006 	 3.10253210 
3.07315341 	 3.09215985 	 3.07183674 	 3.10316694 
3.07698232 	 3.08562377 	 3.06345427 	 3.09933020 
3.07558881 	 3.08059663 	 3.07072873 	 3.09459742 
3.08066216 	 3.08000536 	 3.07154191 	 3.08962494 
3.08063208 	 3.08492585 	 3.08500278 	 3.09427958 
3.08087212 	 3.09396653 	 3.08634344 	 3.09560835 
3.08160185 	 3.08129551 	 3.08195143 	 3.09114852 
3.08160185 	 3.08129551 	 3.08195143 	 3.09114852 
3.08555951 	 3.07547414 	 3.08465064 	 3.09863526 
3.08827741 	 3.08328076 	 3.07645802 	 3.09757510 
3.08827741 	 3.08328076 	 3.07645802 	 3.09757510 
3.08827741 	 3.08328076 	 3.07645802 	 3.09757510 
3.08814723 	 3.08279963 	 3.07913522 	 3.09210034 
3.09924712 	 3.06619306 	 3.07480614 	 3.10198811 
3.09156254 	 3.07482477 	 3.07392842 	 3.10298307 
3.09800552 	 3.08389447 	 3.07200629 	 3.10153150 
3.10482959 	 3.08362511 	 3.07083606 	 3.09874312 
3.10482959 	 3.08362511 	 3.07083606 	 3.09874312 
3.10713952 	 3.07842664 	 3.07654232 	 3.09565338 
3.10862721 	 3.09146065 	 3.07294492 	 3.10088482 
3.11126146 	 3.09125212 	 3.06739970 	 3.10007338 
3.11102981 	 3.08977393 	 3.07578451 	 3.10153395 
3.11102981 	 3.08977393 	 3.07578451 	 3.10153395 
3.10643007 	 3.09126629 	 3.06879782 	 3.10520134 
3.10503321 	 3.09461537 	 3.07756793 	 3.10913858 
3.10206965 	 3.09515996 	 3.06946769 	 3.10845162 
3.10490273 	 3.09485763 	 3.08675803 	 3.10443106 
3.11418839 	 3.09347092 	 3.09422133 	 3.10484353 
3.10484839 	 3.09257923 	 3.08636750 	 3.11115039 
3.11014819 	 3.09593850 	 3.08391695 	 3.11151739 
3.10400617 	 3.08652503 	 3.08302252 	 3.10982273 
3.08984321 	 3.09121639 	 3.08404757 	 3.10565358 
3.08975619 	 3.09711714 	 3.09405635 	 3.09942841 
3.09122949 	 3.09197093 	 3.09453588 	 3.10841230 
3.08857483 	 3.08405308 	 3.10058221 	 3.10225523 
3.09080843 	 3.08037625 	 3.09705105 	 3.09639123 
3.09553805 	 3.07829958 	 3.10184037 	 3.09370553 
3.09062070 	 3.07828776 	 3.10214796 	 3.09269380 
3.09314420 	 3.08334106 	 3.09956859 	 3.10274020 
3.08884444 	 3.08467552 	 3.10429895 	 3.10319141 
3.10678330 	 3.07653261 	 3.09671925 	 3.09110900 
3.10852712 	 3.08413363 	 3.09529786 	 3.10543593 
3.10852712 	 3.08413363 	 3.09529786 	 3.10543593 
3.09720546 	 3.09231765 	 3.08897949 	 3.10634651 
3.09373014 	 3.09685262 	 3.08493832 	 3.10388689 
3.09373014 	 3.09685262 	 3.08493832 	 3.10388689 
3.09059723 	 3.10102821 	 3.08979710 	 3.10268481 
3.08878689 	 3.09789592 	 3.08952748 	 3.10138969 
3.09191536 	 3.09542120 	 3.09849045 	 3.09750790 
3.08905511 	 3.09056425 	 3.09570897 	 3.09539028 
3.08881848 	 3.09545696 	 3.08543196 	 3.09205899 
3.08409861 	 3.09709736 	 3.08717784 	 3.09310037 
3.08409861 	 3.09709736 	 3.08717784 	 3.09310037 
3.08947244 	 3.08412330 	 3.09999596 	 3.08931843 
3.08027111 	 3.08443599 	 3.10442079 	 3.08551206 
3.08194832 	 3.09492023 	 3.10114447 	 3.09351481 
3.08320809 	 3.09501005 	 3.09908057 	 3.09174858 
3.08209429 	 3.10771860 	 3.09613211 	 3.08934390 
3.08687850 	 3.10052060 	 3.09524130 	 3.09443644 
3.08069457 	 3.09645406 	 3.09149645 	 3.08432335 
3.08802194 	 3.09357651 	 3.09433850 	 3.07505419 
3.07692745 	 3.08206168 	 3.09762870 	 3.07340661 
3.07399101 	 3.09678786 	 3.10361000 	 3.07953267 
3.08650184 	 3.09689786 	 3.09886237 	 3.07721452 
3.09083871 	 3.09738302 	 3.09606438 	 3.07566997 
3.08613476 	 3.10454809 	 3.08209090 	 3.07600828 
3.08845568 	 3.11227708 	 3.07704477 	 3.08550332 
3.08373658 	 3.09728130 	 3.08172289 	 3.08027152 
3.08373658 	 3.09728130 	 3.08172289 	 3.08027152 
3.08315153 	 3.08966456 	 3.07508415 	 3.08170813 
3.07567224 	 3.08571363 	 3.07642779 	 3.07842529 
3.07323659 	 3.08035562 	 3.07865112 	 3.08230095 
3.07169104 	 3.09259422 	 3.07404573 	 3.07947098 
3.06835992 	 3.08806017 	 3.05552055 	 3.08980810 
3.07230837 	 3.08750487 	 3.05448828 	 3.08358390 
3.07637210 	 3.09401894 	 3.05986565 	 3.07625072 
3.07027769 	 3.09151308 	 3.06305806 	 3.07823943 
3.06871892 	 3.08570040 	 3.06224612 	 3.08535723 
3.07306181 	 3.08802716 	 3.06141325 	 3.08450046 
3.07587517 	 3.08817744 	 3.06858343 	 3.08378590 
3.07587275 	 3.07589918 	 3.07255290 	 3.08248342 
3.08165097 	 3.07286219 	 3.08210576 	 3.09387747 
3.08097141 	 3.07572636 	 3.07895475 	 3.09770477 
3.07817808 	 3.08412279 	 3.09023819 	 3.09199385 
3.07546647 	 3.08903171 	 3.08730988 	 3.08659194 
3.08274927 	 3.08707564 	 3.09927896 	 3.08728779 
3.07946499 	 3.08974132 	 3.09880279 	 3.09103822 
3.07946499 	 3.08974132 	 3.09880279 	 3.09103822 
3.07825770 	 3.09854248 	 3.09664786 	 3.09051985 
3.07825770 	 3.09854248 	 3.09664786 	 3.09051985 
3.07715839 	 3.09840095 	 3.08941271 	 3.08862004 
3.08150362 	 3.10444362 	 3.09057622 	 3.08734658 
3.08113539 	 3.10382524 	 3.09014136 	 3.08434274 
3.08351365 	 3.10924425 	 3.09305698 	 3.09381719 
3.08917447 	 3.11820594 	 3.09115636 	 3.09034965 
3.08753534 	 3.11491620 	 3.10390121 	 3.09466056 
3.08918427 	 3.11394808 	 3.09652119 	 3.08163942 
3.09003589 	 3.10730061 	 3.10310976 	 3.08124202 
3.09102199 	 3.10182691 	 3.10220434 	 3.08402499 
3.09087588 	 3.10119552 	 3.08581333 	 3.08189413 
3.09928056 	 3.09379003 	 3.08807970 	 3.07917915 
3.09257965 	 3.09748666 	 3.08909452 	 3.09210656 
3.09034983 	 3.10254568 	 3.07967488 	 3.09832891 
3.08303064 	 3.10468926 	 3.07744988 	 3.09666566 
3.08128937 	 3.10052556 	 3.07465411 	 3.08978381 
3.08640807 	 3.09589967 	 3.07978904 	 3.08747113 
3.08391660 	 3.09832572 	 3.08136587 	 3.09337895 
3.08200194 	 3.09130882 	 3.08184811 	 3.09632945 
3.07611138 	 3.08737422 	 3.08796921 	 3.08481252 
3.07436750 	 3.09580613 	 3.08800581 	 3.07647659 
3.08057675 	 3.09514234 	 3.08945035 	 3.07163837 
3.07413463 	 3.09684840 	 3.08241095 	 3.07575182 
3.07983819 	 3.09722918 	 3.07861812 	 3.07440103 
3.07164740 	 3.09524961 	 3.07397962 	 3.07257208 
3.07802334 	 3.09034939 	 3.08035478 	 3.06715023 
3.07735324 	 3.09557906 	 3.07566281 	 3.05960916 
3.06789168 	 3.09481472 	 3.07734872 	 3.06314669 
3.06829117 	 3.09096134 	 3.07285884 	 3.05987993 
3.06829117 	 3.09096134 	 3.07285884 	 3.05987993 
3.07209680 	 3.07552085 	 3.08433043 	 3.06145143 
3.07209680 	 3.07552085 	 3.08433043 	 3.06145143 
3.07209680 	 3.07552085 	 3.08433043 	 3.06145143 
3.06255189 	 3.07651680 	 3.07931655 	 3.05777336 
3.06127648 	 3.07447288 	 3.07281842 	 3.06248766 
3.06221286 	 3.07314060 	 3.07539916 	 3.06654663 
3.04978549 	 3.08765866 	 3.07703189 	 3.07140628 
3.05432609 	 3.08537226 	 3.07363988 	 3.06859820 
3.05696004 	 3.09106327 	 3.08050006 	 3.06753196 
3.06074779 	 3.09324256 	 3.06867329 	 3.07026845 
3.06317966 	 3.09281457 	 3.06294663 	 3.06539609 
3.07100156 	 3.08656867 	 3.05835762 	 3.07200756 
3.07429295 	 3.08722316 	 3.06018486 	 3.07247635 
3.08720920 	 3.08854485 	 3.06115146 	 3.07559675 
3.08833252 	 3.08957915 	 3.06680256 	 3.07446432 
3.08286251 	 3.08882676 	 3.08050004 	 3.07023078 
3.07131975 	 3.08911906 	 3.08143670 	 3.07290724 
3.07131975 	 3.08911906 	 3.08143670 	 3.07290724 
3.06960141 	 3.08545530 	 3.08999019 	 3.07608729 
3.06876491 	 3.08022346 	 3.08690473 	 3.06964954 
3.07129055 	 3.08593096 	 3.09120428 	 3.07803033 
3.07873522 	 3.08012401 	 3.08991404 	 3.08889570 
3.07127656 	 3.07390608 	 3.09329680 	 3.10175765 
3.07053323 	 3.07317895 	 3.09811581 	 3.10413478 
3.07873127 	 3.08088711 	 3.09581765 	 3.10654234 
3.07970230 	 3.08097474 	 3.09001117 	 3.09585897 
3.08175077 	 3.06393227 	 3.09326633 	 3.09712139 
3.06409295 	 3.06611665 	 3.08341906 	 3.09304446 
3.07568100 	 3.07077223 	 3.08735834 	 3.10033456 
3.08504059 	 3.06051400 	 3.09032795 	 3.09346272 
3.09278305 	 3.07098938 	 3.08879841 	 3.09628879 
3.09756725 	 3.07092071 	 3.09247549 	 3.09496061 
3.10032748 	 3.07964769 	 3.09550442 	 3.08220072 
3.10601443 	 3.08086693 	 3.09196540 	 3.07383150 
3.10524931 	 3.08375986 	 3.09466920 	 3.07521069 
3.09463758 	 3.07557555 	 3.09028799 	 3.08076422 
3.08777510 	 3.07287013 	 3.08381748 	 3.07186621 
3.09418609 	 3.07530903 	 3.09192549 	 3.07264111 
3.08981235 	 3.07606553 	 3.09553638 	 3.07500083 
3.08027331 	 3.07210524 	 3.09802783 	 3.08349684 
3.08027331 	 3.07210524 	 3.09802783 	 3.08349684 
3.06867955 	 3.07490245 	 3.10264914 	 3.08267983 
3.06458718 	 3.06735140 	 3.09405595 	 3.08151355 
3.06458718 	 3.06735140 	 3.09405595 	 3.08151355 
3.05725220 	 3.07163510 	 3.09080377 	 3.08192828 
3.05723129 	 3.07558076 	 3.08579354 	 3.07418125 
3.06305534 	 3.08090297 	 3.08844972 	 3.07506271 
3.06609995 	 3.07761364 	 3.08319270 	 3.08101153 
3.06115375 	 3.08104808 	 3.08260346 	 3.07620955 
3.05949418 	 3.08169440 	 3.08832340 	 3.08839359 
3.06099619 	 3.07744247 	 3.09292657 	 3.09150744 
3.05231035 	 3.08022016 	 3.08714301 	 3.08906220 
3.06112612 	 3.07933652 	 3.09277470 	 3.08750803 
3.07045502 	 3.07139393 	 3.08934522 	 3.09454885 
3.07021962 	 3.07808440 	 3.08959889 	 3.09462145 
3.07200388 	 3.08023222 	 3.09003497 	 3.08798353 
3.07773266 	 3.08253403 	 3.09777628 	 3.08740178 
3.08788296 	 3.08816795 	 3.10653812 	 3.08716686 
3.08516916 	 3.08510749 	 3.09734620 	 3.08810921 
3.09170679 	 3.09440925 	 3.09873427 	 3.07573264 
3.09296127 	 3.09210261 	 3.09075728 	 3.08241136 
3.08864052 	 3.08480005 	 3.09119794 	 3.08347339 
3.08710991 	 3.09311416 	 3.08485800 	 3.08252679 
3.09023595 	 3.08038464 	 3.09155943 	 3.08887515 
3.08868964 	 3.08504330 	 3.08476209 	 3.08219527 
3.09361009 	 3.08457755 	 3.08607106 	 3.09232873 
3.08601076 	 3.09066617 	 3.08856876 	 3.09515851 
3.08547462 	 3.08364560 	 3.09685997 	 3.10186860 
3.08829445 	 3.07445723 	 3.09499789 	 3.10730421 
3.08521181 	 3.06418700 	 3.10064847 	 3.10013399 
3.08432231 	 3.06404392 	 3.09637191 	 3.10755829 
3.08686020 	 3.06722788 	 3.09533352 	 3.11044147 
3.08684188 	 3.07654991 	 3.08821651 	 3.11148155 
3.08684188 	 3.07654991 	 3.08821651 	 3.11148155 
3.08638810 	 3.08882413 	 3.07721128 	 3.09686605 
3.09354655 	 3.07901954 	 3.07260758 	 3.09781179 
3.09239379 	 3.08112118 	 3.07133850 	 3.10570058 
3.08549867 	 3.08711589 	 3.08526695 	 3.10229460 
3.08549867 	 3.08711589 	 3.08526695 	 3.10229460 
3.07124695 	 3.08206736 	 3.08793742 	 3.10310470 
3.07610328 	 3.07897684 	 3.08975661 	 3.10486607 
3.07991153 	 3.08342247 	 3.08708061 	 3.11324101 
3.08715900 	 3.08771280 	 3.09082180 	 3.11028679 
3.08365380 	 3.09658768 	 3.09417413 	 3.10339424 
3.08365380 	 3.09658768 	 3.09417413 	 3.10339424 
3.09690872 	 3.08816029 	 3.09267793 	 3.11412224 
3.10044629 	 3.09598502 	 3.09280771 	 3.10916607 
3.10430448 	 3.09993684 	 3.08995897 	 3.11283282 
3.09404735 	 3.10027757 	 3.10027118 	 3.12051093 
3.09824453 	 3.10087375 	 3.09483859 	 3.12892477 
3.09409575 	 3.10038179 	 3.09781097 	 3.12626030 
3.09450005 	 3.09791879 	 3.09829758 	 3.11477130 
3.10283762 	 3.10147250 	 3.10489727 	 3.10435306 
3.10209949 	 3.09235129 	 3.10610558 	 3.10323279 
3.09480836 	 3.09569158 	 3.09382211 	 3.10729352 
3.08239940 	 3.09006647 	 3.09221916 	 3.11045750 
3.07739795 	 3.08638494 	 3.10352850 	 3.11307467 
3.08116704 	 3.08379367 	 3.10050895 	 3.11735567 
3.08574595 	 3.09074345 	 3.10355163 	 3.12496438 
3.08574595 	 3.09074345 	 3.10355163 	 3.12496438 
3.08391370 	 3.08103712 	 3.10351990 	 3.13361887 
3.08589642 	 3.07720557 	 3.10303173 	 3.13212055 
3.08471150 	 3.07424399 	 3.09742902 	 3.12349220 
3.08471150 	 3.07424399 	 3.09742902 	 3.12349220 
3.08471150 	 3.07424399 	 3.09742902 	 3.12349220 
3.08894685 	 3.06981906 	 3.09512452 	 3.12485155 
3.09395102 	 3.06820577 	 3.10450910 	 3.12403409 
3.09584868 	 3.06540669 	 3.10274131 	 3.11652588 
3.09908503 	 3.06963491 	 3.11131664 	 3.11008209 
3.09980890 	 3.07038498 	 3.11110818 	 3.11142258 
3.10953218 	 3.07478071 	 3.10417396 	 3.11423271 
3.10264027 	 3.06864626 	 3.09734648 	 3.10878950 
3.09478946 	 3.06374408 	 3.10168989 	 3.10063827 
3.09065112 	 3.07138367 	 3.10827134 	 3.09383868 
3.07997279 	 3.06593163 	 3.10563482 	 3.10198824 
3.08271160 	 3.06699675 	 3.10827962 	 3.08869501 
3.07684572 	 3.07488283 	 3.10058153 	 3.08512174 
3.07917747 	 3.06767686 	 3.09627398 	 3.08596517 
3.08592431 	 3.06037379 	 3.10291518 	 3.09820424 
3.09590648 	 3.05872023 	 3.10428979 	 3.09865696 
3.08863074 	 3.06907709 	 3.10534497 	 3.10265197 
3.08165184 	 3.06957627 	 3.10524242 	 3.11001342 
3.07379866 	 3.07676801 	 3.09766326 	 3.11468248 
3.08594780 	 3.08647465 	 3.10928028 	 3.12242879 
3.08649518 	 3.07526610 	 3.10789179 	 3.12082796 
3.08649518 	 3.07526610 	 3.10789179 	 3.12082796 
3.08731852 	 3.07809063 	 3.10187373 	 3.11650026 
3.08903335 	 3.08214320 	 3.10957325 	 3.11651930 
3.08354182 	 3.08606422 	 3.10560310 	 3.11709371 
3.08397706 	 3.07997478 	 3.11032369 	 3.11616390 
3.08974078 	 3.07687165 	 3.10439902 	 3.11489792 
3.09639646 	 3.08326575 	 3.09757554 	 3.11170751 
3.09257777 	 3.08633311 	 3.09303725 	 3.11682515 
3.08910153 	 3.08495793 	 3.08827638 	 3.11934138 
3.10332282 	 3.08940077 	 3.09159696 	 3.12594664 
3.09774647 	 3.08331214 	 3.09127681 	 3.11754801 
3.10422331 	 3.09143072 	 3.08815000 	 3.10984393 
3.09564318 	 3.09049064 	 3.09796824 	 3.10743581 
3.09937571 	 3.08397297 	 3.09720938 	 3.11421351 
3.08348931 	 3.08528974 	 3.09469075 	 3.10746277 
3.09291471 	 3.08010247 	 3.09220786 	 3.10338290 
3.09218292 	 3.08542951 	 3.08286914 	 3.11764052 
3.08651965 	 3.08529821 	 3.09021487 	 3.11772289 
3.09534936 	 3.08631567 	 3.09372882 	 3.11892418 
3.09539081 	 3.08622968 	 3.09777387 	 3.11853594 
3.11149831 	 3.08823386 	 3.09269371 	 3.11467901 
3.11149831 	 3.08823386 	 3.09269371 	 3.11467901 
3.11149831 	 3.08823386 	 3.09269371 	 3.11467901 
3.11015141 	 3.08855242 	 3.09355595 	 3.11326487 
3.10164878 	 3.09217525 	 3.09098230 	 3.11808462 
3.08912455 	 3.09059534 	 3.08888690 	 3.11434999 
3.09548957 	 3.08475274 	 3.08591066 	 3.10836351 
3.09444731 	 3.09749904 	 3.08544482 	 3.10530353 
3.09097349 	 3.09735094 	 3.09616547 	 3.11378985 
3.09143438 	 3.08703807 	 3.10413677 	 3.11901894 
3.08995568 	 3.07391589 	 3.09695191 	 3.10855930 
3.08906806 	 3.07015741 	 3.09076139 	 3.10065928 
3.09409417 	 3.07120312 	 3.08052027 	 3.10950790 
3.10957766 	 3.06573506 	 3.08206709 	 3.11088694 
3.10277953 	 3.07837120 	 3.08661801 	 3.10607554 
3.10162289 	 3.07751770 	 3.09010701 	 3.11131256 
3.09697888 	 3.07916840 	 3.09149808 	 3.10347954 
3.09443944 	 3.08366007 	 3.09781065 	 3.09577257 
3.10008785 	 3.08586333 	 3.09061397 	 3.09858694 
3.10265198 	 3.09126088 	 3.08881696 	 3.10004441 
3.09853085 	 3.08899987 	 3.10356820 	 3.10781230 
3.10299899 	 3.09926902 	 3.10286968 	 3.10379876 
3.11423458 	 3.11041117 	 3.09642963 	 3.09817609 
3.11423458 	 3.11041117 	 3.09642963 	 3.09817609 
3.09975012 	 3.11028072 	 3.08849535 	 3.09273313 
3.10226633 	 3.10897546 	 3.08777206 	 3.09095895 
3.09854031 	 3.09702796 	 3.08853664 	 3.09641084 
3.08793945 	 3.09392590 	 3.08439814 	 3.09771663 
3.09123323 	 3.08710649 	 3.08172913 	 3.09416608 
3.09102801 	 3.09122850 	 3.08351518 	 3.09794207 
3.09397893 	 3.09120692 	 3.07885609 	 3.08668128 
3.09476323 	 3.09683202 	 3.07931640 	 3.08703012 
3.09065784 	 3.10042628 	 3.08758193 	 3.09500648 
3.09958753 	 3.09546014 	 3.09823176 	 3.09467425 
3.10469329 	 3.09124360 	 3.08839150 	 3.09748486 
3.09836646 	 3.09641068 	 3.08945723 	 3.09839743 
3.09824406 	 3.09743104 	 3.08767278 	 3.09622494 
3.09784048 	 3.10222141 	 3.08190828 	 3.09349254 
3.09433841 	 3.10240719 	 3.08092869 	 3.08422976 
3.09623080 	 3.08991938 	 3.08457602 	 3.07930566 
3.09330181 	 3.10440454 	 3.07345081 	 3.07815049 
3.09460673 	 3.09575951 	 3.07229160 	 3.07987132 
3.10207866 	 3.10867748 	 3.06464392 	 3.08596587 
3.11199134 	 3.09945175 	 3.08374015 	 3.07520401 
3.12045799 	 3.09597308 	 3.08719540 	 3.08341273 
3.11154969 	 3.08843027 	 3.08699110 	 3.09633713 
3.10808369 	 3.08502914 	 3.09518251 	 3.10917794 
3.10239505 	 3.09254262 	 3.09628120 	 3.10561989 
3.09687649 	 3.08155813 	 3.09665313 	 3.09994967 
3.10122504 	 3.08647036 	 3.10379415 	 3.10073569 
3.09856925 	 3.09366639 	 3.09936513 	 3.09584736 
3.10043032 	 3.09702013 	 3.10414460 	 3.09063175 
3.10707120 	 3.09525234 	 3.10348937 	 3.09056603 
3.11203886 	 3.09138624 	 3.09380093 	 3.08808463 
3.11042934 	 3.09395257 	 3.08953101 	 3.08493712 
3.10276209 	 3.08879184 	 3.08822740 	 3.10199661 
3.10440171 	 3.08955416 	 3.08451925 	 3.10309678 
3.09077593 	 3.08909280 	 3.08675663 	 3.09811455 
3.09441130 	 3.08145567 	 3.08805178 	 3.09531533 
3.09641623 	 3.07188382 	 3.08413054 	 3.09577750 
3.09026402 	 3.06852560 	 3.08786926 	 3.09392442 
3.08842728 	 3.07135739 	 3.08124943 	 3.09632565 
3.08412687 	 3.07140231 	 3.08302098 	 3.08571965 
3.08178128 	 3.07289695 	 3.08367719 	 3.09217072 
3.06816934 	 3.08065658 	 3.09342105 	 3.08991008 
3.06816934 	 3.08065658 	 3.09342105 	 3.08991008 
3.06698859 	 3.07778342 	 3.08447369 	 3.08881446 
3.07832716 	 3.08935494 	 3.09252063 	 3.09363845 
3.07957634 	 3.09365748 	 3.09783006 	 3.09062779 
3.07221564 	 3.09738889 	 3.09286461 	 3.09382512 
3.07882136 	 3.09994248 	 3.08542893 	 3.08778239 
3.08116571 	 3.09654386 	 3.06844327 	 3.08508244 
3.08263204 	 3.09167240 	 3.07097983 	 3.08388155 
3.08128543 	 3.08474761 	 3.06895520 	 3.08270750 
3.09046944 	 3.07744764 	 3.06772597 	 3.08396818 
3.09046944 	 3.07744764 	 3.06772597 	 3.08396818 
3.09483523 	 3.07597676 	 3.06300949 	 3.07166389 
3.09483523 	 3.07597676 	 3.06300949 	 3.07166389 
3.09538801 	 3.07751358 	 3.07478594 	 3.08447662 
3.09538801 	 3.07751358 	 3.07478594 	 3.08447662 
3.09156652 	 3.08626234 	 3.06918665 	 3.09245502 
3.09000123 	 3.07598710 	 3.06649250 	 3.08869395 
3.08965986 	 3.09024610 	 3.07197124 	 3.08620068 
3.08692090 	 3.09291083 	 3.07630331 	 3.08562616 
3.09378794 	 3.08520521 	 3.08966508 	 3.08638042 
3.09053839 	 3.08578276 	 3.07896886 	 3.07781624 
3.09369770 	 3.08400072 	 3.08051023 	 3.08579813 
3.10464909 	 3.08040741 	 3.08685421 	 3.09153768 
3.09709087 	 3.08835313 	 3.09243380 	 3.09289761 
3.08641596 	 3.08272230 	 3.08975901 	 3.09191378 
3.10032432 	 3.07928098 	 3.08462256 	 3.10001947 
3.10334230 	 3.08295627 	 3.08840621 	 3.10008617 
3.09648601 	 3.08037563 	 3.09261662 	 3.10234772 
3.09648601 	 3.08037563 	 3.09261662 	 3.10234772 
3.08931168 	 3.07943498 	 3.09676289 	 3.11436865 
3.08630440 	 3.08614154 	 3.09997164 	 3.11456969 
3.08330192 	 3.08906368 	 3.09710223 	 3.10386847 
3.08839290 	 3.09258405 	 3.09323367 	 3.10445488 
3.08483296 	 3.09847269 	 3.10362777 	 3.10663736 
3.08246000 	 3.09608902 	 3.11200562 	 3.10885962 
3.08246000 	 3.09608902 	 3.11200562 	 3.10885962 
3.09052068 	 3.09651428 	 3.11375360 	 3.09880232 
3.09785662 	 3.09861715 	 3.10938337 	 3.10855832 
3.09753467 	 3.09053436 	 3.10386258 	 3.10505540 
3.10017637 	 3.08568019 	 3.11181052 	 3.10420447 
3.09576441 	 3.09204289 	 3.10728533 	 3.10994418 
3.08746378 	 3.09985880 	 3.10233061 	 3.10623772 
3.08637697 	 3.09555350 	 3.10328238 	 3.10741934 
3.09098136 	 3.09888317 	 3.09709515 	 3.10638806 
3.08888686 	 3.09272052 	 3.10227813 	 3.10550360 
3.09398568 	 3.11539304 	 3.10124308 	 3.11070728 
3.09398568 	 3.11539304 	 3.10124308 	 3.11070728 
3.09245361 	 3.12037481 	 3.10243200 	 3.11244440 
3.08619448 	 3.12110227 	 3.10674620 	 3.10029878 
3.09282583 	 3.12376214 	 3.10792961 	 3.10105080 
3.10388580 	 3.11550068 	 3.11444709 	 3.09657738 
3.10388580 	 3.11550068 	 3.11444709 	 3.09657738 
3.10090828 	 3.11647600 	 3.11818919 	 3.09369105 
3.10090828 	 3.11647600 	 3.11818919 	 3.09369105 
3.10523675 	 3.11400911 	 3.11577661 	 3.10148268 
3.10523675 	 3.11400911 	 3.11577661 	 3.10148268 
3.10523675 	 3.11400911 	 3.11577661 	 3.10148268 
3.08898382 	 3.11147183 	 3.12253492 	 3.10179148 
3.10078796 	 3.10325193 	 3.12105883 	 3.10106926 
3.10589721 	 3.10677149 	 3.12056678 	 3.09960150 
3.10589721 	 3.10677149 	 3.12056678 	 3.09960150 
3.10844463 	 3.11216690 	 3.11742326 	 3.09849705 
3.11459113 	 3.10313800 	 3.10897551 	 3.09291102 
3.11526559 	 3.09935737 	 3.11499771 	 3.10290383 
3.11676331 	 3.10734081 	 3.12411793 	 3.11553234 
3.11676331 	 3.10734081 	 3.12411793 	 3.11553234 
3.11507580 	 3.09698539 	 3.12045468 	 3.10933228 
3.11264437 	 3.10591688 	 3.11920653 	 3.10362848 
3.11211086 	 3.08895207 	 3.11540475 	 3.09520352 
3.10384305 	 3.09593749 	 3.10904543 	 3.09405870 
3.09981537 	 3.09910345 	 3.10118238 	 3.09570926 
3.10845245 	 3.09965710 	 3.09616749 	 3.09376454 
3.11180882 	 3.10256432 	 3.10593240 	 3.08535021 
3.11617369 	 3.09893420 	 3.10553460 	 3.08938951 
3.10915987 	 3.09236297 	 3.10119205 	 3.08708027 
3.10528470 	 3.09118475 	 3.10939737 	 3.09363052 
3.10300713 	 3.10081866 	 3.10651841 	 3.09501437 
3.10300713 	 3.10081866 	 3.10651841 	 3.09501437 
3.10045621 	 3.09070642 	 3.10358730 	 3.09446233 
3.10208231 	 3.09551151 	 3.10366273 	 3.08964390 
3.10553676 	 3.08921792 	 3.09302627 	 3.09340189 
3.11691913 	 3.07962257 	 3.09750273 	 3.09232851 
3.12845184 	 3.08471723 	 3.10607468 	 3.09450553 
3.12671292 	 3.07358590 	 3.10139052 	 3.09312685 
3.13070718 	 3.07217870 	 3.10523461 	 3.08840546 
3.13070718 	 3.07217870 	 3.10523461 	 3.08840546 
3.13070718 	 3.07217870 	 3.10523461 	 3.08840546 
3.12487727 	 3.08451168 	 3.10726329 	 3.09154737 
3.13404911 	 3.09281035 	 3.10587554 	 3.10523143 
3.13347559 	 3.09592243 	 3.09677483 	 3.10004144 
3.13347559 	 3.09592243 	 3.09677483 	 3.10004144 
3.12691259 	 3.09680030 	 3.09498721 	 3.09444828 
3.12870176 	 3.09761510 	 3.08853987 	 3.09053171 
3.12833519 	 3.10486725 	 3.08470920 	 3.09743227 
3.12300308 	 3.09168711 	 3.08457380 	 3.09709926 
3.11794463 	 3.08720955 	 3.09203129 	 3.09200216 
3.11005008 	 3.08765135 	 3.10364210 	 3.09490324 
3.11281758 	 3.09362989 	 3.09671433 	 3.10318725 
3.11012208 	 3.09319127 	 3.09754164 	 3.09295296 
3.10381200 	 3.09202321 	 3.10071508 	 3.08647216 
3.10381200 	 3.09202321 	 3.10071508 	 3.08647216 
3.10561691 	 3.09044858 	 3.10694276 	 3.08193923 
3.10561691 	 3.09044858 	 3.10694276 	 3.08193923 
3.10083671 	 3.08751774 	 3.10935989 	 3.08726519 
3.09725981 	 3.08404580 	 3.10210717 	 3.08556529 
3.08867924 	 3.08760453 	 3.10454211 	 3.08528455 
3.08739149 	 3.08248755 	 3.11074753 	 3.09211973 
3.09548085 	 3.08954941 	 3.10203687 	 3.09382311 
3.09655124 	 3.09425814 	 3.09702221 	 3.08946748 
3.09487470 	 3.09140160 	 3.08909288 	 3.09104665 
3.10068099 	 3.09633282 	 3.08572210 	 3.10200180 
3.09715268 	 3.09468582 	 3.08633914 	 3.09293207 
3.09715268 	 3.09468582 	 3.08633914 	 3.09293207 
3.09815391 	 3.09187856 	 3.08848267 	 3.09643434 
3.09414609 	 3.09585914 	 3.08268307 	 3.09571701 
3.08155999 	 3.09985232 	 3.08717719 	 3.09275168 
3.09162217 	 3.10564059 	 3.07859926 	 3.09346223 
3.09428913 	 3.10634463 	 3.08419020 	 3.09647929 
3.09599983 	 3.10198053 	 3.08862402 	 3.09986954 
3.09599983 	 3.10198053 	 3.08862402 	 3.09986954 
3.09667343 	 3.09333775 	 3.08111368 	 3.10429242 
3.10470879 	 3.09097139 	 3.07059941 	 3.10138519 
3.10505769 	 3.08756461 	 3.08230691 	 3.10000913 
3.10238355 	 3.09563759 	 3.09450138 	 3.09976781 
3.10200173 	 3.09453191 	 3.10509223 	 3.10274674 
3.09598743 	 3.10686263 	 3.09739388 	 3.09262289 
3.10541441 	 3.11194709 	 3.10286358 	 3.09613133 
3.10541441 	 3.11194709 	 3.10286358 	 3.09613133 
3.11368885 	 3.10119772 	 3.11811843 	 3.10621629 
3.11094642 	 3.10677790 	 3.10751553 	 3.09084484 
3.11094642 	 3.10677790 	 3.10751553 	 3.09084484 
3.10998581 	 3.10621905 	 3.10551939 	 3.09116213 
3.10725338 	 3.11198215 	 3.10509106 	 3.08974402 
3.09666711 	 3.10847348 	 3.10837949 	 3.08619702 
3.10724313 	 3.11458032 	 3.11632307 	 3.07587680 
3.11304834 	 3.11931960 	 3.11456409 	 3.07883196 
3.11205236 	 3.11840323 	 3.12521804 	 3.08654957 
3.12174192 	 3.11309128 	 3.12442274 	 3.09087165 
3.11207930 	 3.11196303 	 3.12745429 	 3.09131972 
3.10470806 	 3.10991528 	 3.12005550 	 3.08559890 
3.09902910 	 3.10399323 	 3.12302089 	 3.09272589 
3.09403583 	 3.10944544 	 3.12182659 	 3.09506445 
3.10112219 	 3.10425688 	 3.12005861 	 3.08957368 
3.10299881 	 3.09613575 	 3.11397304 	 3.09535955 
3.10303445 	 3.10170276 	 3.11673684 	 3.09898644 
3.10303445 	 3.10170276 	 3.11673684 	 3.09898644 
3.09865684 	 3.10407200 	 3.11533074 	 3.09740459 
3.09977955 	 3.10327098 	 3.10739060 	 3.09492492 
3.10048161 	 3.10351253 	 3.11083881 	 3.10042844 
3.09813676 	 3.10258877 	 3.10548093 	 3.10015565 
3.09611777 	 3.10008808 	 3.10668744 	 3.09321923 
3.10107770 	 3.10386951 	 3.10129497 	 3.09554845 
3.10534077 	 3.10854099 	 3.10524418 	 3.10781034 
3.10023085 	 3.11963662 	 3.09478512 	 3.10534896 
3.10721133 	 3.11342314 	 3.09947805 	 3.10925050 
3.11197927 	 3.11033070 	 3.10590622 	 3.10467690 
3.11224500 	 3.11047242 	 3.11109890 	 3.10277385 
3.11020449 	 3.10819374 	 3.10721057 	 3.09934881 
3.10743402 	 3.10652423 	 3.10730513 	 3.09771699 
3.11161893 	 3.10828714 	 3.09850048 	 3.10152466 
3.11746418 	 3.09600804 	 3.09669542 	 3.10721797 
3.11509762 	 3.08789757 	 3.09938361 	 3.09406199 
3.11462951 	 3.09546516 	 3.10086024 	 3.08956577 
3.12214805 	 3.09545495 	 3.10283936 	 3.09595137 
3.11281250 	 3.09956480 	 3.10566106 	 3.08593429 
3.10394033 	 3.09908412 	 3.09697917 	 3.08360888 
3.09901164 	 3.10615851 	 3.09312911 	 3.09778897 
3.09978287 	 3.10713124 	 3.08369543 	 3.09118643 
3.10325840 	 3.10021300 	 3.07967464 	 3.08275054 
3.11003873 	 3.09438147 	 3.08941609 	 3.07546289 
3.11003873 	 3.09438147 	 3.08941609 	 3.07546289 
3.10811482 	 3.10455272 	 3.08506431 	 3.07969519 
3.09692061 	 3.10547480 	 3.08564156 	 3.07748227 
3.09994277 	 3.10143159 	 3.07658601 	 3.08758302 
3.09883105 	 3.11120200 	 3.07582509 	 3.08591393 
3.10285388 	 3.10371570 	 3.06825135 	 3.09087816 
3.09815426 	 3.10406796 	 3.06765804 	 3.09027212 
3.09815426 	 3.10406796 	 3.06765804 	 3.09027212 
3.10281533 	 3.10930573 	 3.06468475 	 3.09231733 
3.10444060 	 3.11288701 	 3.06862240 	 3.10132084 
3.09862382 	 3.11430746 	 3.07939826 	 3.10350989 
3.10572087 	 3.11522133 	 3.07729816 	 3.10644758 
3.09751071 	 3.11700393 	 3.07555458 	 3.10573833 
3.10409498 	 3.12158757 	 3.08162475 	 3.10437742 
3.10020200 	 3.11680473 	 3.08902593 	 3.09775742 
3.10453069 	 3.11166063 	 3.09655663 	 3.09668507 
3.10848300 	 3.10743985 	 3.09102214 	 3.10707144 
3.10809369 	 3.09773226 	 3.09727053 	 3.10439467 
3.10245417 	 3.10103444 	 3.09692002 	 3.09751787 
3.10599838 	 3.09844714 	 3.09797772 	 3.09564163 
3.10263926 	 3.08953096 	 3.10670542 	 3.09044808 
3.10390738 	 3.08703871 	 3.10720351 	 3.10142276 
3.11531353 	 3.08947581 	 3.10935290 	 3.09984492 
3.11322592 	 3.09734914 	 3.09799602 	 3.09164169 
3.11927990 	 3.09923627 	 3.09108915 	 3.09612959 
3.11184722 	 3.10295083 	 3.08819072 	 3.09678573 
3.10694425 	 3.11000717 	 3.08365744 	 3.08553606 
3.10843976 	 3.10870109 	 3.08618576 	 3.08125764 
3.10744694 	 3.10880806 	 3.08329188 	 3.08119760 
3.10757812 	 3.10483064 	 3.08961555 	 3.08602131 
3.11750511 	 3.11140744 	 3.09623866 	 3.08692565 
3.12231187 	 3.11342882 	 3.09830615 	 3.08640557 
3.12385177 	 3.11137824 	 3.10070744 	 3.08910338 
3.12385177 	 3.11137824 	 3.10070744 	 3.08910338 
3.10791135 	 3.10528667 	 3.09652271 	 3.09177535 
3.10814202 	 3.10570015 	 3.10181498 	 3.09539657 
3.10670658 	 3.10125596 	 3.09333619 	 3.09363253 
3.09955205 	 3.09946422 	 3.09705502 	 3.09437226 
3.10376121 	 3.10522981 	 3.08752854 	 3.09132460 
3.10860779 	 3.10556385 	 3.08798953 	 3.08438610 
3.11549922 	 3.10621449 	 3.09515500 	 3.08480570 
3.10938272 	 3.11587523 	 3.08874996 	 3.07401364 
3.10283228 	 3.11665777 	 3.08177500 	 3.08010094 
3.11645418 	 3.11514358 	 3.09170360 	 3.08544959 
3.11645418 	 3.11514358 	 3.09170360 	 3.08544959 
3.11078523 	 3.12041183 	 3.08860568 	 3.08474622 
3.10543230 	 3.11381494 	 3.09940069 	 3.07830372 
3.10543230 	 3.11381494 	 3.09940069 	 3.07830372 
3.10755319 	 3.10477029 	 3.09406733 	 3.08129149 
3.11349559 	 3.10345271 	 3.09198970 	 3.08133287 
3.11349559 	 3.10345271 	 3.09198970 	 3.08133287 
3.11192151 	 3.09723636 	 3.09263239 	 3.09251692 
3.10009773 	 3.08978068 	 3.09241138 	 3.09685764 
3.10427760 	 3.09067944 	 3.09830794 	 3.10176018 
3.10427760 	 3.09067944 	 3.09830794 	 3.10176018 
3.10453156 	 3.08975535 	 3.10405593 	 3.10587305 
3.10399500 	 3.10496997 	 3.10122463 	 3.10144800 
3.11325217 	 3.10039891 	 3.09797279 	 3.10428480 
3.11325217 	 3.10039891 	 3.09797279 	 3.10428480 
3.11616985 	 3.08775517 	 3.09524149 	 3.10253118 
3.11499707 	 3.09808764 	 3.10442166 	 3.10083112 
3.11099274 	 3.09326597 	 3.10284157 	 3.10503022 
3.10825243 	 3.09987096 	 3.10802259 	 3.10599713 
3.09748256 	 3.10125985 	 3.11595638 	 3.10116287 
3.09748256 	 3.10125985 	 3.11595638 	 3.10116287 
3.08784126 	 3.09794402 	 3.11358929 	 3.09731633 
3.07572081 	 3.10693519 	 3.11420348 	 3.09497795 
3.07789800 	 3.10116330 	 3.11817183 	 3.09141421 
3.08379064 	 3.08953390 	 3.11187022 	 3.09862376 
3.07538369 	 3.08339973 	 3.10666818 	 3.10075533 
3.08097715 	 3.09234678 	 3.10881145 	 3.09828209 
3.08522319 	 3.09459709 	 3.11568429 	 3.09595096 
3.09480050 	 3.09620000 	 3.11768623 	 3.09621820 
3.08917272 	 3.09930766 	 3.11747538 	 3.10437171 
3.09108500 	 3.10217385 	 3.13077951 	 3.09672379 
3.08775394 	 3.10001887 	 3.11968480 	 3.10720408 
3.09683057 	 3.09736374 	 3.11772177 	 3.10649840 
3.09683057 	 3.09736374 	 3.11772177 	 3.10649840 
3.10852735 	 3.10859537 	 3.10201005 	 3.10655305 
3.10545147 	 3.11063470 	 3.10185138 	 3.10955361 
3.10778548 	 3.11175664 	 3.10860533 	 3.11066134 
3.10136361 	 3.11215629 	 3.10531487 	 3.10792428 
3.09852074 	 3.09763800 	 3.11032717 	 3.10835292 
3.10385816 	 3.10038321 	 3.10426690 	 3.10559860 
3.10187791 	 3.11386552 	 3.10152793 	 3.09360185 
3.10304098 	 3.10372909 	 3.10253776 	 3.09384432 
3.11293841 	 3.09666316 	 3.10402028 	 3.09698962 
3.11660396 	 3.09987698 	 3.10614761 	 3.09859062 
3.10248615 	 3.09883864 	 3.12206149 	 3.08679082 
3.10992294 	 3.10462200 	 3.11679279 	 3.07971663 
3.10185497 	 3.10541333 	 3.10907136 	 3.07676273 
3.09840245 	 3.10638038 	 3.10648951 	 3.07559610 
3.10120077 	 3.09670952 	 3.10670683 	 3.08154441 
3.10209159 	 3.08545300 	 3.10499527 	 3.09793618 
3.10193989 	 3.09081474 	 3.10073628 	 3.08514864 
3.10193989 	 3.09081474 	 3.10073628 	 3.08514864 
3.10347465 	 3.09543500 	 3.09838883 	 3.08062749 
3.09886188 	 3.08917136 	 3.09548446 	 3.08169976 
3.10023507 	 3.09532425 	 3.08533144 	 3.09776387 
3.10016568 	 3.10075451 	 3.08568748 	 3.09847303 
3.09615519 	 3.08680044 	 3.08975899 	 3.09115003 
3.10177067 	 3.08629938 	 3.08690249 	 3.09627005 
3.09471459 	 3.08450723 	 3.08687577 	 3.08672106 
3.09829499 	 3.08622607 	 3.08100180 	 3.08864085 
3.10207873 	 3.08168065 	 3.08220210 	 3.08897406 
3.09469366 	 3.08322050 	 3.07392637 	 3.09426689 
3.10160854 	 3.07643808 	 3.07948171 	 3.08625705 
3.08976705 	 3.07944425 	 3.07208011 	 3.08510546 
3.09997946 	 3.08005564 	 3.07803594 	 3.08346124 
3.10711670 	 3.08575032 	 3.06754117 	 3.08312495 
3.10204343 	 3.08232695 	 3.06430273 	 3.08293596 
3.10291817 	 3.08536599 	 3.06540428 	 3.07976607 
3.10291817 	 3.08536599 	 3.06540428 	 3.07976607 
3.10291817 	 3.08536599 	 3.06540428 	 3.07976607 
3.09819076 	 3.08557114 	 3.07142474 	 3.07913630 
3.09105392 	 3.08372254 	 3.07389540 	 3.07548997 
3.09299540 	 3.08170596 	 3.08126711 	 3.08007254 
3.09951752 	 3.08171643 	 3.08419339 	 3.07829030 
3.09951752 	 3.08171643 	 3.08419339 	 3.07829030 
3.10240716 	 3.08523417 	 3.08321538 	 3.08458455 
3.10239604 	 3.09079660 	 3.09419888 	 3.08826750 
3.10502321 	 3.09795502 	 3.09945040 	 3.09343659 
3.10736575 	 3.09169566 	 3.10375229 	 3.09140156 
3.10456359 	 3.07942015 	 3.10695246 	 3.09472878 
3.10036236 	 3.07613822 	 3.09785668 	 3.09697349 
3.09612466 	 3.06399358 	 3.09469601 	 3.09674903 
3.10601237 	 3.06915266 	 3.08734841 	 3.10560954 
3.10534681 	 3.07752815 	 3.07902000 	 3.09920120 
3.10837874 	 3.07675336 	 3.07795080 	 3.09746115 
3.10386359 	 3.07248633 	 3.07933456 	 3.09431882 
3.09845981 	 3.06672904 	 3.07636638 	 3.09498884 
3.08841614 	 3.07593736 	 3.08007415 	 3.09376855 
3.08841614 	 3.07593736 	 3.08007415 	 3.09376855 
3.08861405 	 3.08299921 	 3.08512473 	 3.08971779 
3.08459222 	 3.08566913 	 3.09141777 	 3.08796100 
3.08837019 	 3.08530339 	 3.08983325 	 3.08835795 
3.09226008 	 3.08405683 	 3.08156182 	 3.09366224 
3.09226008 	 3.08405683 	 3.08156182 	 3.09366224 
3.09151424 	 3.08646315 	 3.08536454 	 3.08585210 
3.09327926 	 3.10003270 	 3.09132667 	 3.07922240 
3.09327926 	 3.10003270 	 3.09132667 	 3.07922240 
3.07885516 	 3.09707559 	 3.09647991 	 3.08011014 
3.07999500 	 3.09738856 	 3.09911146 	 3.07965343 
3.07423209 	 3.11158863 	 3.09739175 	 3.08624177 
3.07882542 	 3.10453534 	 3.10248154 	 3.09081930 
3.08486781 	 3.10030912 	 3.10127017 	 3.09065855 
3.07965261 	 3.09382192 	 3.10922926 	 3.08689603 
3.09159157 	 3.08526884 	 3.11051500 	 3.09597836 
3.08088138 	 3.08397898 	 3.10805443 	 3.09648212 
3.08712276 	 3.08251692 	 3.11116762 	 3.09050058 
3.08712276 	 3.08251692 	 3.11116762 	 3.09050058 
3.09255338 	 3.08664842 	 3.09745016 	 3.08908910 
3.10039872 	 3.07886713 	 3.08017571 	 3.07947972 
3.09506975 	 3.07968703 	 3.08010284 	 3.08797621 
3.09518843 	 3.08769732 	 3.07856073 	 3.09605041 
3.09070122 	 3.08627732 	 3.07847917 	 3.08660342 
3.08875167 	 3.09270953 	 3.08402584 	 3.09112226 
3.09096122 	 3.09272716 	 3.09260592 	 3.09524914 
3.08436474 	 3.09782068 	 3.09432212 	 3.10399772 
3.08532717 	 3.10261105 	 3.09962003 	 3.09275461 
3.09604632 	 3.10112362 	 3.10740102 	 3.08707683 
3.09666612 	 3.10281297 	 3.10231766 	 3.08504282 
3.09335278 	 3.09943922 	 3.09137521 	 3.08495703 
3.09525441 	 3.10789435 	 3.09301696 	 3.09360888 
3.10313615 	 3.10528721 	 3.09255052 	 3.09943446 
3.09942067 	 3.10128567 	 3.09503433 	 3.09830475 
3.09280958 	 3.11289477 	 3.09537358 	 3.11485939 
3.08788410 	 3.10810585 	 3.10234049 	 3.10090935 
3.08788410 	 3.10810585 	 3.10234049 	 3.10090935 
3.08890728 	 3.10611668 	 3.10045574 	 3.10548252 
3.09660193 	 3.09990079 	 3.09860889 	 3.11469289 
3.09318699 	 3.09865250 	 3.09813462 	 3.11886343 
3.09165295 	 3.08888847 	 3.11293676 	 3.11296479 
3.09144599 	 3.08047396 	 3.11916196 	 3.10660281 
3.09795147 	 3.08490801 	 3.12110212 	 3.10845744 
3.08909545 	 3.08641613 	 3.11794851 	 3.10989548 
3.09047030 	 3.08698418 	 3.11283991 	 3.10547376 
3.09047030 	 3.08698418 	 3.11283991 	 3.10547376 
3.08691709 	 3.09020431 	 3.11687159 	 3.10717152 
3.09178745 	 3.09081935 	 3.10259818 	 3.10360966 
3.09481943 	 3.09108911 	 3.10361002 	 3.10174296 
3.09761780 	 3.08977579 	 3.08885877 	 3.09914803 
3.09761780 	 3.08977579 	 3.08885877 	 3.09914803 
3.09434516 	 3.08628413 	 3.08951955 	 3.10080925 
3.08627820 	 3.08687962 	 3.08519690 	 3.10167451 
3.08445510 	 3.09713571 	 3.08860894 	 3.11208748 
3.08775756 	 3.09028064 	 3.08697646 	 3.12013780 
3.08421034 	 3.08872021 	 3.08711229 	 3.10773338 
3.08421034 	 3.08872021 	 3.08711229 	 3.10773338 
3.08694742 	 3.08146656 	 3.08962060 	 3.10390823 
3.08514306 	 3.07290485 	 3.08585968 	 3.09272744 
3.08888212 	 3.07680851 	 3.09479288 	 3.09612715 
3.08512028 	 3.08097355 	 3.09729167 	 3.10353367 
3.08144642 	 3.07974356 	 3.10052444 	 3.10573105 
3.08711687 	 3.08233189 	 3.09551185 	 3.10498325 
3.08902393 	 3.08730273 	 3.10587363 	 3.09848593 
3.09650757 	 3.09253343 	 3.10771882 	 3.09475622 
3.10124614 	 3.08983486 	 3.09921798 	 3.09463291 
3.10124614 	 3.08983486 	 3.09921798 	 3.09463291 
3.10086876 	 3.08942218 	 3.10665024 	 3.09885900 
3.09141062 	 3.08115322 	 3.10875099 	 3.10183652 
3.10583233 	 3.08743932 	 3.11676388 	 3.10324002 
3.11671658 	 3.08562205 	 3.10884047 	 3.09780303 
3.11671658 	 3.08562205 	 3.10884047 	 3.09780303 
3.11203685 	 3.08316274 	 3.11149467 	 3.09285844 
3.09795885 	 3.08712088 	 3.10238560 	 3.08677247 
3.11056443 	 3.08783336 	 3.10543059 	 3.09865576 
3.11473474 	 3.09629682 	 3.09261634 	 3.09506272 
3.11371305 	 3.09330835 	 3.09487590 	 3.10020447 
3.11130901 	 3.10877202 	 3.09869779 	 3.09956604 
3.11033513 	 3.10510482 	 3.09969043 	 3.09430905 
3.10496526 	 3.10362927 	 3.09215947 	 3.09842374 
3.10413543 	 3.09446750 	 3.09203577 	 3.09832273 
3.10259194 	 3.09401856 	 3.09217762 	 3.09687087 
3.11215347 	 3.09195460 	 3.09199846 	 3.08931806 
3.11215347 	 3.09195460 	 3.09199846 	 3.08931806 
3.11044965 	 3.09702782 	 3.08974739 	 3.08854429 
3.11923683 	 3.09647957 	 3.08411897 	 3.08758843 
3.11577494 	 3.10473156 	 3.08005875 	 3.08870456 
3.10402869 	 3.10562029 	 3.08194663 	 3.08817052 
3.09769601 	 3.10009071 	 3.08639504 	 3.08652870 
3.09692612 	 3.09357751 	 3.09189128 	 3.09058185 
3.09751612 	 3.08901685 	 3.08556925 	 3.08898703 
3.10044122 	 3.09023817 	 3.07990155 	 3.09046458 
3.10168683 	 3.09218635 	 3.07759500 	 3.09313308 
3.10250194 	 3.09513008 	 3.08397644 	 3.09231138 
3.09730282 	 3.08229109 	 3.08871917 	 3.09603319 
3.09730282 	 3.08229109 	 3.08871917 	 3.09603319 
3.10460389 	 3.09389308 	 3.08191655 	 3.09914422 
3.10203390 	 3.08728663 	 3.08163923 	 3.09989738 
3.10226367 	 3.08607138 	 3.08660412 	 3.10250411 
3.09668696 	 3.08309460 	 3.09503071 	 3.11075115 
3.09943395 	 3.09155315 	 3.09139203 	 3.10389952 
3.10583607 	 3.09600335 	 3.08932632 	 3.09924282 
3.10583607 	 3.09600335 	 3.08932632 	 3.09924282 
3.10583607 	 3.09600335 	 3.08932632 	 3.09924282 
3.10583607 	 3.09600335 	 3.08932632 	 3.09924282 
3.10099841 	 3.10006330 	 3.08835915 	 3.09713800 
3.10689555 	 3.10565508 	 3.09066252 	 3.10402863 
3.09887860 	 3.10562003 	 3.09104229 	 3.10355150 
3.10022618 	 3.09677981 	 3.09766558 	 3.09868607 
3.10022618 	 3.09677981 	 3.09766558 	 3.09868607 
3.09790134 	 3.10346744 	 3.10085003 	 3.09421561 
3.09119665 	 3.10494295 	 3.09770972 	 3.09166259 
3.08146593 	 3.10386201 	 3.09794006 	 3.08539032 
3.08570311 	 3.09887440 	 3.10373771 	 3.08350571 
3.08233251 	 3.08486888 	 3.09391697 	 3.08426434 
3.08889248 	 3.08151740 	 3.09608598 	 3.09406958 
3.08939525 	 3.08419220 	 3.09044841 	 3.09030437 
3.08627144 	 3.08642728 	 3.08412737 	 3.09733717 
3.08967946 	 3.08962549 	 3.07886701 	 3.09469993 
3.10031636 	 3.08720619 	 3.07975119 	 3.09601241 
3.10360578 	 3.08901501 	 3.07610707 	 3.09801051 
3.10360578 	 3.08901501 	 3.07610707 	 3.09801051 
3.09992996 	 3.09269736 	 3.07514472 	 3.10774285 
3.10255488 	 3.09067381 	 3.07263155 	 3.10723320 
3.09822162 	 3.09551852 	 3.07880012 	 3.10147045 
3.09822162 	 3.09551852 	 3.07880012 	 3.10147045 
3.09822162 	 3.09551852 	 3.07880012 	 3.10147045 
3.07931544 	 3.09031344 	 3.08217627 	 3.09893470 
3.08711595 	 3.09258932 	 3.08772693 	 3.08468475 
3.08425479 	 3.09254478 	 3.08420087 	 3.09298805 
3.07755285 	 3.09650476 	 3.08275046 	 3.08205031 
3.07488408 	 3.10148493 	 3.07413501 	 3.07669342 
3.08930349 	 3.09458531 	 3.08652430 	 3.07307632 
3.09504789 	 3.09567079 	 3.09188408 	 3.07409860 
3.09892020 	 3.10157028 	 3.07711239 	 3.06816922 
3.09495824 	 3.09609717 	 3.07907232 	 3.07538065 
3.10339446 	 3.09933737 	 3.07782621 	 3.07740125 
3.10606295 	 3.09546791 	 3.08280209 	 3.07081779 
3.10308059 	 3.08677097 	 3.08333824 	 3.07028780 
3.09800280 	 3.08865701 	 3.07910638 	 3.06527678 
3.09808675 	 3.08991155 	 3.08991552 	 3.05842341 
3.11208447 	 3.07845178 	 3.09522018 	 3.05426596 
3.10148178 	 3.07560594 	 3.08664258 	 3.05976662 
3.10309070 	 3.07664773 	 3.08784419 	 3.06760792 
3.10511892 	 3.08878603 	 3.08076488 	 3.07547323 
3.11229538 	 3.08606005 	 3.08116853 	 3.06943997 
3.11210126 	 3.08943558 	 3.09524566 	 3.06677500 
3.10463709 	 3.09608724 	 3.09439464 	 3.06209858 
3.10707348 	 3.09744224 	 3.07850639 	 3.07040107 
3.10882369 	 3.10229988 	 3.08515592 	 3.06741627 
3.10804164 	 3.10253422 	 3.09043762 	 3.07409773 
3.11494283 	 3.08801941 	 3.09256702 	 3.07567959 
3.11784608 	 3.09435902 	 3.08500920 	 3.07972211 
3.11784608 	 3.09435902 	 3.08500920 	 3.07972211 
3.11630762 	 3.09203283 	 3.09104797 	 3.08133294 
3.10139775 	 3.09265865 	 3.08622132 	 3.08647829 
3.10927318 	 3.10199913 	 3.08497736 	 3.08328356 
3.11081732 	 3.10126545 	 3.07873216 	 3.07913613 
3.11039256 	 3.10977270 	 3.08978380 	 3.08729198 
3.11396173 	 3.10629615 	 3.09294129 	 3.08644343 
3.11282678 	 3.11255431 	 3.09851122 	 3.08879956 
3.11275202 	 3.10188948 	 3.10377245 	 3.09102122 
3.11275202 	 3.10188948 	 3.10377245 	 3.09102122 
3.11508746 	 3.10029818 	 3.09650985 	 3.08513792 
3.11625831 	 3.08155673 	 3.09922501 	 3.07720152 
3.12265794 	 3.07803198 	 3.10823589 	 3.08039383 
3.11791746 	 3.08333870 	 3.10910196 	 3.09138618 
3.11130364 	 3.09199899 	 3.11035879 	 3.08804873 
3.10949881 	 3.09106337 	 3.11613578 	 3.08810981 
3.09731627 	 3.09227986 	 3.11061609 	 3.10029759 
3.09108266 	 3.09798927 	 3.11460466 	 3.09815310 
3.10254324 	 3.09001821 	 3.11000056 	 3.09482516 
3.10974929 	 3.09635422 	 3.11507903 	 3.09641404 
3.10269618 	 3.08770013 	 3.10389086 	 3.09539827 
3.10648681 	 3.08928966 	 3.09685606 	 3.09282536 
3.10983070 	 3.08698152 	 3.09374995 	 3.09769341 
3.11050211 	 3.08822397 	 3.10129443 	 3.10276473 
3.12055633 	 3.08134093 	 3.10347500 	 3.10457948 
3.11525445 	 3.08980721 	 3.10748549 	 3.09913007 
3.11531364 	 3.09064702 	 3.11132865 	 3.09415563 
3.10830105 	 3.09162963 	 3.10048153 	 3.10086191 
3.10716369 	 3.10792352 	 3.09448241 	 3.10826604 
3.09824740 	 3.10029943 	 3.09161530 	 3.10139857 
3.09424619 	 3.11373002 	 3.10409315 	 3.09621515 
3.09326064 	 3.11769962 	 3.09490782 	 3.09238593 
3.09029706 	 3.11523631 	 3.09843913 	 3.09552351 
3.08648649 	 3.11564604 	 3.10611731 	 3.09906725 
3.09286626 	 3.11776200 	 3.10338806 	 3.09889652 
3.09433666 	 3.11472274 	 3.10496706 	 3.10044571 
3.10121516 	 3.11161592 	 3.10577302 	 3.09757969 
3.11055691 	 3.11254697 	 3.10851425 	 3.09936189 
3.10755369 	 3.10670397 	 3.10301648 	 3.09381332 
3.09889916 	 3.10194954 	 3.11088020 	 3.08482669 
3.09237022 	 3.10141652 	 3.10181373 	 3.08212167 
3.08801996 	 3.08537559 	 3.10775799 	 3.08530713 
3.09284674 	 3.07928282 	 3.10735964 	 3.08284147 
3.08102926 	 3.08502017 	 3.10666865 	 3.08517960 
3.08980414 	 3.08467113 	 3.11126141 	 3.08759850 
3.08796624 	 3.08867215 	 3.11270172 	 3.08130688 
3.08177171 	 3.09509365 	 3.10722697 	 3.07526519 
3.08679966 	 3.09352971 	 3.10545397 	 3.07343757 
3.07409927 	 3.08165334 	 3.10057842 	 3.06917199 
3.07646705 	 3.08342702 	 3.10129658 	 3.07448672 
3.08041750 	 3.08709395 	 3.10384975 	 3.07583780 
3.08041750 	 3.08709395 	 3.10384975 	 3.07583780 
3.07690749 	 3.08338370 	 3.09746690 	 3.07536568 
3.08281102 	 3.09760928 	 3.09664053 	 3.07505871 
3.07613693 	 3.09534136 	 3.09528750 	 3.07011325 
3.07897870 	 3.09314729 	 3.08936013 	 3.06851959 
3.07897870 	 3.09314729 	 3.08936013 	 3.06851959 
3.07529173 	 3.09222249 	 3.09061508 	 3.06388562 
3.07737967 	 3.08764736 	 3.09551997 	 3.06390285 
3.07862269 	 3.08806494 	 3.09773755 	 3.06572541 
3.08701346 	 3.07741711 	 3.09690014 	 3.08301905 
3.09272162 	 3.08372834 	 3.09989722 	 3.08353402 
3.08980400 	 3.08887932 	 3.09844009 	 3.08443146 
3.09093049 	 3.08929613 	 3.09533261 	 3.08240495 
3.09501123 	 3.08778271 	 3.10291528 	 3.07851968 
3.09247019 	 3.08875310 	 3.08901124 	 3.08059489 
3.09352821 	 3.08842495 	 3.08598864 	 3.08707050 
3.09378244 	 3.08762606 	 3.07431423 	 3.09106632 
3.09593846 	 3.08307409 	 3.06753120 	 3.09047030 
3.08403931 	 3.08723919 	 3.07261495 	 3.09043320 
3.08688721 	 3.08357571 	 3.07630599 	 3.08689337 
3.09455686 	 3.09477186 	 3.07897212 	 3.09161549 
3.09830123 	 3.10298617 	 3.08211634 	 3.09998636 
3.08706634 	 3.10359546 	 3.09018500 	 3.09662346 
3.08706634 	 3.10359546 	 3.09018500 	 3.09662346 
3.08930772 	 3.10447879 	 3.08395188 	 3.09905529 
3.08930772 	 3.10447879 	 3.08395188 	 3.09905529 
3.09654848 	 3.10338146 	 3.08777334 	 3.09214130 
3.08805834 	 3.09971875 	 3.08671348 	 3.08260282 
3.08975483 	 3.10486547 	 3.08555415 	 3.08146739 
3.09487620 	 3.09577816 	 3.08905806 	 3.07356003 
3.09214002 	 3.09682251 	 3.08332404 	 3.07276629 
3.09344363 	 3.09036954 	 3.08418355 	 3.07191510 
3.09537019 	 3.08268983 	 3.08339097 	 3.07396044 
3.09537019 	 3.08268983 	 3.08339097 	 3.07396044 
3.08378764 	 3.07895642 	 3.08308719 	 3.07581009 
3.08735840 	 3.07790379 	 3.08249560 	 3.08530192 
3.09005910 	 3.07387356 	 3.07598332 	 3.07518046 
3.09468062 	 3.07410345 	 3.07247369 	 3.08048858 
3.09931195 	 3.07212342 	 3.07352607 	 3.08620508 
3.09931195 	 3.07212342 	 3.07352607 	 3.08620508 
3.09931195 	 3.07212342 	 3.07352607 	 3.08620508 
3.09931195 	 3.07212342 	 3.07352607 	 3.08620508 
3.10000991 	 3.06766764 	 3.07145917 	 3.09300578 
3.10708286 	 3.06084206 	 3.06944853 	 3.09099896 
3.10052335 	 3.06079168 	 3.06991308 	 3.09599297 
3.10054931 	 3.06850066 	 3.08057805 	 3.08186037 
3.09443457 	 3.07281612 	 3.08789338 	 3.08358675 
3.09068152 	 3.07815217 	 3.08467815 	 3.08522900 
3.09406785 	 3.07717002 	 3.07381660 	 3.08576312 
3.07538292 	 3.07537965 	 3.07917454 	 3.08926413 
3.07601265 	 3.07706486 	 3.08374259 	 3.08671835 
3.07601265 	 3.07706486 	 3.08374259 	 3.08671835 
3.07026864 	 3.07386330 	 3.08568776 	 3.09388954 
3.07737426 	 3.06819617 	 3.07983094 	 3.09859287 
3.07756897 	 3.06204284 	 3.08679639 	 3.10361125 
3.08062605 	 3.07133536 	 3.08045918 	 3.09979714 
3.07897298 	 3.06629705 	 3.07437416 	 3.08967924 
3.08044291 	 3.06488665 	 3.06826242 	 3.09375655 
3.08044291 	 3.06488665 	 3.06826242 	 3.09375655 
3.07311845 	 3.06122180 	 3.06929435 	 3.09813177 
3.08775500 	 3.07141040 	 3.07733525 	 3.09315781 
3.09159308 	 3.07223184 	 3.08293401 	 3.10037320 
3.07833627 	 3.06988113 	 3.08499719 	 3.10220277 
3.07833627 	 3.06988113 	 3.08499719 	 3.10220277 
3.08196558 	 3.07316798 	 3.07316659 	 3.10005826 
3.08196558 	 3.07316798 	 3.07316659 	 3.10005826 
3.07448372 	 3.08681769 	 3.08329716 	 3.10606679 
3.07150834 	 3.09551157 	 3.07898138 	 3.10619890 
3.06614221 	 3.08820530 	 3.08350695 	 3.09189154 
3.07860854 	 3.08516455 	 3.07549922 	 3.08046546 
3.07860854 	 3.08516455 	 3.07549922 	 3.08046546 
3.08982994 	 3.08920068 	 3.07615356 	 3.07858483 
3.09467127 	 3.09085685 	 3.07571096 	 3.08518282 
3.09037084 	 3.09177249 	 3.08614420 	 3.08498484 
3.09418710 	 3.09480532 	 3.08703494 	 3.08233862 
3.08546963 	 3.08977094 	 3.08984248 	 3.09075875 
3.07469982 	 3.09008542 	 3.08788618 	 3.09106533 
3.06890071 	 3.09400672 	 3.08524930 	 3.09630370 
3.08101591 	 3.09122206 	 3.08613057 	 3.09619822 
3.08122025 	 3.09819801 	 3.08434835 	 3.09258058 
3.08666133 	 3.09613358 	 3.09491637 	 3.08779406 
3.08364537 	 3.09877533 	 3.09320841 	 3.08820056 
3.08364537 	 3.09877533 	 3.09320841 	 3.08820056 
3.08364537 	 3.09877533 	 3.09320841 	 3.08820056 
3.08777324 	 3.09608322 	 3.10020691 	 3.08881580 
3.08879783 	 3.09269550 	 3.10738813 	 3.09588248 
3.08706500 	 3.09060601 	 3.10802318 	 3.11096690 
3.08670212 	 3.09665604 	 3.09671993 	 3.10747542 
3.08984124 	 3.08979202 	 3.09655948 	 3.09831029 
3.08585685 	 3.10237617 	 3.10804221 	 3.09384023 
3.08973566 	 3.10445466 	 3.10268830 	 3.09679265 
3.09071580 	 3.10595623 	 3.10159353 	 3.08829386 
3.08987665 	 3.10405514 	 3.09985751 	 3.08426323 
3.09200378 	 3.10084257 	 3.09435388 	 3.08961601 
3.07609392 	 3.09596556 	 3.09454361 	 3.08483139 
3.07611356 	 3.09144247 	 3.09513168 	 3.08684368 
3.08216005 	 3.09673792 	 3.08458779 	 3.09842658 
3.08216005 	 3.09673792 	 3.08458779 	 3.09842658 
3.08049949 	 3.09401775 	 3.10074348 	 3.09528332 
3.08448900 	 3.09494875 	 3.09453568 	 3.09610228 
3.07964427 	 3.08992057 	 3.09268555 	 3.09559552 
3.07964427 	 3.08992057 	 3.09268555 	 3.09559552 
3.07503963 	 3.08196902 	 3.09520685 	 3.09848452 
3.07691254 	 3.08006128 	 3.09603415 	 3.09550018 
3.06935639 	 3.07718845 	 3.09693613 	 3.10323079 
3.07496339 	 3.07633991 	 3.09105027 	 3.10349709 
3.06964784 	 3.08928036 	 3.09179823 	 3.09214076 
3.07153053 	 3.08986177 	 3.09625033 	 3.08462686 
3.07631875 	 3.09725787 	 3.09725676 	 3.08608075 
3.08212516 	 3.09508412 	 3.09913646 	 3.08410996 
3.07560341 	 3.10065265 	 3.10139301 	 3.08239794 
3.07776828 	 3.10714506 	 3.10985355 	 3.09206846 
3.07201494 	 3.11236984 	 3.11252510 	 3.08605049 
3.08041834 	 3.12163611 	 3.11388525 	 3.08862312 
3.08041834 	 3.12163611 	 3.11388525 	 3.08862312 
3.08733249 	 3.12430829 	 3.10822758 	 3.08431185 
3.08242692 	 3.12286225 	 3.10808902 	 3.09571161 
3.07822500 	 3.12500092 	 3.10427619 	 3.10307163 
3.07927706 	 3.12967856 	 3.10593426 	 3.10915033 
3.07646826 	 3.12119283 	 3.10417522 	 3.09871572 
3.08144705 	 3.11190309 	 3.10220669 	 3.09962840 
3.08677994 	 3.11400476 	 3.09746397 	 3.11360283 
3.09413866 	 3.10822388 	 3.08928294 	 3.11795521 
3.09200331 	 3.10770203 	 3.09946343 	 3.12225864 
3.09038810 	 3.09055915 	 3.10948519 	 3.11620044 
3.09866002 	 3.08989957 	 3.10931211 	 3.11407820 
3.08920235 	 3.09468168 	 3.10910802 	 3.11842483 
3.09590733 	 3.10024245 	 3.10954185 	 3.11142691 
3.09210002 	 3.09334523 	 3.10373037 	 3.10826595 
3.08871913 	 3.09901012 	 3.09733517 	 3.11311567 
3.08014835 	 3.09632625 	 3.10230691 	 3.11807569 
3.08772797 	 3.09852781 	 3.10675164 	 3.11771240 
3.09174711 	 3.09189791 	 3.10619608 	 3.12853444 
3.08770859 	 3.08138162 	 3.10534872 	 3.12703589 
3.09034923 	 3.08256718 	 3.09461393 	 3.11066343 
3.09465915 	 3.08880147 	 3.09714179 	 3.10794003 
3.09722180 	 3.09132193 	 3.09843567 	 3.09772875 
3.09440225 	 3.09127897 	 3.09923152 	 3.10703030 
3.09614155 	 3.09299800 	 3.10859100 	 3.10537129 
3.09654473 	 3.10075619 	 3.11237397 	 3.10265424 
3.09241288 	 3.09697394 	 3.11084123 	 3.10797942 
3.09140943 	 3.08931248 	 3.10128507 	 3.10999949 
3.08793991 	 3.09413083 	 3.09933154 	 3.11251429 
3.07734597 	 3.10223990 	 3.09883972 	 3.10100602 
3.08492582 	 3.10259295 	 3.09979634 	 3.11056752 
3.08492582 	 3.10259295 	 3.09979634 	 3.11056752 
3.08739926 	 3.09784232 	 3.09633989 	 3.10422913 
3.09464997 	 3.09347198 	 3.09901151 	 3.10116881 
