0.74090966 	 0.74241981 	 0.73874789 	 0.73767315 
0.74018353 	 0.74080966 	 0.73915317 	 0.73851334 
0.74082143 	 0.74229004 	 0.73995085 	 0.73776853 
0.74097797 	 0.74201494 	 0.74100891 	 0.73881483 
0.74275895 	 0.74205303 	 0.74091382 	 0.73842922 
0.74424423 	 0.74228270 	 0.74069975 	 0.73816700 
0.74232449 	 0.74144105 	 0.74163969 	 0.73766650 
0.74081352 	 0.74157336 	 0.74167864 	 0.73811838 
0.74148022 	 0.74158712 	 0.74276000 	 0.73913356 
0.74279301 	 0.74251581 	 0.74257645 	 0.73884316 
0.74202719 	 0.74319980 	 0.74176295 	 0.73975127 
0.74202719 	 0.74319980 	 0.74176295 	 0.73975127 
0.74142294 	 0.74316091 	 0.74209344 	 0.74113502 
0.74116253 	 0.74289132 	 0.74336951 	 0.74049066 
0.74126388 	 0.74394567 	 0.74146883 	 0.74124062 
0.74267035 	 0.74294952 	 0.74061576 	 0.74171263 
0.74348636 	 0.74372929 	 0.74229812 	 0.74048711 
0.74348636 	 0.74372929 	 0.74229812 	 0.74048711 
0.74344343 	 0.74299554 	 0.74308435 	 0.73808611 
0.74372663 	 0.74384422 	 0.74258139 	 0.73965028 
0.74302023 	 0.74297231 	 0.74203522 	 0.73892681 
0.74202647 	 0.74415547 	 0.74159689 	 0.73895424 
0.74201302 	 0.74351961 	 0.74275840 	 0.73917337 
0.74380802 	 0.74453291 	 0.74194868 	 0.73947965 
0.74467311 	 0.74439829 	 0.74162144 	 0.74043537 
0.74538884 	 0.74502711 	 0.74014958 	 0.74125467 
0.74466458 	 0.74570752 	 0.74067464 	 0.74188519 
0.74458598 	 0.74543905 	 0.74262250 	 0.74154944 
0.74369655 	 0.74340207 	 0.74057709 	 0.74141131 
0.74602646 	 0.74395631 	 0.74050950 	 0.73978215 
0.74567772 	 0.74373251 	 0.74182624 	 0.73975260 
0.74618614 	 0.74460473 	 0.74003441 	 0.74161660 
0.74618614 	 0.74460473 	 0.74003441 	 0.74161660 
0.74618614 	 0.74460473 	 0.74003441 	 0.74161660 
0.74598491 	 0.74243303 	 0.73875478 	 0.74227684 
0.74622080 	 0.74412823 	 0.73873590 	 0.74261510 
0.74628177 	 0.74192542 	 0.74014255 	 0.74384113 
0.74611601 	 0.74344352 	 0.73983961 	 0.74433193 
0.74566247 	 0.74396727 	 0.73892907 	 0.74457668 
0.74462096 	 0.74369004 	 0.74009245 	 0.74645700 
0.74519406 	 0.74412826 	 0.74040352 	 0.74793865 
0.74500665 	 0.74461209 	 0.74027198 	 0.74721831 
0.74455594 	 0.74541446 	 0.74033412 	 0.74765477 
0.74441449 	 0.74495973 	 0.74025799 	 0.74676580 
0.74377935 	 0.74505131 	 0.73902155 	 0.74385361 
0.74435334 	 0.74514949 	 0.74168877 	 0.74362305 
0.74428191 	 0.74617388 	 0.74140791 	 0.74379484 
0.74599698 	 0.74700236 	 0.74167334 	 0.74423921 
0.74613206 	 0.74699213 	 0.74220431 	 0.74412083 
0.74625271 	 0.74557901 	 0.74390848 	 0.74609020 
0.74625271 	 0.74557901 	 0.74390848 	 0.74609020 
0.74574842 	 0.74538909 	 0.74418259 	 0.74444785 
0.74491739 	 0.74277705 	 0.74556543 	 0.74465538 
0.74457054 	 0.74315534 	 0.74443059 	 0.74441608 
0.74530073 	 0.74286879 	 0.74383231 	 0.74404408 
0.74656124 	 0.74266913 	 0.74337618 	 0.74541028 
0.74704842 	 0.74241119 	 0.74592550 	 0.74552463 
0.74623469 	 0.74299161 	 0.74512767 	 0.74330676 
0.74492497 	 0.74434258 	 0.74620348 	 0.74247547 
0.74506946 	 0.74401200 	 0.74568020 	 0.74265204 
0.74397762 	 0.74407938 	 0.74503976 	 0.74303597 
0.74165774 	 0.74352758 	 0.74498635 	 0.74365853 
0.74243752 	 0.74314981 	 0.74493402 	 0.74404699 
0.74349631 	 0.74248969 	 0.74504411 	 0.74309108 
0.74372934 	 0.74296805 	 0.74568464 	 0.74572966 
0.74231893 	 0.74351044 	 0.74508914 	 0.74438225 
0.74231893 	 0.74351044 	 0.74508914 	 0.74438225 
0.74431588 	 0.74485093 	 0.74611267 	 0.74510297 
0.74431588 	 0.74485093 	 0.74611267 	 0.74510297 
0.74390229 	 0.74452189 	 0.74625599 	 0.74675067 
0.74451839 	 0.74553839 	 0.74522592 	 0.74865094 
0.74451839 	 0.74553839 	 0.74522592 	 0.74865094 
0.74377609 	 0.74620294 	 0.74566772 	 0.74590659 
0.74377609 	 0.74620294 	 0.74566772 	 0.74590659 
0.74419330 	 0.74466415 	 0.74559356 	 0.74602171 
0.74395508 	 0.74329290 	 0.74438455 	 0.74693136 
0.74454709 	 0.74293490 	 0.74431534 	 0.74568076 
0.74478865 	 0.74131984 	 0.74334125 	 0.74487358 
0.74546870 	 0.74080631 	 0.74375242 	 0.74415559 
0.74575379 	 0.74054024 	 0.74236179 	 0.74524555 
0.74602753 	 0.74016930 	 0.74147836 	 0.74500864 
0.74491671 	 0.74049520 	 0.73983638 	 0.74542506 
0.74568586 	 0.74015913 	 0.73955087 	 0.74628832 
0.74640811 	 0.74149602 	 0.73925937 	 0.74473502 
0.74539018 	 0.74125441 	 0.73982180 	 0.74552292 
0.74644263 	 0.74235655 	 0.73971614 	 0.74415574 
0.74684100 	 0.74285007 	 0.73928457 	 0.74436131 
0.74648945 	 0.74325205 	 0.73973208 	 0.74386314 
0.74569503 	 0.74150850 	 0.74095761 	 0.74553511 
0.74576391 	 0.74169770 	 0.74330140 	 0.74636366 
0.74535925 	 0.74172240 	 0.74340815 	 0.74586369 
0.74505432 	 0.74050123 	 0.74396510 	 0.74490335 
0.74498885 	 0.74081164 	 0.74288023 	 0.74490173 
0.74352587 	 0.74093941 	 0.74305015 	 0.74603814 
0.74252852 	 0.74002080 	 0.74324430 	 0.74663848 
0.74205598 	 0.74041242 	 0.74343635 	 0.74573837 
0.74320219 	 0.74149631 	 0.74234177 	 0.74502043 
0.74430467 	 0.74145448 	 0.74364946 	 0.74473959 
0.74268539 	 0.74093540 	 0.74284070 	 0.74600825 
0.74314569 	 0.74207347 	 0.74370679 	 0.74526597 
0.74314569 	 0.74207347 	 0.74370679 	 0.74526597 
0.74278517 	 0.74082056 	 0.74479785 	 0.74460484 
0.74315800 	 0.74079541 	 0.74389406 	 0.74291800 
0.74315800 	 0.74079541 	 0.74389406 	 0.74291800 
0.74246076 	 0.74041933 	 0.74388419 	 0.74134972 
0.74246076 	 0.74041933 	 0.74388419 	 0.74134972 
0.74213680 	 0.74061709 	 0.74278959 	 0.74221389 
0.74047750 	 0.73975766 	 0.74298186 	 0.74240781 
0.74001809 	 0.74081223 	 0.74162762 	 0.74243907 
0.74100059 	 0.73984667 	 0.74036609 	 0.74187288 
0.74100059 	 0.73984667 	 0.74036609 	 0.74187288 
0.74100059 	 0.73984667 	 0.74036609 	 0.74187288 
0.73890866 	 0.73899055 	 0.73978217 	 0.74371148 
0.73971614 	 0.73911176 	 0.74130508 	 0.74339717 
0.73949071 	 0.73993601 	 0.74179417 	 0.74400678 
0.74039332 	 0.74110580 	 0.74151636 	 0.74309761 
0.74004384 	 0.74140409 	 0.74239427 	 0.74393696 
0.73978645 	 0.74015550 	 0.74361704 	 0.74437603 
0.73881764 	 0.74040010 	 0.74411327 	 0.74429685 
0.73876462 	 0.73808235 	 0.74353582 	 0.74263752 
0.73828361 	 0.73727285 	 0.74354752 	 0.74247291 
0.73761894 	 0.73847421 	 0.74387135 	 0.74203768 
0.73923477 	 0.73985369 	 0.74486139 	 0.74285095 
0.74001012 	 0.74136699 	 0.74528350 	 0.74271068 
0.74067069 	 0.74188566 	 0.74490020 	 0.74517210 
0.74259130 	 0.74309683 	 0.74513753 	 0.74379703 
0.74449178 	 0.74265189 	 0.74476154 	 0.74279433 
0.74432133 	 0.74209038 	 0.74436037 	 0.74127735 
0.74294577 	 0.74302101 	 0.74455172 	 0.74194253 
0.74239053 	 0.74373029 	 0.74336025 	 0.74168782 
0.74222629 	 0.74358510 	 0.74258962 	 0.74119786 
0.74201835 	 0.74298790 	 0.74387548 	 0.74108680 
0.74081406 	 0.74147493 	 0.74261705 	 0.74026362 
0.74124182 	 0.74217237 	 0.74133173 	 0.74086293 
0.74118117 	 0.74217480 	 0.74134173 	 0.74147570 
0.74152448 	 0.74183467 	 0.74084145 	 0.74270766 
0.74145263 	 0.74284856 	 0.74032346 	 0.74141575 
0.74114818 	 0.74329009 	 0.74026414 	 0.74274428 
0.74114818 	 0.74329009 	 0.74026414 	 0.74274428 
0.74161453 	 0.74338853 	 0.73997132 	 0.74200924 
0.74125698 	 0.74258635 	 0.74003657 	 0.74173061 
0.74125698 	 0.74258635 	 0.74003657 	 0.74173061 
0.74128824 	 0.74239239 	 0.73886787 	 0.74139751 
0.74240535 	 0.74100370 	 0.73927691 	 0.74248988 
0.74240576 	 0.73948939 	 0.73913179 	 0.74364955 
0.74302666 	 0.73992187 	 0.74061072 	 0.74255758 
0.74512698 	 0.74064372 	 0.74238714 	 0.74180695 
0.74512698 	 0.74064372 	 0.74238714 	 0.74180695 
0.74512698 	 0.74064372 	 0.74238714 	 0.74180695 
0.74559489 	 0.74166476 	 0.74280221 	 0.74130138 
0.74496855 	 0.74088429 	 0.74175176 	 0.74111885 
0.74532241 	 0.74011114 	 0.74085497 	 0.74289085 
0.74360838 	 0.73861415 	 0.74250412 	 0.74392578 
0.74450021 	 0.73865672 	 0.74371126 	 0.74341878 
0.74506860 	 0.73920947 	 0.74243429 	 0.74357569 
0.74512553 	 0.73955685 	 0.74128696 	 0.74266801 
0.74556095 	 0.73738653 	 0.74130559 	 0.74300064 
0.74433892 	 0.73809099 	 0.74169215 	 0.74345743 
0.74521472 	 0.73841899 	 0.74072349 	 0.74343500 
0.74569951 	 0.73981917 	 0.74100975 	 0.74153181 
0.74496961 	 0.74017947 	 0.73995450 	 0.74085294 
0.74420146 	 0.74113284 	 0.74032600 	 0.73976831 
0.74471876 	 0.74180430 	 0.74103499 	 0.74007280 
0.74485711 	 0.74386525 	 0.74133598 	 0.73875425 
0.74545802 	 0.74385911 	 0.74228155 	 0.74208661 
0.74553949 	 0.74356664 	 0.74118512 	 0.74282764 
0.74553949 	 0.74356664 	 0.74118512 	 0.74282764 
0.74351351 	 0.74472475 	 0.74101346 	 0.74295524 
0.74248490 	 0.74264128 	 0.74052607 	 0.74182670 
0.74242988 	 0.74342123 	 0.74065174 	 0.74072415 
0.74216459 	 0.74278739 	 0.74033939 	 0.73952461 
0.74142847 	 0.74245075 	 0.73926341 	 0.73852877 
0.74140393 	 0.74134857 	 0.73953937 	 0.73939243 
0.74092741 	 0.74196057 	 0.73826825 	 0.73908034 
0.74211286 	 0.74081706 	 0.73902540 	 0.73896665 
0.74195140 	 0.74082205 	 0.73923154 	 0.73883839 
0.74041892 	 0.73928038 	 0.73849926 	 0.73903614 
0.74144556 	 0.74034409 	 0.73804012 	 0.73982251 
0.74129131 	 0.74032773 	 0.73787472 	 0.74093005 
0.74169984 	 0.74049185 	 0.73743062 	 0.74076794 
0.74261312 	 0.73928909 	 0.73840004 	 0.74070984 
0.74281989 	 0.73972874 	 0.73906919 	 0.74172684 
0.74334099 	 0.74075333 	 0.73868912 	 0.74264933 
0.74084350 	 0.74110827 	 0.73899831 	 0.74232333 
0.73937560 	 0.73946227 	 0.73868525 	 0.74182789 
0.73863845 	 0.73898652 	 0.73723438 	 0.74082045 
0.73950141 	 0.73914302 	 0.73734032 	 0.73962106 
0.73950141 	 0.73914302 	 0.73734032 	 0.73962106 
0.74018661 	 0.73934496 	 0.73778699 	 0.74012719 
0.74053687 	 0.74014957 	 0.73763318 	 0.74005562 
0.73894528 	 0.73897840 	 0.73655445 	 0.74015445 
0.73857160 	 0.74049874 	 0.73675375 	 0.74083241 
0.73735808 	 0.74011753 	 0.73782463 	 0.74068126 
0.73889803 	 0.74114141 	 0.73747588 	 0.74171675 
0.73889803 	 0.74114141 	 0.73747588 	 0.74171675 
0.73843337 	 0.74045248 	 0.73856505 	 0.74063429 
0.73843872 	 0.74026380 	 0.73835899 	 0.74012279 
0.73822675 	 0.74002350 	 0.73902985 	 0.74021245 
0.73916079 	 0.73957003 	 0.73829109 	 0.73922544 
0.73861524 	 0.73969939 	 0.73792980 	 0.73829831 
0.73858098 	 0.73940834 	 0.73682389 	 0.73862672 
0.73836102 	 0.73944876 	 0.73675819 	 0.73809530 
0.73835930 	 0.73740338 	 0.73787609 	 0.73726434 
0.73918310 	 0.73659514 	 0.73717565 	 0.73789963 
0.73890651 	 0.73646397 	 0.73524603 	 0.73819377 
0.73823064 	 0.73504433 	 0.73503526 	 0.73782637 
0.73823064 	 0.73504433 	 0.73503526 	 0.73782637 
0.73781366 	 0.73579760 	 0.73558184 	 0.73873677 
0.73824034 	 0.73649713 	 0.73393279 	 0.73858677 
0.73805622 	 0.73591850 	 0.73420252 	 0.73741567 
0.73753106 	 0.73485381 	 0.73626809 	 0.73837938 
0.73642264 	 0.73580974 	 0.73733867 	 0.73655170 
0.73622853 	 0.73635598 	 0.73849193 	 0.73542374 
0.73748168 	 0.73713880 	 0.73851052 	 0.73640227 
0.73836031 	 0.73585136 	 0.73976984 	 0.73527724 
0.73706082 	 0.73619956 	 0.73963368 	 0.73403966 
0.73709457 	 0.73756889 	 0.74018587 	 0.73440971 
0.73701915 	 0.73676736 	 0.73845815 	 0.73483607 
0.73600962 	 0.73738392 	 0.73822529 	 0.73489011 
0.73715237 	 0.73643787 	 0.73946825 	 0.73624357 
0.73688894 	 0.73758242 	 0.73891541 	 0.73560740 
0.73688894 	 0.73758242 	 0.73891541 	 0.73560740 
0.73582123 	 0.73730075 	 0.73904098 	 0.73645746 
0.73488996 	 0.73651289 	 0.73765531 	 0.73672424 
0.73428931 	 0.73514812 	 0.73759215 	 0.73610946 
0.73507106 	 0.73595520 	 0.73677461 	 0.73523252 
0.73471629 	 0.73661327 	 0.73632044 	 0.73408065 
0.73537612 	 0.73791212 	 0.73788323 	 0.73289330 
0.73742326 	 0.73896919 	 0.73760740 	 0.73353377 
0.73734668 	 0.73838516 	 0.73733097 	 0.73608634 
0.73631344 	 0.73789253 	 0.73732010 	 0.73591445 
0.73674944 	 0.73888722 	 0.73806705 	 0.73645971 
0.73688953 	 0.73857563 	 0.73711600 	 0.73615315 
0.73645320 	 0.73836811 	 0.73814949 	 0.73590104 
0.73675115 	 0.73732411 	 0.73850903 	 0.73650174 
0.73750390 	 0.73834647 	 0.73981199 	 0.73640859 
0.73860336 	 0.73916785 	 0.74084550 	 0.73693806 
0.73811112 	 0.73941171 	 0.73979055 	 0.73886314 
0.73646089 	 0.74028879 	 0.73921762 	 0.73893550 
0.73646089 	 0.74028879 	 0.73921762 	 0.73893550 
0.73439190 	 0.73994985 	 0.73948254 	 0.73819646 
0.73572540 	 0.73994047 	 0.73897146 	 0.73554771 
0.73527602 	 0.73847372 	 0.74003530 	 0.73589359 
0.73360827 	 0.73712151 	 0.73980035 	 0.73640713 
0.73245028 	 0.73786849 	 0.73646205 	 0.73704198 
0.73203146 	 0.73793013 	 0.73628095 	 0.73706507 
0.73197054 	 0.73846020 	 0.73689604 	 0.73574270 
0.73241897 	 0.73735629 	 0.73736958 	 0.73513952 
0.73248707 	 0.73775603 	 0.73816903 	 0.73644289 
0.73253701 	 0.73764749 	 0.73824157 	 0.73680072 
0.73412042 	 0.73839496 	 0.73852958 	 0.73522866 
0.73415522 	 0.73902478 	 0.73810063 	 0.73606576 
0.73535014 	 0.73720176 	 0.73908894 	 0.73373579 
0.73458361 	 0.73748192 	 0.73931256 	 0.73437669 
0.73498971 	 0.73828639 	 0.73932303 	 0.73433345 
0.73569321 	 0.74029774 	 0.73836106 	 0.73512775 
0.73750875 	 0.74047820 	 0.73843733 	 0.73567587 
0.73531359 	 0.74161892 	 0.73727387 	 0.73566133 
0.73532563 	 0.74107271 	 0.73842388 	 0.73716624 
0.73644936 	 0.74133881 	 0.73965752 	 0.73755093 
0.73684461 	 0.74250278 	 0.74009237 	 0.73721344 
0.73694465 	 0.74255198 	 0.73890402 	 0.73663332 
0.73727494 	 0.74367291 	 0.73730552 	 0.73726013 
0.73753174 	 0.74369307 	 0.73806971 	 0.73704946 
0.73724720 	 0.74180258 	 0.73810311 	 0.73703683 
0.73852492 	 0.74167388 	 0.73777913 	 0.73789865 
0.73815257 	 0.74269776 	 0.73805824 	 0.74086372 
0.73783339 	 0.74229657 	 0.73843950 	 0.74154237 
0.73788408 	 0.74270386 	 0.73863556 	 0.74133563 
0.73868613 	 0.74342451 	 0.73792383 	 0.74108785 
0.74001992 	 0.74320852 	 0.73834677 	 0.74072129 
0.74085567 	 0.74361949 	 0.73892503 	 0.74118019 
0.73919209 	 0.74490564 	 0.73907628 	 0.74128055 
0.73949053 	 0.74393008 	 0.74015872 	 0.74064276 
0.73937061 	 0.74199399 	 0.74004500 	 0.73950613 
0.73848756 	 0.74362095 	 0.74267085 	 0.74051572 
0.73928066 	 0.74324523 	 0.74207359 	 0.74053455 
0.73934350 	 0.74457511 	 0.74019982 	 0.74054326 
0.73952567 	 0.74492197 	 0.74032750 	 0.74018079 
0.74027864 	 0.74422629 	 0.74181517 	 0.74090722 
0.73887291 	 0.74333450 	 0.74170776 	 0.74005204 
0.74039292 	 0.74257333 	 0.74132320 	 0.73951644 
0.74007895 	 0.74303486 	 0.74158194 	 0.74058462 
0.73932401 	 0.74282036 	 0.74099743 	 0.74025168 
0.74042075 	 0.74407737 	 0.74033302 	 0.73786520 
0.73939566 	 0.74382916 	 0.74010294 	 0.73705463 
0.73991424 	 0.74472634 	 0.74179369 	 0.73611090 
0.74113902 	 0.74422386 	 0.74165863 	 0.73798400 
0.74113902 	 0.74422386 	 0.74165863 	 0.73798400 
0.73886972 	 0.74357283 	 0.74181764 	 0.73869565 
0.73821532 	 0.74358654 	 0.74250283 	 0.73777072 
0.73961417 	 0.74311198 	 0.74295766 	 0.73727109 
0.73961417 	 0.74311198 	 0.74295766 	 0.73727109 
0.73965594 	 0.74256167 	 0.74291890 	 0.73700337 
0.74003157 	 0.74234543 	 0.74324606 	 0.73768868 
0.74200869 	 0.74383232 	 0.74189624 	 0.73971170 
0.74237209 	 0.74284558 	 0.74163061 	 0.74027880 
0.74260833 	 0.74344855 	 0.74298267 	 0.73991376 
0.74184561 	 0.74316882 	 0.74291140 	 0.74100285 
0.74233887 	 0.74337062 	 0.74328265 	 0.74251146 
0.74171648 	 0.74359943 	 0.74259486 	 0.74160500 
0.74171648 	 0.74359943 	 0.74259486 	 0.74160500 
0.74204243 	 0.74409601 	 0.74403608 	 0.74035822 
0.74350978 	 0.74320543 	 0.74480261 	 0.74107617 
0.74334093 	 0.74417458 	 0.74287845 	 0.74255374 
0.74334093 	 0.74417458 	 0.74287845 	 0.74255374 
0.74289739 	 0.74462752 	 0.74213949 	 0.74197890 
0.74179611 	 0.74398268 	 0.74045171 	 0.74134849 
0.74010247 	 0.74391200 	 0.73965013 	 0.74167562 
0.74169847 	 0.74371516 	 0.74036436 	 0.74140591 
0.74169847 	 0.74371516 	 0.74036436 	 0.74140591 
0.74343853 	 0.74212378 	 0.74136058 	 0.74172714 
0.74282663 	 0.74244629 	 0.74063513 	 0.74182020 
0.74282663 	 0.74244629 	 0.74063513 	 0.74182020 
0.74211834 	 0.74237931 	 0.74052232 	 0.74107258 
0.74140048 	 0.74163013 	 0.74114517 	 0.73898231 
0.74100441 	 0.74120321 	 0.74135700 	 0.74011662 
0.74186713 	 0.74228889 	 0.74226766 	 0.73948095 
0.74032687 	 0.74077331 	 0.73942912 	 0.74028831 
0.74200872 	 0.73985660 	 0.74111983 	 0.73958664 
0.74196627 	 0.74000222 	 0.74057378 	 0.74064599 
0.74095939 	 0.74081408 	 0.74124783 	 0.74132063 
0.74183609 	 0.74145106 	 0.74244188 	 0.74103343 
0.74349909 	 0.74097979 	 0.74444660 	 0.74140501 
0.74201180 	 0.74018777 	 0.74557252 	 0.74276475 
0.74345930 	 0.74066038 	 0.74582606 	 0.74322751 
0.74345930 	 0.74066038 	 0.74582606 	 0.74322751 
0.74454195 	 0.74033315 	 0.74524146 	 0.74221680 
0.74494361 	 0.73946826 	 0.74645813 	 0.74112503 
0.74569049 	 0.74108002 	 0.74717435 	 0.74000626 
0.74508140 	 0.74202445 	 0.74756760 	 0.74066762 
0.74443588 	 0.74167915 	 0.74610846 	 0.74226569 
0.74443588 	 0.74167915 	 0.74610846 	 0.74226569 
0.74440718 	 0.74291630 	 0.74538259 	 0.74202592 
0.74334614 	 0.74335142 	 0.74379036 	 0.74172551 
0.74434621 	 0.74346653 	 0.74380761 	 0.74224019 
0.74260150 	 0.74290427 	 0.74354096 	 0.74184195 
0.74222636 	 0.74293374 	 0.74400639 	 0.74318943 
0.74248283 	 0.74413231 	 0.74343880 	 0.74188343 
0.74336318 	 0.74097777 	 0.74178135 	 0.74294587 
0.74344570 	 0.74084130 	 0.74188243 	 0.74212471 
0.74343155 	 0.74181826 	 0.74192434 	 0.74219516 
0.74161688 	 0.74223334 	 0.74039022 	 0.74178023 
0.74112658 	 0.74280346 	 0.73916416 	 0.74175553 
0.74142557 	 0.74252228 	 0.74059521 	 0.74025540 
0.74142557 	 0.74252228 	 0.74059521 	 0.74025540 
0.74037247 	 0.74352083 	 0.73940648 	 0.74004679 
0.74074319 	 0.74304645 	 0.73903613 	 0.74024716 
0.74043185 	 0.74256525 	 0.73884618 	 0.74025502 
0.74100686 	 0.74281599 	 0.73940369 	 0.74125536 
0.74030890 	 0.74233670 	 0.74006637 	 0.74379557 
0.74030890 	 0.74233670 	 0.74006637 	 0.74379557 
0.74099048 	 0.74170706 	 0.73950965 	 0.74439867 
0.74132870 	 0.74007355 	 0.73945165 	 0.74533401 
0.74243967 	 0.74343643 	 0.74027143 	 0.74545669 
0.74225581 	 0.74351906 	 0.74096457 	 0.74555119 
0.74101231 	 0.74442377 	 0.74151745 	 0.74631138 
0.74061109 	 0.74471771 	 0.74236114 	 0.74623277 
0.73949272 	 0.74423043 	 0.74340080 	 0.74513535 
0.74091207 	 0.74378697 	 0.74498049 	 0.74394185 
0.74085948 	 0.74266106 	 0.74458308 	 0.74354463 
0.74016872 	 0.74207148 	 0.74317969 	 0.74342531 
0.73984694 	 0.74119172 	 0.74247706 	 0.74311241 
0.74090155 	 0.73966257 	 0.74177714 	 0.74390573 
0.74088876 	 0.74113997 	 0.74085744 	 0.74290769 
0.74160146 	 0.73942213 	 0.74137942 	 0.74295078 
0.73956614 	 0.73917749 	 0.74244994 	 0.74210352 
0.73973303 	 0.74019124 	 0.74256962 	 0.74160686 
0.73888707 	 0.73990909 	 0.74280103 	 0.74178935 
0.73882291 	 0.74015250 	 0.74283731 	 0.73929739 
0.73862196 	 0.73908735 	 0.74020252 	 0.73857150 
0.73817562 	 0.73871509 	 0.74052642 	 0.73837531 
0.73708448 	 0.73883938 	 0.73930369 	 0.73876998 
0.73643406 	 0.73830389 	 0.74122549 	 0.73936352 
0.73687705 	 0.73678014 	 0.74085842 	 0.73971713 
0.73722511 	 0.73795678 	 0.74077564 	 0.73824664 
0.73830348 	 0.74012595 	 0.73969630 	 0.73834520 
0.73914301 	 0.73963867 	 0.74167073 	 0.73903960 
0.73933369 	 0.73884662 	 0.74290777 	 0.73972605 
0.74042436 	 0.74034033 	 0.74274061 	 0.73957510 
0.74086907 	 0.73971813 	 0.74127180 	 0.74231537 
0.74086907 	 0.73971813 	 0.74127180 	 0.74231537 
0.74086907 	 0.73971813 	 0.74127180 	 0.74231537 
0.74132817 	 0.73976892 	 0.74080034 	 0.74173750 
0.74270537 	 0.74024548 	 0.74200739 	 0.74169817 
0.74247547 	 0.73863967 	 0.74199454 	 0.74204946 
0.74247547 	 0.73863967 	 0.74199454 	 0.74204946 
0.74293006 	 0.73865820 	 0.74107504 	 0.74278379 
0.74286240 	 0.73751264 	 0.73954903 	 0.74531150 
0.74434802 	 0.73728890 	 0.73954205 	 0.74560192 
0.74408203 	 0.73795259 	 0.74041534 	 0.74491424 
0.74500075 	 0.73874304 	 0.74116209 	 0.74626668 
0.74274671 	 0.73969244 	 0.74115968 	 0.74697007 
0.74304149 	 0.74073080 	 0.74190374 	 0.74637356 
0.74284757 	 0.73931330 	 0.74214404 	 0.74457585 
0.74536269 	 0.73853273 	 0.74236116 	 0.74355614 
0.74252991 	 0.73861934 	 0.74190590 	 0.74407066 
0.74122547 	 0.73839115 	 0.74226076 	 0.74422834 
0.74082747 	 0.74024317 	 0.74250613 	 0.74407060 
0.74175540 	 0.74216785 	 0.74160696 	 0.74512724 
0.74157314 	 0.74443030 	 0.74265346 	 0.74544704 
0.73987787 	 0.74568771 	 0.74378311 	 0.74583856 
0.74184355 	 0.74508398 	 0.74307668 	 0.74373587 
0.74149876 	 0.74464891 	 0.74394605 	 0.74426119 
0.74231721 	 0.74396545 	 0.74471097 	 0.74526026 
0.74177095 	 0.74438891 	 0.74535444 	 0.74555434 
0.74226394 	 0.74362891 	 0.74559961 	 0.74660466 
0.74278212 	 0.74460938 	 0.74495226 	 0.74673046 
0.74237293 	 0.74517163 	 0.74520983 	 0.74839721 
0.74237293 	 0.74517163 	 0.74520983 	 0.74839721 
0.74253063 	 0.74635867 	 0.74475755 	 0.74708794 
0.74128605 	 0.74573757 	 0.74494991 	 0.74786551 
0.74112909 	 0.74606891 	 0.74491785 	 0.74849803 
0.74050992 	 0.74580909 	 0.74442240 	 0.74882508 
0.74050992 	 0.74580909 	 0.74442240 	 0.74882508 
0.74185517 	 0.74548055 	 0.74371635 	 0.74673724 
0.74301865 	 0.74655603 	 0.74224728 	 0.74498119 
0.74345575 	 0.74579007 	 0.74339400 	 0.74652695 
0.74467161 	 0.74492381 	 0.74254260 	 0.74629322 
0.74483862 	 0.74321631 	 0.74106499 	 0.74513504 
0.74319078 	 0.74272746 	 0.74016974 	 0.74638469 
0.74210860 	 0.74340196 	 0.74185979 	 0.74630160 
0.74030176 	 0.74265887 	 0.74224536 	 0.74743741 
0.74145689 	 0.74165009 	 0.74168347 	 0.74710418 
0.74145689 	 0.74165009 	 0.74168347 	 0.74710418 
0.74104013 	 0.74032938 	 0.74400490 	 0.74415253 
0.74116950 	 0.74117317 	 0.74537940 	 0.74352454 
0.74193163 	 0.74156279 	 0.74566323 	 0.74431147 
0.74244304 	 0.74163988 	 0.74433629 	 0.74446054 
0.74277657 	 0.74177646 	 0.74447256 	 0.74602300 
0.74072270 	 0.74132672 	 0.74245557 	 0.74466275 
0.74044621 	 0.74086791 	 0.74329642 	 0.74616400 
0.74062863 	 0.74101073 	 0.74336690 	 0.74444938 
0.73984031 	 0.74161298 	 0.74366513 	 0.74420551 
0.73984031 	 0.74161298 	 0.74366513 	 0.74420551 
0.74016097 	 0.74140333 	 0.74437709 	 0.74553724 
0.73986960 	 0.74213384 	 0.74442667 	 0.74580028 
0.73877500 	 0.74312174 	 0.74443758 	 0.74625671 
0.73935412 	 0.74227913 	 0.74447803 	 0.74502091 
0.73924177 	 0.74122287 	 0.74461534 	 0.74605874 
0.73980641 	 0.74011312 	 0.74479650 	 0.74493086 
0.74028424 	 0.73980822 	 0.74591422 	 0.74463940 
0.74100072 	 0.73858487 	 0.74689809 	 0.74425693 
0.74124945 	 0.73949835 	 0.74667547 	 0.74466140 
0.74013768 	 0.74075098 	 0.74629774 	 0.74432910 
0.74013768 	 0.74075098 	 0.74629774 	 0.74432910 
0.74013768 	 0.74075098 	 0.74629774 	 0.74432910 
0.74157537 	 0.74042617 	 0.74370150 	 0.74532599 
0.74327265 	 0.74139342 	 0.74388954 	 0.74573240 
0.74329000 	 0.74182074 	 0.74366908 	 0.74494861 
0.74352930 	 0.74221512 	 0.74338490 	 0.74476010 
0.74352930 	 0.74221512 	 0.74338490 	 0.74476010 
0.74455656 	 0.74139913 	 0.74115323 	 0.74355049 
0.74383253 	 0.74185004 	 0.73963498 	 0.74435448 
0.74193279 	 0.74123546 	 0.73840272 	 0.74435605 
0.74469283 	 0.74006009 	 0.73850547 	 0.74408137 
0.74503672 	 0.73985808 	 0.73854839 	 0.74459487 
0.74503672 	 0.73985808 	 0.73854839 	 0.74459487 
0.74229317 	 0.73884404 	 0.73978960 	 0.74562631 
0.74229317 	 0.73884404 	 0.73978960 	 0.74562631 
0.74149328 	 0.73819796 	 0.74031873 	 0.74505198 
0.74229455 	 0.73762965 	 0.73928017 	 0.74220954 
0.74412531 	 0.73868954 	 0.74103867 	 0.74119813 
0.74388164 	 0.73836631 	 0.74095329 	 0.73972551 
0.74506047 	 0.73760828 	 0.74119968 	 0.73926458 
0.74390504 	 0.73651040 	 0.74114728 	 0.74028869 
0.74373984 	 0.73742043 	 0.74179062 	 0.74152515 
0.74469221 	 0.73803335 	 0.74212886 	 0.74175041 
0.74419845 	 0.73727513 	 0.74086911 	 0.74207093 
0.74508107 	 0.73821587 	 0.74019361 	 0.74201031 
0.74609846 	 0.73959266 	 0.73886132 	 0.74150377 
0.74463316 	 0.74002116 	 0.73759982 	 0.74057448 
0.74378345 	 0.73977680 	 0.73719670 	 0.74112961 
0.74350416 	 0.74043487 	 0.73976216 	 0.73916494 
0.74296536 	 0.73896752 	 0.73954211 	 0.74066299 
0.74306764 	 0.73925852 	 0.73887685 	 0.74144185 
0.74129290 	 0.73979876 	 0.73899031 	 0.74259991 
0.74039629 	 0.73880785 	 0.73936556 	 0.74216970 
0.73872634 	 0.73892980 	 0.74029076 	 0.74269267 
0.73872634 	 0.73892980 	 0.74029076 	 0.74269267 
0.73870036 	 0.73867360 	 0.73967299 	 0.74252449 
0.73772561 	 0.73871138 	 0.73936129 	 0.74021338 
0.73759949 	 0.73768723 	 0.73817276 	 0.74165937 
0.73568763 	 0.73860303 	 0.73688675 	 0.74214470 
0.73616531 	 0.74029864 	 0.73650268 	 0.74045077 
0.73616531 	 0.74029864 	 0.73650268 	 0.74045077 
0.73747581 	 0.74167839 	 0.73738336 	 0.74135391 
0.73873071 	 0.74102724 	 0.73742502 	 0.74005220 
0.73941076 	 0.73861569 	 0.73701706 	 0.74088147 
0.73796127 	 0.73785540 	 0.73792697 	 0.74015718 
0.73823311 	 0.73848073 	 0.73824110 	 0.73916092 
0.73967871 	 0.73779113 	 0.73843415 	 0.74012743 
0.73967871 	 0.73779113 	 0.73843415 	 0.74012743 
0.73871648 	 0.73756238 	 0.73890074 	 0.74022791 
0.73958206 	 0.73657027 	 0.73778942 	 0.74017117 
0.73958206 	 0.73657027 	 0.73778942 	 0.74017117 
0.73784576 	 0.73851146 	 0.73874569 	 0.73933168 
0.73879359 	 0.73912427 	 0.73986428 	 0.74035213 
0.73975925 	 0.73813688 	 0.73923519 	 0.74099979 
0.74158799 	 0.73747523 	 0.73958147 	 0.74137119 
0.74159631 	 0.73824166 	 0.74021208 	 0.74039777 
0.74252655 	 0.73759998 	 0.74052416 	 0.73897520 
0.74252655 	 0.73759998 	 0.74052416 	 0.73897520 
0.74129660 	 0.73942655 	 0.74112196 	 0.73842387 
0.74017568 	 0.73797132 	 0.74035567 	 0.73955312 
0.74205381 	 0.73954077 	 0.73949431 	 0.73938628 
0.74251070 	 0.73910410 	 0.73854273 	 0.74112093 
0.74391898 	 0.73942447 	 0.73820434 	 0.74211902 
0.74276945 	 0.74003405 	 0.73907870 	 0.74198411 
0.74214694 	 0.73917026 	 0.74001570 	 0.74247937 
0.74146780 	 0.74011857 	 0.73797859 	 0.74274967 
0.74184543 	 0.73939039 	 0.73953549 	 0.74218505 
0.74199186 	 0.73919498 	 0.74049176 	 0.74159883 
0.74199186 	 0.73919498 	 0.74049176 	 0.74159883 
0.74142870 	 0.73972176 	 0.73900032 	 0.74106087 
0.73937872 	 0.73960440 	 0.73802225 	 0.74084800 
0.74039036 	 0.74035346 	 0.73863986 	 0.74051605 
0.73962524 	 0.74133461 	 0.73987771 	 0.74074952 
0.74013173 	 0.74171118 	 0.73797881 	 0.74058284 
0.73935390 	 0.74295437 	 0.73831542 	 0.74058277 
0.73954678 	 0.74303305 	 0.73751926 	 0.74152776 
0.73999070 	 0.74284062 	 0.73652361 	 0.74053280 
0.74038612 	 0.74321333 	 0.73773618 	 0.74202681 
0.73919658 	 0.74229534 	 0.73742168 	 0.74131250 
0.74043670 	 0.74165379 	 0.73796156 	 0.74095899 
0.74045846 	 0.74145205 	 0.73870116 	 0.74032589 
0.73998853 	 0.74031067 	 0.74045352 	 0.74012400 
0.73998853 	 0.74031067 	 0.74045352 	 0.74012400 
0.73843623 	 0.74154442 	 0.73960580 	 0.73935246 
0.73996232 	 0.74069118 	 0.74024047 	 0.73999303 
0.73952195 	 0.73971225 	 0.74041819 	 0.74006106 
0.74195407 	 0.73933473 	 0.74144661 	 0.74150066 
0.74237519 	 0.73989876 	 0.74101032 	 0.74420261 
0.74171008 	 0.73928313 	 0.73953078 	 0.74253307 
0.74151834 	 0.73904742 	 0.73909053 	 0.74244929 
0.74151834 	 0.73904742 	 0.73909053 	 0.74244929 
0.74286752 	 0.73877341 	 0.73853877 	 0.74298339 
0.74180578 	 0.73985505 	 0.74049624 	 0.74264260 
0.74159004 	 0.74026371 	 0.74260316 	 0.74330776 
0.74172534 	 0.74019358 	 0.74243870 	 0.74310491 
0.74047366 	 0.74168532 	 0.74175526 	 0.74324646 
0.74049249 	 0.74122794 	 0.74169464 	 0.74218030 
0.74079061 	 0.74124560 	 0.74217932 	 0.74367978 
0.74024680 	 0.74161300 	 0.74202270 	 0.74390837 
0.74024680 	 0.74161300 	 0.74202270 	 0.74390837 
0.74223226 	 0.73988752 	 0.74149833 	 0.74225628 
0.74240233 	 0.74016034 	 0.74260890 	 0.74087690 
0.74222914 	 0.74136579 	 0.74288773 	 0.74125145 
0.74184940 	 0.73966380 	 0.74223141 	 0.74062344 
0.74323494 	 0.73873269 	 0.74191321 	 0.73998203 
0.74270606 	 0.73918508 	 0.74287917 	 0.74099219 
0.74076374 	 0.74055508 	 0.74273415 	 0.73966426 
0.74239006 	 0.74128975 	 0.74298830 	 0.73965231 
0.74104118 	 0.74055164 	 0.74342163 	 0.74048600 
0.74104118 	 0.74055164 	 0.74342163 	 0.74048600 
0.74120118 	 0.74070638 	 0.74226609 	 0.73962170 
0.74087622 	 0.74012630 	 0.74167518 	 0.73962092 
0.74150256 	 0.74034433 	 0.74185586 	 0.73897468 
0.74168832 	 0.73914313 	 0.74146771 	 0.73817304 
0.74158163 	 0.73987140 	 0.74210025 	 0.73871398 
0.74072323 	 0.74135277 	 0.74199627 	 0.73890956 
0.74012363 	 0.74107119 	 0.74374329 	 0.73867181 
0.73937429 	 0.74253822 	 0.74339711 	 0.73869744 
0.73988357 	 0.74203179 	 0.74031229 	 0.73696537 
0.74061157 	 0.74236297 	 0.73836520 	 0.73671609 
0.74014089 	 0.74238337 	 0.73820253 	 0.73698681 
0.73973134 	 0.74251472 	 0.74072621 	 0.73614932 
0.73969924 	 0.74063374 	 0.73996838 	 0.73576258 
0.74049309 	 0.73909136 	 0.74009714 	 0.73465975 
0.73845325 	 0.73929023 	 0.73972897 	 0.73539769 
0.73728280 	 0.74078170 	 0.74024077 	 0.73682644 
0.73829603 	 0.74181284 	 0.74117921 	 0.73788469 
0.73829603 	 0.74181284 	 0.74117921 	 0.73788469 
0.73883885 	 0.74049826 	 0.73931951 	 0.73800193 
0.73851462 	 0.74326957 	 0.73947538 	 0.73788511 
0.73851462 	 0.74326957 	 0.73947538 	 0.73788511 
0.73785369 	 0.74311128 	 0.74039918 	 0.73764558 
0.73745668 	 0.74359051 	 0.74021558 	 0.73663801 
0.73740886 	 0.74201592 	 0.74174029 	 0.73584371 
0.73686016 	 0.74234204 	 0.74016145 	 0.73705697 
0.73604064 	 0.74332666 	 0.74074547 	 0.73854199 
0.73623406 	 0.74441206 	 0.73999367 	 0.74047995 
0.73675592 	 0.74533598 	 0.73962633 	 0.73908882 
0.73731184 	 0.74429792 	 0.73901596 	 0.74132634 
0.73639332 	 0.74425454 	 0.73846507 	 0.74159761 
0.73490710 	 0.74473039 	 0.73903169 	 0.74066937 
0.73654415 	 0.74330701 	 0.73930784 	 0.74061110 
0.73654415 	 0.74330701 	 0.73930784 	 0.74061110 
0.73654415 	 0.74330701 	 0.73930784 	 0.74061110 
0.73601471 	 0.74367313 	 0.73883011 	 0.73984784 
0.73670282 	 0.74393163 	 0.73949654 	 0.73936930 
0.73907579 	 0.74310683 	 0.74022052 	 0.73928157 
0.73970303 	 0.74286494 	 0.74015784 	 0.74128760 
0.73978132 	 0.74201381 	 0.74033977 	 0.74010821 
0.73957118 	 0.74333224 	 0.73914633 	 0.74018202 
0.74222234 	 0.74409563 	 0.74039330 	 0.74089797 
0.74316677 	 0.74374707 	 0.73969913 	 0.74010915 
0.74246360 	 0.74421550 	 0.73992861 	 0.74085268 
0.74246360 	 0.74421550 	 0.73992861 	 0.74085268 
0.74108267 	 0.74277224 	 0.73857029 	 0.74150816 
0.74168280 	 0.74205428 	 0.73832994 	 0.74217816 
0.74208985 	 0.74213224 	 0.73827990 	 0.74259516 
0.74120932 	 0.74075245 	 0.73838874 	 0.74228529 
0.74305343 	 0.74154629 	 0.73952843 	 0.74273037 
0.74204516 	 0.74000719 	 0.74112389 	 0.74392825 
0.74153266 	 0.74008152 	 0.74175944 	 0.74208292 
0.74136659 	 0.73890912 	 0.74194742 	 0.74265308 
0.74059638 	 0.73831664 	 0.74329113 	 0.74203220 
0.74220216 	 0.73731316 	 0.74210838 	 0.74433501 
0.74179012 	 0.73870065 	 0.74294277 	 0.74254344 
0.74084134 	 0.73850081 	 0.74366318 	 0.74177859 
0.73915926 	 0.73760174 	 0.74374369 	 0.74127698 
0.73918310 	 0.73709082 	 0.74378095 	 0.74006480 
0.73712383 	 0.73816032 	 0.74352212 	 0.73966778 
0.73809742 	 0.73853855 	 0.74376775 	 0.73894642 
0.73809742 	 0.73853855 	 0.74376775 	 0.73894642 
0.73759288 	 0.73767455 	 0.74266445 	 0.73889141 
0.73768971 	 0.73705360 	 0.74345089 	 0.73966803 
0.73763074 	 0.73827958 	 0.74371282 	 0.73781930 
0.73978192 	 0.74034963 	 0.74387500 	 0.73832338 
0.74042745 	 0.74052798 	 0.74310161 	 0.74042815 
0.74069357 	 0.74055307 	 0.74327220 	 0.74124368 
0.74043130 	 0.73920154 	 0.74148930 	 0.74091275 
0.73961969 	 0.74043255 	 0.74327731 	 0.74120933 
0.74130661 	 0.74015360 	 0.74440021 	 0.73996108 
0.73993932 	 0.74081526 	 0.74423563 	 0.73988067 
0.73840229 	 0.74258006 	 0.74299373 	 0.73969449 
0.73796260 	 0.74174821 	 0.74322194 	 0.74103940 
0.73691053 	 0.74062033 	 0.74373165 	 0.73967297 
0.73947124 	 0.73907961 	 0.74540979 	 0.73893544 
0.73878002 	 0.73854457 	 0.74570366 	 0.73931811 
0.73878002 	 0.73854457 	 0.74570366 	 0.73931811 
0.73795483 	 0.73993096 	 0.74741001 	 0.73788973 
0.73812664 	 0.74007551 	 0.74681360 	 0.73885418 
0.73839802 	 0.74067163 	 0.74757980 	 0.73900147 
0.73849808 	 0.73995880 	 0.74644574 	 0.74083746 
0.73820035 	 0.73879346 	 0.74690728 	 0.74042756 
0.73820035 	 0.73879346 	 0.74690728 	 0.74042756 
0.73926729 	 0.73939697 	 0.74800421 	 0.74055047 
0.73990839 	 0.73983152 	 0.74874114 	 0.74101516 
0.74068977 	 0.74116237 	 0.74938758 	 0.74208447 
0.74138806 	 0.74256240 	 0.74880039 	 0.74280046 
0.74188542 	 0.74116836 	 0.74706840 	 0.74234295 
0.74418150 	 0.73961440 	 0.74682191 	 0.74334051 
0.74290856 	 0.74118119 	 0.74636184 	 0.74504060 
0.74122192 	 0.74128628 	 0.74693177 	 0.74586701 
0.74104026 	 0.74323552 	 0.74832519 	 0.74602322 
0.74254611 	 0.74351992 	 0.74821797 	 0.74510734 
0.74197896 	 0.74403132 	 0.74865985 	 0.74566848 
0.74192024 	 0.74560673 	 0.74870491 	 0.74631316 
0.74226932 	 0.74433112 	 0.74818916 	 0.74683204 
0.74198825 	 0.74467542 	 0.74767893 	 0.74612376 
0.74198825 	 0.74467542 	 0.74767893 	 0.74612376 
0.74227490 	 0.74532584 	 0.74739861 	 0.74557887 
0.74233424 	 0.74429068 	 0.74648258 	 0.74594010 
0.74223995 	 0.74406546 	 0.74515492 	 0.74632199 
0.74408068 	 0.74457148 	 0.74609818 	 0.74660351 
0.74311027 	 0.74480945 	 0.74425346 	 0.74597595 
0.74208108 	 0.74553137 	 0.74532117 	 0.74456491 
0.74336590 	 0.74396102 	 0.74444214 	 0.74408027 
0.74147685 	 0.74401497 	 0.74563743 	 0.74517758 
0.74027698 	 0.74310455 	 0.74585648 	 0.74520192 
0.73976055 	 0.74378475 	 0.74591199 	 0.74412939 
0.74057904 	 0.74405602 	 0.74596006 	 0.74353852 
0.74166935 	 0.74523053 	 0.74605991 	 0.74182106 
0.74228921 	 0.74617591 	 0.74441934 	 0.74217628 
0.74228921 	 0.74617591 	 0.74441934 	 0.74217628 
0.74245636 	 0.74412232 	 0.74517659 	 0.74184077 
0.74225335 	 0.74414374 	 0.74409156 	 0.74163730 
0.74119189 	 0.74313818 	 0.74440275 	 0.74235259 
0.74185500 	 0.74184805 	 0.74471844 	 0.74183397 
0.74178174 	 0.74407398 	 0.74508383 	 0.74198696 
0.74036647 	 0.74435672 	 0.74498691 	 0.74318333 
0.74058743 	 0.74331421 	 0.74426746 	 0.74374686 
0.74130514 	 0.74308535 	 0.74487117 	 0.74263371 
0.74178015 	 0.74215426 	 0.74513798 	 0.74371315 
0.74141451 	 0.74281028 	 0.74469002 	 0.74357892 
0.74138332 	 0.74026011 	 0.74459407 	 0.74509399 
0.74186072 	 0.73978294 	 0.74508142 	 0.74373511 
0.74294708 	 0.73817441 	 0.74484236 	 0.74432432 
0.74079635 	 0.73884528 	 0.74447364 	 0.74458603 
0.74182486 	 0.73904289 	 0.74413476 	 0.74513739 
0.74323002 	 0.73824002 	 0.74523655 	 0.74493697 
0.74217165 	 0.73837384 	 0.74362738 	 0.74461843 
0.74129032 	 0.73938140 	 0.74310579 	 0.74477823 
0.74107702 	 0.73817028 	 0.74301363 	 0.74497830 
0.74119274 	 0.73879829 	 0.74348474 	 0.74422071 
0.74035531 	 0.73935926 	 0.74499542 	 0.74391367 
0.73946177 	 0.74085137 	 0.74576821 	 0.74339611 
0.73946177 	 0.74085137 	 0.74576821 	 0.74339611 
0.73998628 	 0.74120094 	 0.74655470 	 0.74385283 
0.74060882 	 0.74034587 	 0.74680397 	 0.74303218 
0.73968948 	 0.74331000 	 0.74504982 	 0.74165693 
0.73806050 	 0.74365800 	 0.74495719 	 0.74231197 
0.73806050 	 0.74365800 	 0.74495719 	 0.74231197 
0.74019700 	 0.74507470 	 0.74448329 	 0.74051703 
0.73954816 	 0.74418901 	 0.74381635 	 0.74186304 
0.73922151 	 0.74242475 	 0.74390014 	 0.74249415 
0.73922151 	 0.74242475 	 0.74390014 	 0.74249415 
0.73855524 	 0.74080557 	 0.74328171 	 0.74416126 
0.74060715 	 0.74116742 	 0.74217666 	 0.74447222 
0.74040487 	 0.74235619 	 0.74320704 	 0.74484086 
0.74148479 	 0.74162365 	 0.74234735 	 0.74541115 
0.74148479 	 0.74162365 	 0.74234735 	 0.74541115 
0.74347650 	 0.74076065 	 0.74418961 	 0.74443095 
0.74278937 	 0.74166189 	 0.74310713 	 0.74477367 
0.74181847 	 0.74301243 	 0.74399796 	 0.74505689 
0.74181847 	 0.74301243 	 0.74399796 	 0.74505689 
0.74328810 	 0.74342889 	 0.74208243 	 0.74426552 
0.74423700 	 0.74249657 	 0.73913954 	 0.74314756 
0.74318438 	 0.74259581 	 0.73932064 	 0.74277562 
0.74264018 	 0.74367587 	 0.73987034 	 0.74427035 
0.74264018 	 0.74367587 	 0.73987034 	 0.74427035 
0.74398550 	 0.74253046 	 0.73957266 	 0.74630444 
0.74449508 	 0.74189994 	 0.74050877 	 0.74663818 
0.74487805 	 0.74255891 	 0.74074878 	 0.74715363 
0.74378436 	 0.74184965 	 0.73954318 	 0.74572199 
0.74383902 	 0.74157341 	 0.73834073 	 0.74496217 
0.74285163 	 0.74278914 	 0.73864512 	 0.74372718 
0.74374518 	 0.74224374 	 0.73880796 	 0.74287930 
0.74264067 	 0.74208680 	 0.74104270 	 0.74242831 
0.74209112 	 0.74081810 	 0.74188138 	 0.74181046 
0.74258072 	 0.74218147 	 0.74204156 	 0.74144613 
0.74129191 	 0.74191400 	 0.74236866 	 0.74063509 
0.74186995 	 0.74149583 	 0.74168235 	 0.74136739 
0.74082702 	 0.74139433 	 0.74285266 	 0.74066089 
0.74057890 	 0.73983849 	 0.74254629 	 0.74028652 
0.74019956 	 0.74034083 	 0.74401252 	 0.74127481 
0.73919487 	 0.74089945 	 0.74404307 	 0.74150403 
0.73912165 	 0.73813767 	 0.74445819 	 0.74119084 
0.73973643 	 0.73798349 	 0.74452822 	 0.74110844 
0.74057690 	 0.73832645 	 0.74439155 	 0.74236430 
0.74040522 	 0.74042319 	 0.74473494 	 0.74251394 
0.74091129 	 0.74069403 	 0.74510801 	 0.74039719 
0.73999211 	 0.73984064 	 0.74535607 	 0.74188003 
0.73989534 	 0.74066176 	 0.74562035 	 0.74172286 
0.74018673 	 0.74101562 	 0.74580504 	 0.74257406 
0.74048725 	 0.74236563 	 0.74512500 	 0.74352185 
0.73938691 	 0.74306985 	 0.74516145 	 0.74218139 
0.74043234 	 0.74217158 	 0.74210315 	 0.74097446 
0.74043234 	 0.74217158 	 0.74210315 	 0.74097446 
0.74164906 	 0.74097745 	 0.74294074 	 0.74294604 
0.73976211 	 0.74268401 	 0.74259762 	 0.74338620 
0.73930697 	 0.74411965 	 0.74305978 	 0.74226764 
0.73994861 	 0.74316892 	 0.74165983 	 0.74336334 
0.74047336 	 0.74410990 	 0.74193393 	 0.74146171 
0.74107080 	 0.74323234 	 0.74210185 	 0.74321848 
0.74145659 	 0.74255360 	 0.74212888 	 0.74240724 
0.74028908 	 0.74311743 	 0.74188785 	 0.74376609 
0.74028908 	 0.74311743 	 0.74188785 	 0.74376609 
0.74043479 	 0.74128972 	 0.74115297 	 0.74274314 
0.74021996 	 0.74206454 	 0.74233878 	 0.74152975 
0.74037705 	 0.74329208 	 0.74354752 	 0.74264483 
0.74111172 	 0.74229838 	 0.74253229 	 0.74112039 
0.74050159 	 0.74222264 	 0.74311622 	 0.74051127 
0.73924143 	 0.74256409 	 0.74342324 	 0.74095583 
0.73915604 	 0.74478083 	 0.74151292 	 0.74160269 
0.73881441 	 0.74391075 	 0.74209728 	 0.74086834 
0.74002108 	 0.74225372 	 0.74226144 	 0.74288241 
0.73830981 	 0.74265903 	 0.74172160 	 0.74214455 
0.73837972 	 0.74148515 	 0.74136901 	 0.74104343 
0.73989508 	 0.74234479 	 0.74028876 	 0.74033226 
0.73794818 	 0.74283642 	 0.74111448 	 0.74052219 
0.73772838 	 0.74291058 	 0.74066695 	 0.73983540 
0.73775736 	 0.74272031 	 0.74107148 	 0.74043258 
0.73792607 	 0.74297812 	 0.74167643 	 0.73985043 
0.73877796 	 0.74266952 	 0.73982029 	 0.73812792 
0.73949181 	 0.74129786 	 0.73944593 	 0.73803303 
0.73894112 	 0.73983386 	 0.73967508 	 0.73816184 
0.73866073 	 0.74051945 	 0.73971079 	 0.73975282 
0.73866073 	 0.74051945 	 0.73971079 	 0.73975282 
0.73926997 	 0.74103205 	 0.74074995 	 0.73929134 
0.74074888 	 0.74175702 	 0.74381241 	 0.73979197 
0.73990297 	 0.74041218 	 0.74349394 	 0.73990858 
0.73902431 	 0.74056710 	 0.74330837 	 0.74047492 
0.73902431 	 0.74056710 	 0.74330837 	 0.74047492 
0.73776461 	 0.73992493 	 0.74225817 	 0.74163225 
0.73860546 	 0.74033672 	 0.74225002 	 0.74109412 
0.73839421 	 0.73997548 	 0.74193382 	 0.74294384 
0.73867432 	 0.73894406 	 0.74257694 	 0.74194217 
0.73904940 	 0.73872896 	 0.74171716 	 0.74044846 
0.73917050 	 0.73992038 	 0.74301079 	 0.74074902 
0.73848531 	 0.74007364 	 0.74381474 	 0.74027476 
0.73946179 	 0.74005903 	 0.74410362 	 0.73992166 
0.74047744 	 0.73995735 	 0.74312896 	 0.74084958 
0.74048641 	 0.73960727 	 0.74241674 	 0.73855144 
0.74048641 	 0.73960727 	 0.74241674 	 0.73855144 
0.74035942 	 0.74009754 	 0.74320232 	 0.73803815 
0.74130533 	 0.73904745 	 0.74472157 	 0.73903522 
0.74260407 	 0.74122046 	 0.74262956 	 0.74008300 
0.74031915 	 0.74066321 	 0.74230774 	 0.74075310 
0.74031915 	 0.74066321 	 0.74230774 	 0.74075310 
0.74128031 	 0.74064657 	 0.74255429 	 0.74060456 
0.74083062 	 0.74009915 	 0.74242472 	 0.73950674 
0.74118503 	 0.74098499 	 0.74073377 	 0.73922863 
0.74251456 	 0.74143628 	 0.74048496 	 0.73942489 
0.74304831 	 0.74040764 	 0.74013276 	 0.74024195 
0.74170360 	 0.74059240 	 0.74030239 	 0.73889765 
0.74057154 	 0.74138619 	 0.74035627 	 0.73764239 
0.74169949 	 0.74139565 	 0.74075458 	 0.74041103 
0.74330520 	 0.74099622 	 0.74012817 	 0.74155352 
0.74337162 	 0.73981984 	 0.74210542 	 0.74329291 
0.74214826 	 0.73937190 	 0.74081244 	 0.74112107 
0.74216566 	 0.73973446 	 0.74166183 	 0.74276910 
0.74139683 	 0.73898538 	 0.74225341 	 0.74246321 
0.74236165 	 0.73914511 	 0.74171093 	 0.74261320 
0.74129908 	 0.73930678 	 0.74175598 	 0.74004872 
0.74068674 	 0.73975447 	 0.74263272 	 0.74161256 
0.74159479 	 0.73959347 	 0.74336353 	 0.74123114 
0.74000712 	 0.73996451 	 0.74180804 	 0.74087492 
0.73990135 	 0.74051655 	 0.74147803 	 0.74205526 
0.74096273 	 0.74119978 	 0.74216437 	 0.74352016 
0.74021891 	 0.74127922 	 0.74306006 	 0.74391852 
0.73948785 	 0.74177837 	 0.74225001 	 0.74361219 
0.73946709 	 0.74309868 	 0.74044726 	 0.74376245 
0.73916242 	 0.74174022 	 0.74070608 	 0.74405510 
0.73889706 	 0.74182771 	 0.74032321 	 0.74234398 
0.73888595 	 0.74240138 	 0.74033407 	 0.74267457 
0.73888595 	 0.74240138 	 0.74033407 	 0.74267457 
0.73832762 	 0.74122753 	 0.74092443 	 0.74075634 
0.73832762 	 0.74122753 	 0.74092443 	 0.74075634 
0.73694916 	 0.74253281 	 0.74155131 	 0.74068732 
0.73621935 	 0.74461167 	 0.74127483 	 0.74011816 
0.73621935 	 0.74461167 	 0.74127483 	 0.74011816 
0.73831592 	 0.74415377 	 0.74066926 	 0.74014075 
0.73714680 	 0.74364720 	 0.74107070 	 0.74086776 
0.73740152 	 0.74316242 	 0.74175098 	 0.74148214 
0.73833432 	 0.74337004 	 0.74211780 	 0.73948868 
0.73859895 	 0.74261398 	 0.74345870 	 0.74011160 
0.73966404 	 0.74142817 	 0.74439743 	 0.74095919 
0.73965573 	 0.74000574 	 0.74379744 	 0.74180939 
0.73977055 	 0.74076674 	 0.74403186 	 0.74279853 
0.73837084 	 0.74140041 	 0.74516944 	 0.74474335 
0.73791697 	 0.74149959 	 0.74481488 	 0.74292070 
0.73686353 	 0.74177908 	 0.74532424 	 0.74315875 
0.73780300 	 0.74356523 	 0.74548996 	 0.74450222 
0.73979351 	 0.74126295 	 0.74494727 	 0.74195349 
0.73856228 	 0.73942802 	 0.74325655 	 0.74201705 
0.73865668 	 0.73872356 	 0.74478704 	 0.74088622 
0.73923066 	 0.73875792 	 0.74467585 	 0.74150948 
0.73962575 	 0.73892158 	 0.74517659 	 0.74079284 
0.73962575 	 0.73892158 	 0.74517659 	 0.74079284 
0.73904725 	 0.73839859 	 0.74429150 	 0.74099976 
0.73904725 	 0.73839859 	 0.74429150 	 0.74099976 
0.73959090 	 0.73975517 	 0.74315148 	 0.74080726 
0.74040374 	 0.73846473 	 0.74283363 	 0.74091511 
0.73870161 	 0.73948242 	 0.74273720 	 0.74104228 
0.74017252 	 0.74003536 	 0.74062239 	 0.74077985 
0.74105197 	 0.74094479 	 0.74089684 	 0.74036899 
0.74131565 	 0.74101276 	 0.73964615 	 0.73900676 
0.74267956 	 0.74168181 	 0.73881992 	 0.73847280 
0.74178109 	 0.74122695 	 0.73802210 	 0.73952738 
0.74201260 	 0.73947137 	 0.73899384 	 0.74002674 
0.74201260 	 0.73947137 	 0.73899384 	 0.74002674 
0.74302013 	 0.74052221 	 0.73859363 	 0.73996730 
0.74302013 	 0.74052221 	 0.73859363 	 0.73996730 
0.74216244 	 0.73941959 	 0.73970036 	 0.73971485 
0.74103204 	 0.74021818 	 0.74031556 	 0.74114515 
0.74288764 	 0.74086018 	 0.73907866 	 0.74155686 
0.74192450 	 0.74148266 	 0.73808377 	 0.73955049 
0.74190470 	 0.73987218 	 0.73765330 	 0.73874355 
0.74193196 	 0.73953670 	 0.73759522 	 0.73825541 
0.74112453 	 0.74028569 	 0.73649052 	 0.73971180 
0.74128497 	 0.74105763 	 0.73905290 	 0.73916717 
0.74069393 	 0.74146608 	 0.73955844 	 0.74002420 
0.74204967 	 0.74197371 	 0.73965281 	 0.73933912 
0.74205393 	 0.74215763 	 0.74002976 	 0.73940247 
0.73982121 	 0.74257068 	 0.73917327 	 0.73868304 
0.74056878 	 0.74283204 	 0.73807888 	 0.73778936 
0.74082560 	 0.74278588 	 0.73600098 	 0.73870025 
0.73999484 	 0.74148696 	 0.73588008 	 0.73976156 
0.73999484 	 0.74148696 	 0.73588008 	 0.73976156 
0.73930665 	 0.74065846 	 0.73597417 	 0.74038780 
0.74063019 	 0.74293664 	 0.73691451 	 0.74088335 
0.74105498 	 0.74225117 	 0.73786674 	 0.73962552 
0.74136758 	 0.74229192 	 0.73674776 	 0.74102631 
0.74229583 	 0.74128219 	 0.73708961 	 0.74130883 
0.74266930 	 0.74118593 	 0.73739313 	 0.74141116 
0.74422931 	 0.74284711 	 0.73813829 	 0.74039411 
0.74429160 	 0.74299740 	 0.73928125 	 0.73875658 
0.74464321 	 0.74294707 	 0.73816331 	 0.73869195 
0.74345901 	 0.74486650 	 0.73865294 	 0.73843501 
0.74278787 	 0.74194813 	 0.73862801 	 0.74044247 
0.74247194 	 0.74139437 	 0.73937007 	 0.73997135 
0.74179479 	 0.74176166 	 0.73882901 	 0.73919923 
0.74152679 	 0.74137044 	 0.73856949 	 0.73947179 
0.74003003 	 0.74322670 	 0.73769368 	 0.73916317 
0.74003003 	 0.74322670 	 0.73769368 	 0.73916317 
0.73851102 	 0.74203630 	 0.73966516 	 0.74015271 
0.73920069 	 0.74212724 	 0.74082366 	 0.74018490 
0.73932810 	 0.73935934 	 0.74151352 	 0.74027346 
0.73888260 	 0.73768044 	 0.73946871 	 0.74057584 
0.73880937 	 0.73948264 	 0.73809316 	 0.74060591 
0.73852106 	 0.73922628 	 0.73812649 	 0.74122577 
0.73842425 	 0.73831536 	 0.73766162 	 0.74301151 
0.73871767 	 0.73901366 	 0.73847840 	 0.74284306 
0.73871767 	 0.73901366 	 0.73847840 	 0.74284306 
0.74015843 	 0.73941738 	 0.74065739 	 0.74394721 
0.74015843 	 0.73941738 	 0.74065739 	 0.74394721 
0.73988157 	 0.74014774 	 0.74112701 	 0.74546239 
0.73909650 	 0.74017129 	 0.74298947 	 0.74611899 
0.73899473 	 0.74055955 	 0.74364667 	 0.74441060 
0.73872199 	 0.73824591 	 0.74273102 	 0.74433842 
0.73848874 	 0.73857277 	 0.74338396 	 0.74357655 
0.73848874 	 0.73857277 	 0.74338396 	 0.74357655 
0.73789731 	 0.73983570 	 0.74438029 	 0.74405692 
0.73906891 	 0.74035065 	 0.74423169 	 0.74367180 
0.73802068 	 0.73959217 	 0.74640501 	 0.74437111 
0.73736148 	 0.73818208 	 0.74544348 	 0.74393401 
0.73820346 	 0.73877333 	 0.74505296 	 0.74265654 
0.73877047 	 0.73705896 	 0.74571319 	 0.74371981 
0.73877047 	 0.73705896 	 0.74571319 	 0.74371981 
0.74026340 	 0.73746725 	 0.74553930 	 0.74516065 
0.73999415 	 0.73904832 	 0.74361200 	 0.74492385 
0.73999415 	 0.73904832 	 0.74361200 	 0.74492385 
0.73809162 	 0.73922058 	 0.74341601 	 0.74376146 
0.73892892 	 0.73944302 	 0.74272603 	 0.74405841 
0.73947422 	 0.73946471 	 0.74245545 	 0.74423727 
0.73891434 	 0.73871804 	 0.74117058 	 0.74257329 
0.73826148 	 0.73995994 	 0.74026808 	 0.74219011 
0.73752039 	 0.73860219 	 0.74131826 	 0.74269379 
0.73669525 	 0.73744645 	 0.74167941 	 0.74373541 
0.73759449 	 0.73770699 	 0.74012004 	 0.74434358 
0.73759449 	 0.73770699 	 0.74012004 	 0.74434358 
0.73680119 	 0.73750272 	 0.74093242 	 0.74486120 
0.73644083 	 0.73641753 	 0.74117230 	 0.74356041 
0.73712703 	 0.73761070 	 0.74023208 	 0.74241595 
0.73718768 	 0.73856780 	 0.73853603 	 0.74277039 
0.73748767 	 0.73722824 	 0.73921816 	 0.74285269 
0.73842872 	 0.73772508 	 0.74102560 	 0.74225909 
0.73813277 	 0.73850877 	 0.74187189 	 0.74123621 
0.73889621 	 0.73760529 	 0.74357650 	 0.74056960 
0.73889621 	 0.73760529 	 0.74357650 	 0.74056960 
0.73920894 	 0.73981995 	 0.74312667 	 0.73996367 
0.73937911 	 0.73906164 	 0.74400462 	 0.74055155 
0.73883038 	 0.73893265 	 0.74254222 	 0.74281848 
0.73929995 	 0.74095797 	 0.74207382 	 0.74195885 
0.73956309 	 0.74035212 	 0.74169383 	 0.74096036 
0.73942595 	 0.74132788 	 0.74166808 	 0.74087453 
0.73897961 	 0.74092877 	 0.74085235 	 0.74030937 
0.73971943 	 0.74040620 	 0.74029363 	 0.74102226 
0.74080675 	 0.74040247 	 0.74045992 	 0.74150543 
0.73958177 	 0.73899506 	 0.73942608 	 0.74311753 
0.74019061 	 0.73921581 	 0.74142484 	 0.74321035 
0.74082854 	 0.73981154 	 0.74238160 	 0.74266877 
0.74049871 	 0.73863608 	 0.74339712 	 0.74317527 
0.74064633 	 0.73739964 	 0.74264451 	 0.74309551 
0.74131717 	 0.73864269 	 0.74307102 	 0.74339595 
0.73997248 	 0.73880848 	 0.74316012 	 0.74236103 
0.73840083 	 0.73984224 	 0.74374310 	 0.74322823 
0.73856394 	 0.73938011 	 0.74304614 	 0.74244483 
0.73980093 	 0.74047098 	 0.74192035 	 0.74149521 
0.74057358 	 0.74118229 	 0.74007160 	 0.74178544 
0.73941265 	 0.74095695 	 0.74014300 	 0.74241134 
0.74082944 	 0.74150598 	 0.73802512 	 0.74238174 
0.73983142 	 0.74145433 	 0.73653132 	 0.74054209 
0.73939320 	 0.74215663 	 0.73700281 	 0.74104201 
0.73979421 	 0.74219256 	 0.73747436 	 0.74187985 
0.73899432 	 0.74069761 	 0.73918695 	 0.74354778 
0.74009160 	 0.74058623 	 0.73988817 	 0.74271655 
0.73971638 	 0.74086904 	 0.73988448 	 0.74272306 
0.73971638 	 0.74086904 	 0.73988448 	 0.74272306 
0.73876823 	 0.74351097 	 0.74150468 	 0.74236169 
0.73848260 	 0.74210869 	 0.74097962 	 0.74248816 
0.73819508 	 0.74117150 	 0.74109931 	 0.74099237 
0.73852506 	 0.74110486 	 0.74191314 	 0.74120852 
0.73883782 	 0.74123395 	 0.74189018 	 0.74041802 
0.73793441 	 0.74109140 	 0.74168168 	 0.73890292 
0.73644407 	 0.74046044 	 0.74099590 	 0.73918493 
0.73708390 	 0.74112590 	 0.74024837 	 0.73902983 
0.73795577 	 0.74148759 	 0.74050026 	 0.74018596 
0.73668553 	 0.74110444 	 0.74065423 	 0.73986676 
0.73678014 	 0.73982279 	 0.74044659 	 0.74047160 
0.73714714 	 0.73992426 	 0.74172066 	 0.74064822 
0.73714714 	 0.73992426 	 0.74172066 	 0.74064822 
0.73732808 	 0.73844538 	 0.74112685 	 0.74020326 
0.73732808 	 0.73844538 	 0.74112685 	 0.74020326 
0.73592745 	 0.73850743 	 0.74072667 	 0.73958462 
0.73687506 	 0.73967047 	 0.73989810 	 0.74004954 
0.73835541 	 0.73911974 	 0.73878465 	 0.73969721 
0.73698764 	 0.73994813 	 0.73877034 	 0.74034414 
0.73642821 	 0.74039489 	 0.73833510 	 0.74104305 
0.73722938 	 0.74140705 	 0.74084710 	 0.74174810 
0.73703975 	 0.74039924 	 0.74208548 	 0.74106048 
0.73703975 	 0.74039924 	 0.74208548 	 0.74106048 
0.73690325 	 0.73996629 	 0.74373676 	 0.74070245 
0.73878576 	 0.73979578 	 0.74346993 	 0.73984178 
0.73825638 	 0.73891331 	 0.74436774 	 0.74034051 
0.73825638 	 0.73891331 	 0.74436774 	 0.74034051 
0.73825638 	 0.73891331 	 0.74436774 	 0.74034051 
0.73724301 	 0.73898323 	 0.74495017 	 0.73933645 
0.73724301 	 0.73898323 	 0.74495017 	 0.73933645 
0.73946918 	 0.73859746 	 0.74354735 	 0.74000320 
0.73935148 	 0.73797576 	 0.74239513 	 0.74132071 
0.73979442 	 0.73804743 	 0.74235659 	 0.74086090 
0.73946708 	 0.73857576 	 0.74077788 	 0.73896669 
0.73867576 	 0.73823900 	 0.74093326 	 0.73927311 
0.73819621 	 0.73819343 	 0.74028959 	 0.73836781 
0.74015811 	 0.73881548 	 0.73921432 	 0.73722157 
0.74011264 	 0.73764831 	 0.73942776 	 0.73700598 
0.73921448 	 0.73911838 	 0.73881764 	 0.73683005 
0.73921448 	 0.73911838 	 0.73881764 	 0.73683005 
0.73852370 	 0.73778614 	 0.73749469 	 0.73680109 
0.73896798 	 0.73872167 	 0.73756685 	 0.73941844 
0.73790681 	 0.73951449 	 0.73708645 	 0.73895268 
0.73790681 	 0.73951449 	 0.73708645 	 0.73895268 
0.73717947 	 0.73967058 	 0.73669362 	 0.73949224 
0.73816207 	 0.74131310 	 0.73662991 	 0.74175576 
0.73841901 	 0.74128395 	 0.73851434 	 0.74083289 
0.73769311 	 0.74005129 	 0.73936701 	 0.74059139 
0.73786618 	 0.74058039 	 0.73827499 	 0.74003014 
0.73704049 	 0.73873958 	 0.73937421 	 0.73820125 
0.73724801 	 0.73872621 	 0.74007266 	 0.73812879 
0.73730884 	 0.74055890 	 0.73911495 	 0.73792262 
0.73679426 	 0.73960296 	 0.73928838 	 0.73791436 
0.73804785 	 0.74036104 	 0.73897319 	 0.73791809 
0.73950934 	 0.74182049 	 0.73839829 	 0.73909840 
0.73895165 	 0.74116177 	 0.73865379 	 0.73843397 
0.73794904 	 0.73908850 	 0.73848620 	 0.73861550 
0.73756493 	 0.73848652 	 0.73828870 	 0.73819405 
0.73913078 	 0.73904238 	 0.73864361 	 0.73557200 
0.73825404 	 0.73927600 	 0.73804769 	 0.73547051 
0.73897950 	 0.73995228 	 0.73872492 	 0.73738157 
0.73897950 	 0.73995228 	 0.73872492 	 0.73738157 
0.73948605 	 0.73854885 	 0.73842578 	 0.73706699 
0.73879618 	 0.73884382 	 0.73669435 	 0.73842391 
0.73806902 	 0.73874550 	 0.73959300 	 0.73786283 
0.73668476 	 0.73902362 	 0.73910658 	 0.73769184 
0.73543075 	 0.74230758 	 0.73757472 	 0.73869202 
0.73549384 	 0.74189442 	 0.73938825 	 0.73797679 
0.73507447 	 0.74061381 	 0.74014830 	 0.73689622 
0.73540574 	 0.74041632 	 0.73992824 	 0.73689211 
0.73775518 	 0.74049031 	 0.74102084 	 0.73745485 
0.73860951 	 0.74274327 	 0.74052241 	 0.73780657 
0.73832004 	 0.74148047 	 0.74252327 	 0.73789690 
0.73838156 	 0.74115045 	 0.74205161 	 0.73897536 
0.73871146 	 0.74090033 	 0.74138057 	 0.73902788 
0.73834699 	 0.74076346 	 0.74269010 	 0.74033093 
0.73924842 	 0.74147646 	 0.74218615 	 0.74044738 
0.73976866 	 0.74009421 	 0.74226877 	 0.73955318 
0.73931968 	 0.74011828 	 0.74214219 	 0.74149785 
0.74051321 	 0.73996563 	 0.74332499 	 0.74317340 
0.74128592 	 0.73964470 	 0.74363665 	 0.74326273 
0.74048536 	 0.73690137 	 0.74343573 	 0.74344913 
0.73948138 	 0.73843254 	 0.74234631 	 0.74164269 
0.73956783 	 0.73865645 	 0.74095879 	 0.74179473 
0.74011934 	 0.73901065 	 0.74036020 	 0.74012984 
0.74011934 	 0.73901065 	 0.74036020 	 0.74012984 
0.73882474 	 0.73872604 	 0.74116925 	 0.74027272 
0.73991113 	 0.73982139 	 0.74158647 	 0.74078508 
0.74026845 	 0.73967078 	 0.74005592 	 0.74046864 
0.74130577 	 0.73887321 	 0.73932552 	 0.74100574 
0.74026026 	 0.73981042 	 0.73889383 	 0.73958971 
0.74026026 	 0.73981042 	 0.73889383 	 0.73958971 
0.73995817 	 0.74055732 	 0.73927536 	 0.73939558 
0.74087889 	 0.73956862 	 0.73847842 	 0.73845934 
0.74297653 	 0.73970283 	 0.73740874 	 0.73895908 
0.74261729 	 0.73845110 	 0.73625401 	 0.74003531 
0.74507834 	 0.73869643 	 0.73622671 	 0.73779980 
0.74466789 	 0.73824742 	 0.73677488 	 0.73710169 
0.74500271 	 0.73803952 	 0.73630043 	 0.73764047 
0.74394714 	 0.73829825 	 0.73556955 	 0.73790190 
0.74145729 	 0.73784064 	 0.73608643 	 0.73746763 
0.74110797 	 0.73853796 	 0.73727826 	 0.73742854 
0.74009586 	 0.74004921 	 0.73553466 	 0.73832107 
0.74053443 	 0.74103085 	 0.73495199 	 0.73799460 
0.74116222 	 0.74078188 	 0.73555188 	 0.73887547 
0.74116830 	 0.73914291 	 0.73669805 	 0.73902878 
0.73951643 	 0.74047146 	 0.73692684 	 0.73843415 
0.73951643 	 0.74047146 	 0.73692684 	 0.73843415 
0.74021939 	 0.74014079 	 0.73531160 	 0.73837814 
0.73978769 	 0.73922886 	 0.73611175 	 0.73825873 
0.74025298 	 0.73857331 	 0.73736039 	 0.73892437 
0.74049033 	 0.73745360 	 0.73776512 	 0.73861194 
0.74263105 	 0.73959684 	 0.73767675 	 0.73943721 
0.74512952 	 0.73896663 	 0.73692067 	 0.73978448 
0.74416214 	 0.73863953 	 0.73777279 	 0.73848487 
0.74177995 	 0.73747247 	 0.73858022 	 0.73944960 
0.74301870 	 0.73727450 	 0.73869906 	 0.73917126 
0.74365646 	 0.73827006 	 0.73982187 	 0.73898435 
0.74365646 	 0.73827006 	 0.73982187 	 0.73898435 
0.74329340 	 0.73795706 	 0.74105832 	 0.73825410 
0.74265756 	 0.73716267 	 0.74132215 	 0.73680768 
0.74352350 	 0.73712980 	 0.73944801 	 0.73783419 
0.74496614 	 0.73569386 	 0.73859723 	 0.73427952 
0.74370147 	 0.73759006 	 0.73766376 	 0.73469957 
0.74374999 	 0.73851180 	 0.73765943 	 0.73528515 
0.74374999 	 0.73851180 	 0.73765943 	 0.73528515 
0.74148056 	 0.73971164 	 0.73914034 	 0.73584106 
0.74148056 	 0.73971164 	 0.73914034 	 0.73584106 
0.74214714 	 0.73949291 	 0.73843147 	 0.73593057 
0.74077389 	 0.73909759 	 0.74052149 	 0.73644973 
0.73956178 	 0.73907688 	 0.74006786 	 0.73719778 
0.74219868 	 0.73984037 	 0.74038302 	 0.73750023 
0.74171122 	 0.73904236 	 0.74054097 	 0.73707996 
0.74073884 	 0.73898203 	 0.74050170 	 0.73790393 
0.73925133 	 0.73746967 	 0.74022008 	 0.73784317 
0.74051777 	 0.73809059 	 0.74013378 	 0.73869265 
0.74063070 	 0.73994680 	 0.74006769 	 0.73774722 
0.73944417 	 0.74017691 	 0.73917217 	 0.73795171 
0.73915056 	 0.74080292 	 0.73977487 	 0.73692501 
0.73973298 	 0.73815601 	 0.73966851 	 0.73712799 
0.73985545 	 0.73868188 	 0.74018269 	 0.73542592 
0.73826308 	 0.73928676 	 0.73892114 	 0.73682860 
0.73826308 	 0.73928676 	 0.73892114 	 0.73682860 
0.73826308 	 0.73928676 	 0.73892114 	 0.73682860 
0.73775151 	 0.74052409 	 0.73939671 	 0.73721298 
0.73900042 	 0.74121732 	 0.73931555 	 0.73620499 
0.74018810 	 0.74143145 	 0.74065840 	 0.73582549 
0.74019998 	 0.74156331 	 0.74079355 	 0.73818815 
0.73813066 	 0.74140514 	 0.74277950 	 0.73949459 
0.73754801 	 0.74048887 	 0.74206844 	 0.73992187 
0.73915927 	 0.74042890 	 0.74344013 	 0.73942304 
0.74033570 	 0.74094140 	 0.74179634 	 0.73927701 
0.73960719 	 0.74102364 	 0.74270028 	 0.73952953 
0.74021035 	 0.74185409 	 0.74160917 	 0.73916669 
0.74146822 	 0.74194661 	 0.74081553 	 0.74092793 
0.74129887 	 0.74270070 	 0.74050131 	 0.74005333 
0.74165410 	 0.74226469 	 0.74113292 	 0.74039823 
0.73978018 	 0.74301086 	 0.74009687 	 0.74082392 
0.73948778 	 0.74283346 	 0.73873195 	 0.73985087 
0.73910710 	 0.74261924 	 0.73948964 	 0.74029017 
0.73932628 	 0.74273038 	 0.73882833 	 0.74053457 
0.73754719 	 0.74262593 	 0.73969527 	 0.74072491 
0.73859180 	 0.74295198 	 0.74246649 	 0.74062184 
0.73776517 	 0.74367710 	 0.74195949 	 0.74224273 
0.73877800 	 0.74498122 	 0.74194073 	 0.74222977 
0.73866849 	 0.74456386 	 0.74133779 	 0.74240938 
0.74062919 	 0.74191444 	 0.74135625 	 0.74340427 
0.74149827 	 0.74240729 	 0.74083319 	 0.74197905 
0.74180421 	 0.74222041 	 0.74107258 	 0.74147070 
0.74312748 	 0.74303688 	 0.74116655 	 0.74177148 
0.74297802 	 0.74187641 	 0.74115502 	 0.73972242 
0.74321028 	 0.74233193 	 0.74118282 	 0.73972459 
0.74278503 	 0.74234157 	 0.74139997 	 0.73997324 
0.74173045 	 0.74016455 	 0.74234827 	 0.74034935 
0.74055393 	 0.73934197 	 0.74303845 	 0.74119613 
0.74101418 	 0.73982091 	 0.74222347 	 0.74341003 
0.73997031 	 0.73999768 	 0.74091530 	 0.74339969 
0.74070945 	 0.73972610 	 0.74181678 	 0.74264330 
0.74070945 	 0.73972610 	 0.74181678 	 0.74264330 
0.73950271 	 0.73965968 	 0.74277344 	 0.74178551 
0.74082358 	 0.74133696 	 0.74130990 	 0.74177757 
0.74107642 	 0.74031188 	 0.74180143 	 0.74287006 
0.73992606 	 0.73917791 	 0.74149832 	 0.74278962 
0.73968657 	 0.73948938 	 0.74208947 	 0.74215450 
0.73960683 	 0.73909168 	 0.74274363 	 0.74082095 
0.73960683 	 0.73909168 	 0.74274363 	 0.74082095 
0.73960683 	 0.73909168 	 0.74274363 	 0.74082095 
0.73960683 	 0.73909168 	 0.74274363 	 0.74082095 
0.73846569 	 0.73817254 	 0.74239060 	 0.74199725 
0.74037153 	 0.73907336 	 0.74015685 	 0.74221934 
0.74127985 	 0.74014970 	 0.74086371 	 0.74093692 
0.74214092 	 0.74042446 	 0.73979724 	 0.74177255 
0.74225021 	 0.74035130 	 0.73864234 	 0.74200109 
0.74170978 	 0.74144059 	 0.74014541 	 0.74343934 
0.74062029 	 0.73989501 	 0.74198390 	 0.74239748 
0.73959907 	 0.73975888 	 0.74138702 	 0.74150954 
0.73975559 	 0.73925490 	 0.73995735 	 0.74097803 
0.73898208 	 0.74104624 	 0.73864807 	 0.74061121 
0.73933159 	 0.74023864 	 0.73831213 	 0.74111700 
0.73854853 	 0.74190476 	 0.73880391 	 0.74132691 
0.73946450 	 0.74269302 	 0.74085937 	 0.74081445 
0.73992580 	 0.74157415 	 0.74198421 	 0.74059880 
0.74019656 	 0.74176807 	 0.74291203 	 0.74059135 
0.74242571 	 0.74374176 	 0.74421860 	 0.74081814 
0.74227687 	 0.74433324 	 0.74269249 	 0.74162418 
0.74348645 	 0.74400544 	 0.74329841 	 0.74093032 
0.74348645 	 0.74400544 	 0.74329841 	 0.74093032 
0.74356775 	 0.74337036 	 0.74370015 	 0.74163803 
0.74356775 	 0.74337036 	 0.74370015 	 0.74163803 
0.74356775 	 0.74337036 	 0.74370015 	 0.74163803 
0.74337609 	 0.74286012 	 0.74404554 	 0.74148021 
0.74374231 	 0.74287204 	 0.74320621 	 0.74177612 
0.74286940 	 0.74136140 	 0.74309706 	 0.74150041 
0.74361188 	 0.74149472 	 0.74257370 	 0.74254836 
0.74262293 	 0.74370337 	 0.74265053 	 0.74371410 
0.74241540 	 0.74382059 	 0.74205418 	 0.74504608 
0.74241540 	 0.74382059 	 0.74205418 	 0.74504608 
0.74377112 	 0.74388202 	 0.74194635 	 0.74552655 
0.74155732 	 0.74458575 	 0.74203355 	 0.74374910 
0.74155732 	 0.74458575 	 0.74203355 	 0.74374910 
0.74088071 	 0.74504957 	 0.74275329 	 0.74355289 
0.74127640 	 0.74547169 	 0.74211581 	 0.74215890 
0.74183724 	 0.74662517 	 0.74085821 	 0.74150940 
0.74212357 	 0.74697010 	 0.74076971 	 0.74262960 
0.74165653 	 0.74618606 	 0.73978725 	 0.74310528 
0.74165653 	 0.74618606 	 0.73978725 	 0.74310528 
0.74156548 	 0.74482767 	 0.74015545 	 0.74190825 
0.74015838 	 0.74620522 	 0.73857722 	 0.74342742 
0.73954020 	 0.74594435 	 0.73908787 	 0.74378682 
0.73835835 	 0.74653773 	 0.73862987 	 0.74321314 
0.73849775 	 0.74487964 	 0.74022819 	 0.74128884 
0.74003821 	 0.74340474 	 0.74086340 	 0.73998538 
0.74003821 	 0.74340474 	 0.74086340 	 0.73998538 
0.73854075 	 0.74293383 	 0.74189615 	 0.73862070 
0.73660125 	 0.74279147 	 0.74167196 	 0.74040371 
0.73811678 	 0.74114453 	 0.74328515 	 0.74155469 
0.73787002 	 0.74053542 	 0.74238083 	 0.74211595 
0.73810584 	 0.73947072 	 0.74077193 	 0.73987207 
0.73752553 	 0.73856947 	 0.74075620 	 0.73979094 
0.73813473 	 0.73818098 	 0.74015255 	 0.73799328 
0.73813473 	 0.73818098 	 0.74015255 	 0.73799328 
0.73813473 	 0.73818098 	 0.74015255 	 0.73799328 
0.73807917 	 0.73654541 	 0.74017980 	 0.73899400 
0.73792553 	 0.73822360 	 0.73908727 	 0.73943200 
0.73934250 	 0.73789121 	 0.73897518 	 0.74006500 
0.73793557 	 0.73763316 	 0.73960722 	 0.73965099 
0.73839633 	 0.73790548 	 0.74064477 	 0.73928410 
0.73794327 	 0.73486765 	 0.74082819 	 0.73952899 
0.73794327 	 0.73486765 	 0.74082819 	 0.73952899 
0.73711369 	 0.73489089 	 0.74038494 	 0.73929056 
0.73732308 	 0.73533624 	 0.74029188 	 0.74009213 
0.73831413 	 0.73524328 	 0.74054704 	 0.74073532 
0.73917007 	 0.73470988 	 0.74057267 	 0.74220837 
0.73952494 	 0.73575078 	 0.74042143 	 0.74037040 
0.73981143 	 0.73637257 	 0.73866157 	 0.74031615 
0.73848582 	 0.73559342 	 0.73953875 	 0.73987363 
0.73723236 	 0.73689438 	 0.74079079 	 0.73893604 
0.73723236 	 0.73689438 	 0.74079079 	 0.73893604 
0.73791932 	 0.73711700 	 0.73945519 	 0.73911115 
0.73927618 	 0.73908650 	 0.73953924 	 0.73944331 
0.73927618 	 0.73908650 	 0.73953924 	 0.73944331 
0.73927618 	 0.73908650 	 0.73953924 	 0.73944331 
0.73927618 	 0.73908650 	 0.73953924 	 0.73944331 
0.73800986 	 0.73791383 	 0.74076905 	 0.73916993 
0.73800986 	 0.73791383 	 0.74076905 	 0.73916993 
0.73871447 	 0.73983935 	 0.74106847 	 0.74012411 
0.73871447 	 0.73983935 	 0.74106847 	 0.74012411 
0.73883721 	 0.73981287 	 0.74216033 	 0.74222884 
0.73854666 	 0.74136084 	 0.74315928 	 0.74230267 
0.73909943 	 0.74081988 	 0.74158704 	 0.73954639 
0.73911919 	 0.74055343 	 0.74172668 	 0.74027504 
0.73995434 	 0.74028468 	 0.74132962 	 0.74104719 
0.74045737 	 0.73939755 	 0.73995623 	 0.74111340 
0.74045737 	 0.73939755 	 0.73995623 	 0.74111340 
0.74055687 	 0.73829076 	 0.74068396 	 0.74117578 
0.73924580 	 0.73871384 	 0.73916875 	 0.74110412 
0.73969225 	 0.73970248 	 0.73903338 	 0.74033809 
0.73777888 	 0.73881335 	 0.73960335 	 0.73878531 
0.73694599 	 0.73911834 	 0.73967557 	 0.73832103 
0.73884478 	 0.74063336 	 0.74009483 	 0.73958029 
0.73884478 	 0.74063336 	 0.74009483 	 0.73958029 
0.73960725 	 0.73784854 	 0.73903581 	 0.74060930 
0.74008448 	 0.73755944 	 0.73897832 	 0.74147810 
0.73951189 	 0.73835707 	 0.73779139 	 0.74100822 
0.73948262 	 0.73922824 	 0.73634253 	 0.74114884 
0.74168363 	 0.73949011 	 0.73708897 	 0.74181350 
0.74125183 	 0.74003722 	 0.73847073 	 0.74265766 
0.74098485 	 0.73830318 	 0.73875062 	 0.73998943 
0.73954606 	 0.73902891 	 0.73884751 	 0.73952547 
0.73993930 	 0.74027948 	 0.73996674 	 0.73908556 
0.73898746 	 0.74128871 	 0.73850721 	 0.74005999 
0.73979894 	 0.74261026 	 0.73741758 	 0.74160638 
0.74043344 	 0.74344122 	 0.73845310 	 0.74072850 
0.74112121 	 0.74141294 	 0.73820851 	 0.74054418 
0.74092803 	 0.74100664 	 0.73866853 	 0.74141317 
0.74299600 	 0.74064612 	 0.73925798 	 0.74179188 
0.74104855 	 0.73936402 	 0.73917428 	 0.74208884 
0.74164370 	 0.73950995 	 0.73928108 	 0.74081838 
0.74160922 	 0.73933322 	 0.73830836 	 0.74032167 
0.74079719 	 0.73866413 	 0.73732439 	 0.74027321 
0.73925502 	 0.73864566 	 0.73828691 	 0.74010705 
0.73868668 	 0.73855173 	 0.73808700 	 0.74000182 
0.73832654 	 0.73855200 	 0.73967852 	 0.74066896 
0.73959962 	 0.73923466 	 0.74017766 	 0.74234772 
0.74062991 	 0.73907842 	 0.73832977 	 0.74056102 
0.73966964 	 0.73742370 	 0.73665975 	 0.73966482 
0.73863935 	 0.73832293 	 0.73545489 	 0.74045702 
0.73939697 	 0.73810504 	 0.73606556 	 0.74174815 
0.73956580 	 0.73838987 	 0.73650540 	 0.74212714 
0.73911177 	 0.73673022 	 0.73649938 	 0.74134733 
0.73901719 	 0.73604481 	 0.73696454 	 0.74069747 
0.73866099 	 0.73576734 	 0.73589315 	 0.74215876 
0.73982320 	 0.73701470 	 0.73804561 	 0.74243133 
0.74109160 	 0.73712877 	 0.73664090 	 0.74138132 
0.74051324 	 0.73785335 	 0.73524306 	 0.74106328 
0.74085469 	 0.73765454 	 0.73719977 	 0.74041030 
0.74071413 	 0.73749184 	 0.73563714 	 0.73827562 
0.74257724 	 0.73835762 	 0.73524860 	 0.73813503 
0.74291320 	 0.73834671 	 0.73575095 	 0.73727459 
0.74297312 	 0.73882484 	 0.73375438 	 0.73723101 
0.74446878 	 0.73991792 	 0.73411136 	 0.73782336 
0.74266719 	 0.73951439 	 0.73455473 	 0.73752137 
0.74178743 	 0.73948284 	 0.73461881 	 0.73664669 
0.74094926 	 0.73965668 	 0.73542519 	 0.73738352 
0.73976771 	 0.73913091 	 0.73603795 	 0.73778189 
0.73959655 	 0.73875881 	 0.73602578 	 0.73676010 
0.73950256 	 0.74040929 	 0.73551084 	 0.73622913 
0.73805520 	 0.73813986 	 0.73630511 	 0.73652590 
0.73914179 	 0.73716423 	 0.73500617 	 0.73585739 
0.73917260 	 0.73661665 	 0.73632026 	 0.73693561 
0.73854110 	 0.73831446 	 0.73761740 	 0.73863825 
0.73931811 	 0.73807599 	 0.73831632 	 0.73972687 
0.74055214 	 0.73892138 	 0.73679626 	 0.74035015 
0.74052650 	 0.73891115 	 0.73803257 	 0.73982002 
0.73994300 	 0.73928076 	 0.73930421 	 0.73898192 
0.73886206 	 0.73876467 	 0.74007779 	 0.73932334 
0.73886206 	 0.73876467 	 0.74007779 	 0.73932334 
0.73887575 	 0.74002280 	 0.74047319 	 0.73767103 
0.73668220 	 0.74047033 	 0.73937499 	 0.73873896 
0.73577102 	 0.74043732 	 0.74007947 	 0.73882097 
0.73729902 	 0.74095760 	 0.74124299 	 0.73906463 
0.73731710 	 0.73990291 	 0.74186801 	 0.73891491 
0.73847384 	 0.73689913 	 0.74143361 	 0.73791964 
0.73847384 	 0.73689913 	 0.74143361 	 0.73791964 
0.73828009 	 0.73667650 	 0.74032942 	 0.73802007 
0.73720796 	 0.73605246 	 0.74078156 	 0.73895609 
0.73720796 	 0.73605246 	 0.74078156 	 0.73895609 
0.73772238 	 0.73479831 	 0.74019178 	 0.73985632 
0.73839928 	 0.73722378 	 0.74033244 	 0.74131178 
0.73868296 	 0.73735456 	 0.73968039 	 0.74136329 
0.73673065 	 0.73757863 	 0.73876050 	 0.74022914 
0.73812438 	 0.73825666 	 0.73845856 	 0.73926719 
0.73921326 	 0.73796209 	 0.73899122 	 0.73799653 
0.73921326 	 0.73796209 	 0.73899122 	 0.73799653 
0.73989933 	 0.74040143 	 0.73917253 	 0.73949138 
0.73934264 	 0.73990414 	 0.73987327 	 0.73971735 
0.73934264 	 0.73990414 	 0.73987327 	 0.73971735 
0.73934264 	 0.73990414 	 0.73987327 	 0.73971735 
0.74053956 	 0.73828723 	 0.74081880 	 0.74089319 
0.74086929 	 0.73879310 	 0.74187882 	 0.73994867 
0.74132725 	 0.73948308 	 0.74137733 	 0.74028549 
0.74245456 	 0.73863519 	 0.74128234 	 0.73912527 
0.74200027 	 0.73970525 	 0.74187263 	 0.73819951 
0.74169387 	 0.74220841 	 0.74274933 	 0.73898273 
0.74172569 	 0.74147576 	 0.74192395 	 0.73898565 
0.74281479 	 0.74201754 	 0.74149215 	 0.73886697 
0.74356374 	 0.74211832 	 0.74089626 	 0.73899994 
0.74379032 	 0.74294771 	 0.74115068 	 0.73842680 
0.74110797 	 0.74277680 	 0.74216881 	 0.73726253 
0.74088752 	 0.74211644 	 0.74228850 	 0.73808579 
0.74088752 	 0.74211644 	 0.74228850 	 0.73808579 
0.73991509 	 0.74229734 	 0.74309114 	 0.73844073 
0.73991509 	 0.74229734 	 0.74309114 	 0.73844073 
0.73975839 	 0.74158311 	 0.74220294 	 0.73917498 
0.73943697 	 0.74131289 	 0.74195156 	 0.73917910 
0.73835851 	 0.74260088 	 0.74364097 	 0.73901925 
0.73733138 	 0.74252848 	 0.74376482 	 0.74042908 
0.73747880 	 0.74192256 	 0.74243900 	 0.74101604 
0.73729597 	 0.74203813 	 0.74351237 	 0.74066903 
0.73729597 	 0.74203813 	 0.74351237 	 0.74066903 
0.73832580 	 0.74162225 	 0.74374850 	 0.73978938 
0.73723655 	 0.74008871 	 0.74469047 	 0.73943804 
0.73589253 	 0.73947821 	 0.74443777 	 0.73873321 
0.73589253 	 0.73947821 	 0.74443777 	 0.73873321 
0.73665357 	 0.73973451 	 0.74548338 	 0.73848420 
0.73665357 	 0.73973451 	 0.74548338 	 0.73848420 
0.73708253 	 0.73927313 	 0.74606472 	 0.73751544 
0.73616180 	 0.74012294 	 0.74738724 	 0.73626090 
0.73616180 	 0.74012294 	 0.74738724 	 0.73626090 
0.73616180 	 0.74012294 	 0.74738724 	 0.73626090 
0.73766605 	 0.74026279 	 0.74422894 	 0.73590653 
0.73715012 	 0.74083148 	 0.74305978 	 0.73713991 
0.73713895 	 0.74057269 	 0.74174288 	 0.73586304 
0.73722921 	 0.73978917 	 0.74157455 	 0.73851140 
0.73732805 	 0.73802458 	 0.74146667 	 0.73814562 
0.73732805 	 0.73802458 	 0.74146667 	 0.73814562 
0.73713459 	 0.73788542 	 0.74236772 	 0.73878403 
0.73736502 	 0.73679908 	 0.74067174 	 0.74101809 
0.73615457 	 0.73784704 	 0.73997466 	 0.74088785 
0.73723158 	 0.73655462 	 0.74138198 	 0.73996269 
0.73637686 	 0.73782513 	 0.74196807 	 0.74032793 
0.73637686 	 0.73782513 	 0.74196807 	 0.74032793 
0.73738561 	 0.73695117 	 0.74128752 	 0.73848455 
0.73738561 	 0.73695117 	 0.74128752 	 0.73848455 
0.73725979 	 0.73916071 	 0.73957277 	 0.73669853 
0.73725979 	 0.73916071 	 0.73957277 	 0.73669853 
0.73662322 	 0.73974216 	 0.74002711 	 0.73518351 
0.73663587 	 0.74052285 	 0.73974836 	 0.73417499 
0.73586528 	 0.74016323 	 0.74027933 	 0.73344687 
0.73543013 	 0.74009800 	 0.74005402 	 0.73348532 
0.73619695 	 0.74031833 	 0.74073854 	 0.73332123 
0.73571887 	 0.74120470 	 0.74173461 	 0.73484519 
0.73512153 	 0.74195115 	 0.74224930 	 0.73339198 
0.73555607 	 0.74057358 	 0.74093765 	 0.73389949 
0.73681908 	 0.73981893 	 0.74191771 	 0.73541966 
0.73718675 	 0.73826755 	 0.74198651 	 0.73568543 
0.73716049 	 0.73787517 	 0.74012640 	 0.73552511 
0.73712986 	 0.73805727 	 0.74123790 	 0.73584891 
0.73704343 	 0.73752001 	 0.73955644 	 0.73496042 
0.73642829 	 0.73711129 	 0.73961968 	 0.73537317 
0.73720660 	 0.73809322 	 0.73912971 	 0.73562606 
0.73779939 	 0.73773412 	 0.73961614 	 0.73683609 
0.73892183 	 0.73879998 	 0.73839897 	 0.73761227 
0.73841691 	 0.73794779 	 0.73922962 	 0.73909677 
0.73739793 	 0.73866025 	 0.73962653 	 0.73916661 
0.73739793 	 0.73866025 	 0.73962653 	 0.73916661 
0.73651406 	 0.73741519 	 0.74253447 	 0.73924604 
0.73771338 	 0.73748169 	 0.74264964 	 0.73820040 
0.73835613 	 0.73725613 	 0.74199520 	 0.73845616 
0.73825245 	 0.73710067 	 0.74311114 	 0.73863886 
0.74005044 	 0.73610347 	 0.74183242 	 0.73858426 
0.74089289 	 0.73621376 	 0.74242496 	 0.73686777 
0.73910589 	 0.73600343 	 0.74214321 	 0.73737314 
0.73930020 	 0.73637777 	 0.74173196 	 0.73715952 
0.73772453 	 0.73772194 	 0.74100617 	 0.73738065 
0.73780593 	 0.73846099 	 0.74057176 	 0.73636047 
0.73611388 	 0.73715272 	 0.74144876 	 0.73770077 
0.73611388 	 0.73715272 	 0.74144876 	 0.73770077 
0.73611388 	 0.73715272 	 0.74144876 	 0.73770077 
0.73593538 	 0.73745066 	 0.74108585 	 0.73789720 
0.73813198 	 0.73823276 	 0.74006074 	 0.73629026 
0.73681479 	 0.73829951 	 0.73851127 	 0.73460664 
0.73766055 	 0.73832734 	 0.73802011 	 0.73438368 
0.73958173 	 0.73972397 	 0.73856068 	 0.73467077 
0.73921312 	 0.74064257 	 0.73873000 	 0.73476725 
0.73957907 	 0.73976225 	 0.73925137 	 0.73419148 
0.73963648 	 0.74047923 	 0.73995452 	 0.73614627 
0.74062791 	 0.73868389 	 0.74103125 	 0.73658575 
0.73880065 	 0.73887024 	 0.74155656 	 0.73747162 
0.73833136 	 0.73924531 	 0.74076682 	 0.73770763 
0.73762390 	 0.73821198 	 0.74136788 	 0.73836278 
0.73854399 	 0.74018935 	 0.74200545 	 0.73738001 
0.73969395 	 0.74119121 	 0.73961064 	 0.73611007 
0.73952596 	 0.74182919 	 0.73968099 	 0.73646502 
0.73825874 	 0.74266805 	 0.74099824 	 0.73655775 
0.73754274 	 0.74113918 	 0.74091049 	 0.73689545 
0.73678127 	 0.73923109 	 0.74097711 	 0.73752337 
0.73949681 	 0.73912708 	 0.74095837 	 0.73772733 
0.73985216 	 0.73855715 	 0.74105948 	 0.73830236 
0.73900234 	 0.73847095 	 0.74166619 	 0.73923171 
0.73839177 	 0.73914825 	 0.74310864 	 0.73953246 
0.73973325 	 0.73949409 	 0.74288191 	 0.73928448 
0.74020231 	 0.73975823 	 0.74369534 	 0.73923958 
0.74010014 	 0.74107528 	 0.74303784 	 0.73942612 
0.74054347 	 0.74087197 	 0.74357078 	 0.73853143 
0.74024216 	 0.74057619 	 0.74451758 	 0.73928534 
0.73976586 	 0.73991222 	 0.74223978 	 0.73906820 
0.74021706 	 0.73874770 	 0.74053364 	 0.73767729 
0.74067325 	 0.73885979 	 0.74070029 	 0.73657517 
0.74078774 	 0.73834135 	 0.74099085 	 0.73599549 
0.74166271 	 0.73939989 	 0.73945144 	 0.73595085 
0.74140058 	 0.73880575 	 0.74023201 	 0.73615040 
0.74029927 	 0.73907926 	 0.74090963 	 0.73758271 
0.74036415 	 0.73883243 	 0.74105803 	 0.73874307 
0.74099539 	 0.73978301 	 0.73995952 	 0.74035810 
0.74086586 	 0.74141227 	 0.73939085 	 0.73900419 
0.74086586 	 0.74141227 	 0.73939085 	 0.73900419 
0.74016174 	 0.74220721 	 0.73725895 	 0.74060659 
0.73955167 	 0.74121075 	 0.73728462 	 0.74091037 
0.73921814 	 0.74025646 	 0.73787459 	 0.74091859 
0.74045938 	 0.73954621 	 0.73957451 	 0.74159882 
0.73969993 	 0.73894453 	 0.74086963 	 0.74063130 
0.74140602 	 0.73925399 	 0.74142272 	 0.74021877 
0.74348972 	 0.73982062 	 0.74165513 	 0.74014160 
0.74348972 	 0.73982062 	 0.74165513 	 0.74014160 
0.74199826 	 0.74013657 	 0.74241733 	 0.74119949 
0.74150715 	 0.74198918 	 0.74188536 	 0.74180117 
0.74062496 	 0.74202178 	 0.74377354 	 0.74312786 
0.74067029 	 0.74195884 	 0.74413869 	 0.74423812 
0.74005385 	 0.74377950 	 0.74250407 	 0.74301024 
0.74023815 	 0.74403514 	 0.74131764 	 0.74354228 
0.74053387 	 0.74326046 	 0.74141830 	 0.74307771 
0.74071731 	 0.74360865 	 0.73998419 	 0.74205314 
0.74071731 	 0.74360865 	 0.73998419 	 0.74205314 
0.74163760 	 0.74366187 	 0.74027474 	 0.74161310 
0.74067021 	 0.74101939 	 0.73969884 	 0.74277624 
0.74208261 	 0.74118779 	 0.73984957 	 0.74258797 
0.74208261 	 0.74118779 	 0.73984957 	 0.74258797 
0.74196722 	 0.74148537 	 0.73905436 	 0.74135954 
0.74321792 	 0.73942066 	 0.73908620 	 0.73921094 
0.74296369 	 0.74126614 	 0.73842198 	 0.73938694 
0.74229476 	 0.74062465 	 0.73882181 	 0.73979038 
0.74293520 	 0.74175104 	 0.73941489 	 0.73998339 
0.74259860 	 0.74134809 	 0.74037945 	 0.74006426 
0.74259860 	 0.74134809 	 0.74037945 	 0.74006426 
0.74402568 	 0.74190976 	 0.73730692 	 0.73973183 
0.74293269 	 0.74319747 	 0.73735068 	 0.74055647 
0.74243669 	 0.74215639 	 0.73987837 	 0.74130087 
0.74207192 	 0.74191037 	 0.73982681 	 0.74075450 
0.74355006 	 0.74174906 	 0.74156339 	 0.73981826 
0.74241200 	 0.74052377 	 0.74184489 	 0.73974368 
0.74439205 	 0.74086211 	 0.74330962 	 0.73993915 
0.74540349 	 0.74074978 	 0.74274397 	 0.74087551 
0.74529667 	 0.74170665 	 0.74288372 	 0.74293410 
0.74626294 	 0.74188770 	 0.74284039 	 0.74231308 
0.74493157 	 0.74244451 	 0.74423363 	 0.74142550 
0.74383780 	 0.74305712 	 0.74364033 	 0.74355082 
0.74369480 	 0.74347285 	 0.74329391 	 0.74484849 
0.74530388 	 0.74262779 	 0.74376633 	 0.74505540 
0.74636170 	 0.74174444 	 0.74404237 	 0.74507700 
0.74791204 	 0.74177535 	 0.74305887 	 0.74407025 
0.74846069 	 0.74191684 	 0.74349029 	 0.74350008 
0.74848707 	 0.74054864 	 0.74319219 	 0.74315010 
0.74914318 	 0.73982961 	 0.74188924 	 0.74273512 
0.74838911 	 0.73958883 	 0.74202381 	 0.74112937 
0.74819775 	 0.74030479 	 0.74214474 	 0.74187158 
0.74771259 	 0.74086923 	 0.74272800 	 0.74291690 
0.74683776 	 0.73961003 	 0.74446712 	 0.74292485 
0.74533638 	 0.73886319 	 0.74290911 	 0.74209833 
0.74545253 	 0.73831158 	 0.74283443 	 0.74192056 
0.74619660 	 0.73947486 	 0.74363497 	 0.74252525 
0.74627881 	 0.73925123 	 0.74284533 	 0.74237617 
0.74581231 	 0.73816312 	 0.74258746 	 0.74158682 
0.74618825 	 0.73834483 	 0.74344203 	 0.74262476 
0.74463321 	 0.73944448 	 0.74549715 	 0.74179590 
0.74394527 	 0.73786479 	 0.74449880 	 0.74265641 
0.74530031 	 0.73756988 	 0.74502843 	 0.74136172 
0.74448887 	 0.73896897 	 0.74444759 	 0.74173597 
