0.823543
0.822551
0.823823
0.82541
0.825886
0.825953
0.825084
0.82404
0.82551
0.82616
0.826485
0.826485
0.82586
0.826473
0.826355
0.82668
0.828194
0.828194
0.826957
0.827725
0.825796
0.825307
0.82594
0.826849
0.828167
0.828753
0.829573
0.829623
0.826204
0.82721
0.828078
0.828766
0.828766
0.828766
0.82729
0.828024
0.828691
0.829105
0.829989
0.830932
0.832032
0.83239
0.833226
0.832712
0.82997
0.831473
0.831509
0.832639
0.832749
0.834022
0.834022
0.832641
0.831665
0.831276
0.830948
0.831558
0.833487
0.831699
0.831802
0.831493
0.831714
0.830147
0.829674
0.829737
0.83154
0.829506
0.829506
0.831837
0.831837
0.83284
0.835215
0.835215
0.833198
0.833198
0.831977
0.831166
0.830208
0.828153
0.827701
0.827692
0.826952
0.825969
0.826231
0.826208
0.825838
0.826308
0.827306
0.827934
0.82763
0.830237
0.829708
0.829208
0.828653
0.828977
0.828492
0.827015
0.827111
0.827899
0.827281
0.828574
0.828574
0.828182
0.827745
0.827745
0.826071
0.826071
0.826175
0.824429
0.824442
0.823017
0.823017
0.823017
0.821925
0.823114
0.823546
0.825286
0.826721
0.826811
0.826953
0.824289
0.822877
0.822371
0.825788
0.827182
0.829359
0.830635
0.83023
0.828741
0.828986
0.828287
0.827442
0.828057
0.825888
0.826274
0.826815
0.827063
0.82566
0.826452
0.826452
0.826769
0.82561
0.82561
0.823868
0.82408
0.82443
0.825688
0.827615
0.827615
0.827615
0.828548
0.827326
0.828605
0.827301
0.8278
0.827905
0.826448
0.825812
0.826251
0.826926
0.827576
0.826487
0.825265
0.826522
0.826569
0.830033
0.829407
0.829407
0.828939
0.82599
0.826545
0.825107
0.823627
0.823823
0.823522
0.823554
0.823108
0.820824
0.82206
0.822957
0.823181
0.823475
0.824611
0.826081
0.825312
0.823114
0.820689
0.820683
0.820683
0.821539
0.822224
0.820009
0.821556
0.821571
0.822654
0.822654
0.82185
0.821691
0.821994
0.820799
0.819775
0.819691
0.819387
0.818452
0.818337
0.818048
0.817117
0.817117
0.817681
0.818538
0.817277
0.817813
0.817201
0.81744
0.818938
0.819087
0.817515
0.819492
0.817775
0.817101
0.818025
0.817948
0.817948
0.817403
0.816061
0.814698
0.814476
0.813832
0.815546
0.81733
0.818054
0.816887
0.817842
0.817604
0.817679
0.817187
0.819067
0.821008
0.821803
0.820625
0.820625
0.819131
0.818941
0.818654
0.817876
0.816464
0.815214
0.814851
0.814456
0.816144
0.81581
0.816376
0.817709
0.816721
0.816686
0.817905
0.818391
0.819016
0.818187
0.819143
0.820772
0.821651
0.82026
0.82076
0.821567
0.820121
0.820462
0.82274
0.823507
0.824581
0.825557
0.826314
0.827487
0.827347
0.82672
0.823515
0.826097
0.825932
0.825791
0.825597
0.826236
0.825246
0.825154
0.826173
0.825201
0.824568
0.822837
0.823988
0.825375
0.825375
0.824569
0.824145
0.825053
0.825053
0.824153
0.825015
0.828013
0.827931
0.828338
0.827668
0.829516
0.828755
0.828755
0.828882
0.829693
0.829871
0.829871
0.829889
0.827618
0.825502
0.827201
0.827201
0.82794
0.827312
0.827312
0.826465
0.824938
0.824362
0.825882
0.82321
0.823945
0.824692
0.825621
0.826156
0.828311
0.829138
0.83069
0.83069
0.830104
0.830476
0.831419
0.831443
0.831288
0.831288
0.831485
0.830391
0.830638
0.828876
0.829573
0.829436
0.827602
0.827414
0.827694
0.825831
0.824986
0.825747
0.825747
0.824482
0.824385
0.824046
0.825326
0.827014
0.827014
0.827273
0.826795
0.829274
0.830204
0.830423
0.830375
0.829752
0.830945
0.829321
0.828203
0.826828
0.826558
0.826154
0.826311
0.825144
0.82611
0.82595
0.824803
0.822112
0.822351
0.820914
0.82156
0.820603
0.820363
0.821257
0.823152
0.823523
0.824137
0.82461
0.82461
0.82461
0.82428
0.825844
0.824967
0.824967
0.825189
0.824603
0.826025
0.825906
0.828127
0.827834
0.828639
0.826752
0.827476
0.826192
0.825494
0.826897
0.829578
0.830968
0.831464
0.830418
0.830883
0.831478
0.83178
0.832142
0.83249
0.833768
0.833768
0.832993
0.832167
0.832709
0.832468
0.832468
0.83143
0.830917
0.832755
0.831889
0.829921
0.828599
0.82908
0.82856
0.828842
0.828842
0.828242
0.828702
0.830521
0.829676
0.831184
0.82696
0.827495
0.82645
0.826892
0.826892
0.827908
0.828439
0.828987
0.828927
0.828989
0.827857
0.827934
0.827259
0.828517
0.828737
0.828737
0.828737
0.828767
0.830936
0.83003
0.829416
0.829416
0.827608
0.827303
0.825258
0.826136
0.826383
0.826383
0.825682
0.825682
0.824152
0.821925
0.824099
0.822908
0.823203
0.823248
0.825237
0.827169
0.825931
0.826622
0.826571
0.824413
0.824612
0.824724
0.824149
0.824457
0.824451
0.823655
0.824023
0.824023
0.823709
0.821575
0.820358
0.819437
0.819183
0.819183
0.821232
0.821156
0.820218
0.819426
0.819231
0.81941
0.81941
0.819024
0.818777
0.818777
0.818886
0.82117
0.821181
0.822742
0.823624
0.822429
0.822429
0.82303
0.821702
0.823289
0.823444
0.825005
0.824922
0.824363
0.824187
0.825016
0.824336
0.824336
0.823671
0.822889
0.823843
0.824666
0.824074
0.824652
0.825108
0.823566
0.825106
0.823469
0.823801
0.82376
0.824168
0.824168
0.822916
0.824019
0.82302
0.825445
0.827183
0.824425
0.824678
0.824678
0.825269
0.825996
0.828427
0.828178
0.82804
0.827672
0.828274
0.828142
0.828142
0.826998
0.826325
0.827441
0.826102
0.825227
0.82687
0.826163
0.827504
0.82773
0.82773
0.826696
0.825537
0.825735
0.824955
0.825556
0.825811
0.82635
0.826067
0.823218
0.823577
0.823362
0.824072
0.821685
0.820709
0.819731
0.821249
0.823879
0.823879
0.822584
0.824125
0.824125
0.823989
0.822655
0.822401
0.821632
0.822602
0.824392
0.824532
0.824773
0.823389
0.823075
0.822898
0.822898
0.822898
0.821984
0.822573
0.82371
0.825555
0.825391
0.825022
0.828142
0.827226
0.826747
0.826747
0.82448
0.824879
0.825671
0.824136
0.826972
0.827537
0.826651
0.825821
0.826286
0.827114
0.827073
0.82596
0.823976
0.8228
0.821478
0.821779
0.821779
0.820102
0.821219
0.82061
0.823552
0.824729
0.825291
0.823525
0.824431
0.825261
0.824632
0.823218
0.822837
0.82059
0.822029
0.822873
0.822873
0.823545
0.824334
0.825484
0.825827
0.824355
0.824355
0.825618
0.827559
0.829737
0.831097
0.8295
0.83011
0.830966
0.830771
0.832596
0.832769
0.832619
0.833405
0.833901
0.833575
0.833575
0.833298
0.832787
0.831515
0.833214
0.831537
0.831024
0.829899
0.830366
0.830156
0.830141
0.830126
0.830456
0.830366
0.830366
0.829263
0.829092
0.82811
0.828018
0.828928
0.829047
0.828907
0.829723
0.829745
0.829392
0.828004
0.827477
0.827624
0.827488
0.82787
0.829248
0.82764
0.82746
0.826636
0.827914
0.827507
0.828162
0.828162
0.828717
0.827586
0.827481
0.827239
0.827239
0.828669
0.828677
0.827286
0.827286
0.825921
0.826192
0.827278
0.82715
0.82715
0.829115
0.82909
0.830211
0.830211
0.829442
0.827243
0.826402
0.828175
0.828175
0.828856
0.829284
0.830451
0.827416
0.826742
0.826153
0.825702
0.825977
0.824959
0.825359
0.824907
0.825217
0.825094
0.823777
0.825443
0.826114
0.824958
0.82526
0.825688
0.827225
0.826893
0.826759
0.826979
0.827836
0.829135
0.827788
0.825656
0.825656
0.827196
0.828044
0.827789
0.827694
0.827981
0.828654
0.827009
0.828489
0.828489
0.826299
0.827171
0.828252
0.827227
0.826879
0.827282
0.827601
0.826647
0.827702
0.826109
0.824809
0.825148
0.824779
0.824138
0.824506
0.823945
0.822815
0.821527
0.82111
0.822576
0.822576
0.823341
0.826236
0.824559
0.82543
0.82543
0.824105
0.824816
0.825839
0.824438
0.823512
0.824707
0.824872
0.825708
0.825925
0.824284
0.824284
0.824166
0.825336
0.826638
0.824127
0.824127
0.825098
0.823531
0.823069
0.824466
0.824611
0.823071
0.822504
0.825112
0.826824
0.828096
0.825844
0.827912
0.827637
0.827319
0.824375
0.82534
0.826536
0.825014
0.826215
0.828802
0.828415
0.828004
0.827426
0.826272
0.825356
0.825392
0.825392
0.823457
0.823457
0.824007
0.823409
0.823409
0.824677
0.823965
0.825114
0.824293
0.825718
0.826933
0.825808
0.827085
0.8285
0.826974
0.827392
0.828981
0.827082
0.824549
0.824658
0.825311
0.825298
0.825298
0.825432
0.825432
0.825892
0.824957
0.824878
0.824773
0.825912
0.824132
0.825309
0.824792
0.823805
0.823805
0.824489
0.824489
0.823449
0.824803
0.825158
0.823498
0.822448
0.82158
0.822053
0.824048
0.824562
0.825093
0.826157
0.824633
0.823444
0.822876
0.822373
0.822373
0.821616
0.824852
0.825471
0.825588
0.825697
0.825578
0.826522
0.826257
0.825749
0.826489
0.825354
0.824662
0.823756
0.823969
0.823628
0.823628
0.824061
0.825509
0.824509
0.822406
0.822634
0.822743
0.822692
0.823962
0.823962
0.826454
0.826454
0.828611
0.829038
0.829461
0.827402
0.826672
0.826672
0.827323
0.827624
0.828576
0.826284
0.826764
0.826893
0.826893
0.828324
0.828281
0.828281
0.826769
0.827505
0.827615
0.824789
0.824303
0.824269
0.82379
0.82418
0.82418
0.824321
0.82314
0.82245
0.821657
0.820432
0.823177
0.823773
0.823886
0.823886
0.824958
0.825496
0.824901
0.825791
0.824188
0.825523
0.824666
0.824767
0.825948
0.824804
0.826389
0.827517
0.828044
0.826436
0.828178
0.82669
0.827081
0.826148
0.825376
0.825762
0.825624
0.825585
0.823034
0.823445
0.824601
0.825027
0.824707
0.824291
0.824291
0.826095
0.824954
0.824345
0.825028
0.823865
0.821943
0.821588
0.822404
0.824133
0.822509
0.821601
0.823304
0.823304
0.821893
0.821893
0.819957
0.820658
0.82022
0.81993
0.819959
0.822756
0.823124
0.823124
0.824278
0.824171
0.824707
0.824707
0.824707
0.823579
0.823579
0.823958
0.82421
0.823937
0.822359
0.822
0.820267
0.820331
0.820331
0.819667
0.819667
0.818291
0.82104
0.821178
0.821178
0.820456
0.822484
0.823144
0.822044
0.821466
0.819264
0.819719
0.820323
0.81972
0.821482
0.82341
0.822795
0.822138
0.820506
0.820427
0.818878
0.821645
0.821645
0.820451
0.82094
0.822261
0.821482
0.821793
0.822908
0.821676
0.821572
0.823113
0.824305
0.824999
0.825011
0.824591
0.826004
0.826779
0.825578
0.826263
0.828577
0.828881
0.826421
0.824591
0.824373
0.823801
0.823801
0.823304
0.824405
0.823842
0.824112
0.822526
0.822526
0.823113
0.821747
0.823002
0.82205
0.82287
0.822107
0.822882
0.821116
0.819876
0.820667
0.820779
0.821273
0.82244
0.821925
0.821618
0.821618
0.82071
0.821106
0.821996
0.82089
0.823775
0.824949
0.823944
0.82263
0.823001
0.825054
0.825054
0.824421
0.822656
0.822759
0.820509
0.820507
0.822111
0.822111
0.821823
0.821823
0.820952
0.821776
0.821507
0.82374
0.823829
0.823816
0.821859
0.822871
0.823275
0.822543
0.822689
0.820774
0.820398
0.81975
0.81975
0.81975
0.821038
0.82148
0.822179
0.823807
0.824127
0.82325
0.82482
0.824928
0.825262
0.825629
0.826814
0.825364
0.825923
0.825376
0.823912
0.824027
0.824293
0.822739
0.825157
0.825051
0.827072
0.826943
0.826912
0.826304
0.826315
0.82756
0.825983
0.826914
0.827406
0.826311
0.825872
0.827299
0.825864
0.82613
0.82613
0.82537
0.825713
0.827107
0.825604
0.825206
0.824069
0.824069
0.824069
0.824069
0.823503
0.824106
0.824968
0.825185
0.825267
0.82639
0.825888
0.824988
0.82353
0.82356
0.823106
0.82399
0.825529
0.825316
0.825562
0.82904
0.828767
0.828365
0.828365
0.828981
0.828981
0.828981
0.828558
0.827813
0.826964
0.828219
0.828794
0.830052
0.830052
0.830706
0.828625
0.828625
0.829022
0.828264
0.827982
0.829274
0.828322
0.828322
0.827373
0.827295
0.827397
0.827236
0.826374
0.825084
0.825084
0.824225
0.824501
0.826431
0.826137
0.823404
0.822514
0.821367
0.821367
0.821367
0.821005
0.821338
0.822285
0.821551
0.822249
0.819675
0.819675
0.818683
0.819781
0.821188
0.822472
0.822357
0.822128
0.82133
0.821655
0.821655
0.821801
0.824099
0.824099
0.824099
0.824099
0.822919
0.822919
0.824348
0.824348
0.826102
0.828058
0.826128
0.826378
0.825987
0.825374
0.825374
0.825267
0.823567
0.823905
0.821219
0.820677
0.823483
0.823483
0.822537
0.823528
0.822084
0.821285
0.823588
0.825176
0.822613
0.821704
0.824051
0.823839
0.824023
0.825314
0.824965
0.825993
0.82714
0.825071
0.825238
0.82487
0.823357
0.823452
0.823541
0.824341
0.825701
0.824631
0.822238
0.822815
0.824035
0.824776
0.82259
0.821276
0.82155
0.823856
0.823129
0.822108
0.823303
0.820984
0.822325
0.823162
0.821711
0.8233
0.822712
0.822395
0.822811
0.821976
0.820626
0.820618
0.818757
0.817315
0.818298
0.820265
0.821674
0.821668
0.822123
0.822692
0.8214
0.8214
0.821816
0.820793
0.820911
0.822938
0.823239
0.82172
0.82172
0.820499
0.819937
0.819937
0.819853
0.822145
0.822104
0.819745
0.820344
0.820009
0.820009
0.822763
0.822756
0.822756
0.822756
0.822452
0.823596
0.824786
0.823632
0.823892
0.826327
0.82594
0.826019
0.826665
0.826782
0.825991
0.825876
0.825876
0.826583
0.826583
0.825932
0.825216
0.826781
0.826889
0.827008
0.82752
0.82752
0.827514
0.826406
0.82495
0.82495
0.825954
0.825954
0.825775
0.824714
0.824714
0.824714
0.823794
0.82395
0.82281
0.823834
0.822776
0.822776
0.82358
0.823374
0.822522
0.822287
0.823115
0.823115
0.822074
0.822074
0.821723
0.821723
0.821295
0.820978
0.819973
0.819444
0.820025
0.821708
0.821926
0.820479
0.821881
0.821284
0.820387
0.821222
0.819322
0.818619
0.819399
0.821299
0.822178
0.822479
0.822446
0.822446
0.82371
0.82326
0.823483
0.82324
0.822885
0.822339
0.820873
0.82107
0.820287
0.820453
0.820429
0.820429
0.820429
0.81996
0.8197
0.817566
0.817488
0.819002
0.819755
0.819414
0.821333
0.821781
0.822154
0.821664
0.821461
0.822905
0.823009
0.823748
0.824007
0.823409
0.821629
0.823674
0.823334
0.823426
0.824142
0.82389
0.824158
0.825555
0.825335
0.826315
0.824763
0.822326
0.822359
0.821644
0.821092
0.820616
0.821264
0.822217
0.823069
0.822502
0.822502
0.822502
0.821552
0.821352
0.823075
0.823004
0.82424
0.826148
0.826148
0.826543
0.827308
0.828005
0.828533
0.828172
0.827393
0.827046
0.826274
0.826274
0.82626
0.825078
0.826063
0.826063
0.824701
0.8231
0.824237
0.824165
0.825265
0.825479
0.825479
0.824431
0.824775
0.82596
0.824772
0.825358
0.824059
0.826352
0.826891
0.828598
0.829294
0.829429
0.829747
0.83003
0.83102
0.830657
0.830514
0.831502
0.830197
0.829125
0.827613
0.828769
0.830068
0.829822
0.827147
0.826022
0.827725
0.82793
0.827162
0.828872
0.829967
0.828469
0.827925
0.82739
