1.57838
1.57732
1.57624
1.57624
1.57428
1.57423
1.57521
1.57556
1.57666
1.57659
1.57682
1.57707
1.57828
1.57903
1.57868
1.57802
1.57925
1.5795
1.58015
1.58015
1.5797
1.5797
1.57869
1.57752
1.5771
1.5771
1.57637
1.57608
1.57549
1.57496
1.5749
1.57432
1.57432
1.57437
1.57419
1.57493
1.57635
1.57634
1.57677
1.57733
1.57673
1.57673
1.57655
1.57725
1.57714
1.5775
1.5775
1.5775
1.57753
1.57697
1.57724
1.57786
1.57777
1.57886
1.57949
1.58026
1.5788
1.57824
1.57864
1.57949
1.57917
1.58088
1.57983
1.58039
1.57912
1.57903
1.57814
1.57786
1.57808
1.57791
1.57843
1.57843
1.57942
1.57999
1.57885
1.57954
1.57966
1.5805
1.57991
1.58093
1.57977
1.57819
1.57818
1.57901
1.57901
1.57892
1.57637
1.57598
1.57637
1.57629
1.57587
1.5757
1.57465
1.57484
1.57484
1.57475
1.57422
1.5743
1.57448
1.5745
1.57395
1.57395
1.57424
1.57289
1.57296
1.57237
1.57364
1.57419
1.5743
1.57555
1.57612
1.57607
1.57635
1.57551
1.57605
1.57568
1.57575
1.57674
1.5775
1.5775
1.57763
1.57767
1.57613
1.57592
1.57709
1.57593
1.57499
1.57538
1.57582
1.57418
1.57436
1.57467
1.57368
1.57368
1.57451
1.57567
1.57721
1.57816
1.57953
1.57924
1.57929
1.57929
1.57832
1.5791
1.57779
1.57777
1.57808
1.57842
1.58003
1.58001
1.58204
1.58141
1.58137
1.5815
1.58068
1.58065
1.58078
1.58097
1.58017
1.58004
1.58058
1.57913
1.57888
1.57919
1.57787
1.57757
1.57757
1.57824
1.57793
1.5785
1.57972
1.58014
1.58135
1.5819
1.58289
1.58327
1.58188
1.58115
1.5803
1.58101
1.58121
1.58124
1.58155
1.58233
1.5815
1.58156
1.58074
1.58094
1.58085
1.58085
1.57991
1.57914
1.57914
1.57828
1.57743
1.57746
1.57687
1.57657
1.57541
1.57557
1.57679
1.57551
1.57535
1.57556
1.57563
1.5764
1.57728
1.57753
1.57811
1.57862
1.57826
1.57768
1.57798
1.57767
1.57851
1.57817
1.57871
1.57965
1.57972
1.57763
1.57763
1.57758
1.57711
1.57745
1.57745
1.57792
1.57793
1.5774
1.57643
1.57729
1.57843
1.57822
1.57799
1.57785
1.57786
1.57811
1.57721
1.57731
1.57642
1.57713
1.57718
1.57706
1.57699
1.57713
1.57779
1.57756
1.57721
1.57735
1.57811
1.57741
1.57691
1.57651
1.57672
1.57863
1.57913
1.57827
1.57698
1.57696
1.57554
1.57651
1.5769
1.57714
1.57764
1.57819
1.57874
1.5793
1.58023
1.57962
1.57918
1.5786
1.57875
1.57843
1.57797
1.57742
1.57696
1.57619
1.57646
1.57645
1.57696
1.57557
1.57535
1.57454
1.57509
1.57476
1.57467
1.57301
1.57397
1.57323
1.57361
1.57507
1.5747
1.57513
1.57506
1.57542
1.57467
1.57457
1.57502
1.57407
1.57407
1.57426
1.57397
1.57397
1.57371
1.57312
1.57354
1.57288
1.57402
1.57339
1.57414
1.57501
1.57615
1.57615
1.57535
1.57543
1.57529
1.57587
1.57568
1.57426
1.57436
1.57465
1.57439
1.5759
1.57519
1.57488
1.57511
1.57628
1.57722
1.57813
1.579
1.579
1.57937
1.57905
1.57866
1.57858
1.57849
1.57849
1.5792
1.57817
1.57741
1.5776
1.57765
1.57735
1.57804
1.57745
1.57745
1.57721
1.57619
1.57694
1.57625
1.57637
1.57672
1.57641
1.57641
1.57551
1.57583
1.57703
1.57703
1.57791
1.57808
1.57808
1.57907
1.5779
1.57805
1.57781
1.57766
1.57866
1.57906
1.57978
1.57978
1.57858
1.57901
1.57839
1.57893
1.57879
1.5785
1.57823
1.57823
1.57782
1.57789
1.57789
1.57873
1.57885
1.5784
1.5786
1.57732
1.57732
1.57638
1.57631
1.57631
1.57689
1.57772
1.57826
1.57688
1.57631
1.57745
1.5775
1.57734
1.57739
1.57663
1.57654
1.57713
1.5772
1.5772
1.57597
1.57525
1.57453
1.57453
1.57568
1.57568
1.57568
1.57596
1.57684
1.57729
1.57601
1.57541
1.57522
1.57542
1.57492
1.57433
1.57281
1.57297
1.57297
1.57367
1.57367
1.57223
1.5735
1.574
1.57504
1.5764
1.57622
1.57622
1.57512
1.57518
1.57548
1.57579
1.57544
1.57442
1.57436
1.5744
1.5744
1.57479
1.57479
1.57479
1.57385
1.57349
1.57513
1.57353
1.57368
1.57368
1.57346
1.57417
1.5736
1.57374
1.57217
1.57175
1.57296
1.57278
1.57219
1.57219
1.57178
1.57111
1.57137
1.57219
1.57259
1.57248
1.57203
1.57263
1.57297
1.5731
1.57335
1.57338
1.57362
1.57389
1.57379
1.5739
1.57486
1.57603
1.57628
1.57643
1.57647
1.57602
1.57685
1.57614
1.5769
1.57673
1.57538
1.5744
1.57341
1.57196
1.57124
1.57143
1.57179
1.57275
1.57387
1.5738
1.57324
1.57365
1.57466
1.57515
1.57573
1.57548
1.57543
1.57567
1.57564
1.57372
1.57347
1.57347
1.5738
1.57398
1.57398
1.57371
1.57438
1.5738
1.57384
1.57384
1.57369
1.57413
1.57334
1.5724
1.5722
1.57271
1.5737
1.57381
1.57272
1.57272
1.573
1.57308
1.57308
1.57308
1.5728
1.57299
1.57337
1.57457
1.5751
1.5751
1.57521
1.57576
1.57567
1.57593
1.57593
1.57549
1.57583
1.57523
1.57603
1.57705
1.57662
1.57709
1.57653
1.57589
1.57652
1.57698
1.57631
1.57556
1.576
1.57584
1.57635
1.5765
1.57591
1.57723
1.57723
1.57685
1.5769
1.5769
1.5777
1.57704
1.57756
1.57665
1.57607
1.57577
1.57577
1.57588
1.5751
1.57606
1.57566
1.57572
1.57602
1.57442
1.57418
1.57316
1.57461
1.57519
1.57523
1.57443
1.57539
1.57422
1.57422
1.57356
1.57286
1.57248
1.57265
1.57195
1.57179
1.57173
1.57164
1.57143
1.57192
1.5724
1.57179
1.57301
1.57304
1.57421
1.57385
1.57509
1.57483
1.57483
1.57501
1.57501
1.57452
1.57527
1.57449
1.57562
1.57588
1.5762
1.57539
1.57562
1.57565
1.57463
1.57484
1.57558
1.57555
1.57484
1.57363
1.57353
1.57389
1.57344
1.57231
1.57233
1.57222
1.57194
1.57206
1.57123
1.5713
1.57084
1.57083
1.57024
1.57024
1.57016
1.57016
1.57016
1.56915
1.56862
1.56918
1.5695
1.56968
1.57052
1.57042
1.57048
1.57063
1.57067
1.57179
1.57226
1.57252
1.5718
1.5718
1.57213
1.57164
1.57305
1.57367
1.57394
1.5744
1.57547
1.57456
1.57408
1.57267
1.57399
1.57365
1.5744
1.57493
1.57497
1.5743
1.57477
1.57352
1.57193
1.57301
1.5729
1.57313
1.57313
1.57273
1.57192
1.57192
1.5714
1.57037
1.57099
1.57081
1.57005
1.57114
1.57176
1.57127
1.57193
1.57181
1.57268
1.57237
1.5732
1.57519
1.57434
1.575
1.57472
1.5742
1.57386
1.57417
1.57357
1.57466
1.57468
1.57537
1.57514
1.5741
1.57468
1.57503
1.57517
1.57517
1.57434
1.57407
1.57417
1.57498
1.57498
1.57418
1.57451
1.57488
1.5756
1.57562
1.57562
1.57671
1.57729
1.57774
1.57806
1.57831
1.5783
1.57784
1.57828
1.57766
1.5769
1.57617
1.57687
1.57716
1.5787
1.5787
1.57839
1.57798
1.57688
1.57688
1.57688
1.57678
1.57771
1.57767
1.57827
1.57866
1.5791
1.57769
1.57673
1.57727
1.57701
1.57674
1.57607
1.57531
1.57614
1.57684
1.57715
1.5771
1.57678
1.57917
1.57808
1.57808
1.57809
1.57902
1.57871
1.57875
1.57841
1.57857
1.57838
1.57789
1.57939
1.57847
1.57832
1.57842
1.57838
1.57689
1.5772
1.57745
1.5776
1.57902
1.57945
1.57953
1.57953
1.57953
1.57937
1.57944
1.57808
1.57782
1.57778
1.57866
1.57943
1.57705
1.57554
1.57584
1.5767
1.57698
1.57715
1.57675
1.5766
1.57703
1.57801
1.57903
1.57927
1.57964
1.57964
1.57795
1.57791
1.57701
1.57595
1.57552
1.576
1.57486
1.57575
1.5764
1.57694
1.57612
1.57644
1.57638
1.57613
1.57497
1.57427
1.5749
1.5746
1.57614
1.57641
1.57774
1.57757
1.57853
1.57826
1.57721
1.57841
1.57782
1.57754
1.57785
1.57733
1.5769
1.57717
1.57731
1.57633
1.57576
1.57513
1.57445
1.57443
1.57373
1.57364
1.57351
1.57351
1.57273
1.57482
1.57491
1.57436
1.57471
1.57335
1.57321
1.57257
1.57265
1.57265
1.57175
1.57175
1.57349
1.57349
1.57395
1.57282
1.57398
1.57445
1.57502
1.57387
1.57453
1.57556
1.57602
1.57473
1.57507
1.57589
1.57562
1.57562
1.57626
1.57669
1.57575
1.57597
1.57728
1.5774
1.5774
1.57731
1.57816
1.57762
1.57819
1.57889
1.5786
1.57837
1.57825
1.57831
1.58009
1.58009
1.58004
1.57945
1.5801
1.58049
1.58049
1.58051
1.58051
1.58096
1.58096
1.58096
1.58036
1.5808
1.58088
1.58088
1.58119
1.58062
1.58169
1.58327
1.58327
1.58217
1.58206
1.58028
1.58013
1.57988
1.57942
1.5798
1.57994
1.57853
1.57886
1.57913
1.57913
1.57843
1.57839
1.57767
1.57758
1.5792
1.5785
1.57875
1.57875
1.57875
1.57953
1.58086
1.57992
1.57992
1.57948
1.57936
1.58017
1.57901
1.57823
1.5786
1.57867
1.57801
1.57738
1.57738
1.57744
1.57744
1.57751
1.57689
1.57645
1.57695
1.57742
1.57732
1.57697
1.57784
1.57713
1.57713
1.57758
1.57725
1.57656
1.57675
1.57802
1.57824
1.57824
1.57764
1.57734
1.57768
1.57842
1.57909
1.5781
1.57928
1.57928
1.58061
1.57933
1.57933
1.57916
1.57921
1.57815
1.57902
1.58015
1.58107
1.58171
1.5813
1.58002
1.57961
1.57994
1.57935
1.57914
1.57952
1.57952
1.57925
1.57875
1.57953
1.57937
1.57849
1.57866
1.58006
1.57952
1.57999
1.58013
1.58023
1.57925
1.57912
1.5792
1.57893
1.57794
1.57802
1.57918
1.57808
1.57704
1.57769
1.57687
1.57576
1.57571
1.57571
1.57636
1.57577
1.5761
1.57609
1.57596
1.57556
1.57556
1.57659
1.57724
1.57792
1.57837
1.57793
1.57864
1.57783
1.5785
1.57917
1.57829
1.57772
1.57762
1.57775
1.57857
1.57944
1.57857
1.57905
1.57867
1.57749
1.5778
1.57758
1.57809
1.57909
1.57985
1.58041
1.58041
1.57911
1.57927
1.57824
1.57768
1.57749
1.5775
1.57883
1.57819
1.57736
1.57931
1.57931
1.57895
1.57849
1.57849
1.57795
1.5782
1.5782
1.5785
1.57748
1.57833
1.57833
1.57864
1.57893
1.57919
1.57919
1.5786
1.57974
1.57924
1.57974
1.57918
1.57918
1.57831
1.57796
1.57768
1.57735
1.57626
1.57712
1.57777
1.57881
1.57911
1.57955
1.57909
1.57932
1.57932
1.57989
1.58001
1.58047
1.57958
1.57853
1.5783
1.57851
1.57784
1.57834
1.57912
1.57871
1.57879
1.57776
1.57719
1.57726
1.57726
1.57672
1.57672
1.57631
1.57575
1.57659
1.5768
1.57582
1.57625
1.57513
1.5748
1.57493
1.57474
1.57506
1.5739
1.57462
1.57502
1.57438
1.57475
1.57475
1.57475
1.57498
1.57444
1.57526
1.57497
1.57497
1.57537
1.57705
1.57843
1.57808
1.5777
1.57682
1.5754
1.5763
1.57601
1.57629
1.57575
1.57517
1.57541
1.57541
1.57593
1.57611
1.57634
1.57603
1.57603
1.5759
1.57658
1.57658
1.57598
1.57599
1.57694
1.57726
1.57687
1.57682
1.57793
1.57721
1.5772
1.5772
1.5768
1.5755
1.57576
1.57641
1.57563
1.57652
1.57755
1.57803
1.57815
1.57893
1.57881
1.57781
1.57905
1.57917
1.57867
1.57983
1.57893
1.57893
1.57928
1.58005
1.57953
1.57915
1.5788
1.58004
1.57954
1.5788
1.5788
1.57885
1.57815
1.57863
1.57776
1.57776
1.57779
1.57666
1.57808
1.5784
1.57716
1.57716
1.57709
1.57572
1.57668
1.57697
1.57693
1.57709
1.57762
1.57784
1.57737
1.57737
1.57797
1.57734
1.57902
1.57889
1.57889
1.5788
1.57736
1.57896
1.57858
1.57909
1.57982
1.57956
1.57913
1.57855
1.57811
1.57811
1.57811
1.57834
1.57795
1.57797
1.57701
1.57662
1.57677
1.57577
1.57588
1.57603
1.57637
1.57565
1.57565
1.57639
1.57627
1.57649
1.57734
1.5771
1.57753
1.57753
1.57753
1.57753
1.57732
1.57817
1.57769
1.57764
1.57764
1.57775
1.57729
1.57651
1.57623
1.575
1.57593
1.57605
1.57598
1.57642
1.57718
1.57742
1.57742
1.57786
1.57719
1.57739
1.57739
1.57739
1.57614
1.57602
1.57606
1.57504
1.57413
1.57503
1.57559
1.57517
1.57515
1.57548
1.57498
1.57445
1.57328
1.5735
1.57398
1.57318
1.57396
1.57467
1.57428
1.57546
1.57556
1.57557
1.57592
1.57691
1.57693
1.57727
1.57727
1.57744
1.57652
1.57719
1.57647
1.57737
1.57735
1.57856
1.57832
1.57832
1.57764
1.57659
1.5774
1.57799
1.5777
1.5778
1.57759
1.57766
1.57768
1.57867
1.5772
1.57739
1.57769
1.57847
1.57883
1.57881
1.57889
1.57836
1.57914
1.57774
1.57856
1.578
1.57769
1.57851
1.57844
1.57863
1.57883
1.5796
1.57887
1.57773
1.57632
1.5759
1.57606
1.5761
1.57712
1.57609
1.57546
1.57563
1.57382
1.57424
1.575
1.575
1.57402
1.57492
1.57442
1.57439
1.57439
1.57415
1.57395
1.57426
1.57532
1.57582
1.57619
1.57548
1.57598
1.57532
1.57557
1.57503
1.57463
1.57427
1.57424
1.57611
1.57734
1.57712
1.57712
1.57705
1.57705
1.57726
1.57572
1.57591
1.57538
1.57465
1.57491
1.5744
1.5744
1.57358
1.57395
1.57308
1.57374
1.57405
1.57405
1.57405
1.57405
1.57404
1.5736
1.57343
1.57404
1.57458
1.57444
1.57368
1.57334
1.57355
1.57355
1.57328
1.57317
1.57365
1.57369
1.57238
1.57234
1.57234
1.57212
1.57381
1.57499
1.57476
1.57476
1.57451
1.57451
1.57555
1.57537
1.57432
1.57355
1.57355
1.57385
1.57472
1.57516
1.57543
1.57532
1.5751
1.57518
1.57544
1.57568
1.57594
1.57625
1.57625
1.57625
1.57742
1.57792
1.57858
1.57783
1.5771
1.57824
1.57834
1.57814
1.57773
1.57772
1.5761
1.57579
1.57648
1.57648
1.57697
1.57666
1.57604
1.57604
1.57569
1.57541
1.57534
1.57497
1.57447
1.57481
1.57549
1.57596
1.57539
1.57668
1.57644
1.57785
1.57785
1.5782
1.57846
1.57854
1.57924
1.57826
1.57765
1.57873
1.57935
1.58047
1.57942
1.58022
1.58008
1.58031
1.57933
1.5793
1.57975
1.5802
1.58039
1.57973
1.57893
1.57912
1.57846
1.57876
1.57896
1.57932
1.57868
1.57774
1.57751
1.57672
1.57795
1.57795
1.5771
1.57735
