0.739938
0.739665
0.740208
0.740704
0.741039
0.741348
0.740768
0.740546
0.74124
0.741682
0.741685
0.741685
0.741953
0.741979
0.74198
0.741987
0.7425
0.7425
0.741902
0.742451
0.741739
0.741683
0.741866
0.742442
0.742782
0.742955
0.743233
0.743549
0.742272
0.742569
0.742747
0.74311
0.74311
0.74311
0.742362
0.742925
0.743048
0.743433
0.743284
0.743715
0.744416
0.744277
0.74449
0.7441
0.742926
0.743704
0.743915
0.744728
0.744862
0.745458
0.745458
0.744942
0.744479
0.744143
0.744011
0.744504
0.745227
0.744415
0.744487
0.744353
0.744033
0.743458
0.743642
0.74353
0.744528
0.743825
0.743825
0.745096
0.745096
0.745358
0.745983
0.745983
0.745388
0.745388
0.745118
0.744641
0.74437
0.743581
0.743546
0.743475
0.743171
0.742668
0.742921
0.742975
0.742997
0.743168
0.743334
0.743334
0.743424
0.744282
0.744088
0.743606
0.743396
0.743388
0.743108
0.742911
0.743015
0.743537
0.743117
0.743548
0.743548
0.743252
0.742691
0.742691
0.742029
0.742029
0.741939
0.741406
0.741224
0.740772
0.740772
0.740772
0.740348
0.740883
0.741307
0.741528
0.741945
0.741984
0.741907
0.740755
0.740394
0.740501
0.7417
0.742343
0.743157
0.743656
0.743675
0.743012
0.743115
0.742792
0.7424
0.742492
0.741292
0.741402
0.741543
0.741727
0.74151
0.741862
0.741862
0.741746
0.741403
0.741403
0.740987
0.741294
0.741169
0.741529
0.742491
0.742491
0.742491
0.742841
0.742181
0.742295
0.742163
0.742572
0.742572
0.742159
0.741813
0.741895
0.741948
0.742015
0.741489
0.741357
0.741908
0.742203
0.743421
0.74328
0.74328
0.743052
0.74187
0.741807
0.741204
0.740418
0.740421
0.740059
0.74023
0.740211
0.739309
0.739913
0.740106
0.740098
0.740253
0.740836
0.741358
0.740818
0.739838
0.73892
0.738901
0.738901
0.739361
0.739594
0.738658
0.739164
0.738995
0.739808
0.739808
0.739521
0.739296
0.739373
0.739062
0.738636
0.73836
0.738166
0.737726
0.737713
0.737203
0.736534
0.736534
0.736982
0.736814
0.736398
0.736758
0.736531
0.736625
0.737383
0.737315
0.736733
0.737315
0.73677
0.736627
0.737326
0.737249
0.737249
0.737155
0.736446
0.735785
0.735758
0.735433
0.736016
0.736883
0.737287
0.73686
0.737541
0.737184
0.737218
0.737272
0.738018
0.738889
0.739044
0.738726
0.738726
0.738005
0.737546
0.73742
0.736734
0.735956
0.735827
0.735767
0.735571
0.736214
0.736307
0.736568
0.736837
0.736344
0.736439
0.736733
0.73737
0.738025
0.737467
0.737997
0.738749
0.739163
0.738758
0.738878
0.739086
0.738547
0.738969
0.739943
0.740028
0.74014
0.740281
0.740574
0.741145
0.741114
0.741056
0.740229
0.741324
0.741284
0.741165
0.741239
0.741807
0.740992
0.740951
0.74132
0.740848
0.740674
0.740096
0.740636
0.741251
0.741251
0.740739
0.740519
0.740739
0.740739
0.740535
0.740828
0.741862
0.741782
0.742238
0.742232
0.742876
0.742379
0.742379
0.742633
0.743148
0.743237
0.743237
0.742911
0.741895
0.741335
0.741796
0.741796
0.742163
0.741932
0.741932
0.741523
0.74079
0.74092
0.741476
0.740204
0.740643
0.740797
0.741085
0.741691
0.742583
0.742634
0.743293
0.743293
0.743083
0.742999
0.743488
0.743835
0.743622
0.743622
0.743683
0.743053
0.743465
0.742722
0.743089
0.742984
0.742267
0.742074
0.742342
0.741505
0.741212
0.7412
0.7412
0.740837
0.740768
0.740525
0.74112
0.741627
0.741627
0.741651
0.741547
0.742901
0.743073
0.743316
0.743481
0.743065
0.743405
0.742912
0.742211
0.741657
0.741562
0.741448
0.741338
0.740824
0.741025
0.740847
0.740278
0.739121
0.738948
0.738499
0.738832
0.738558
0.738551
0.739118
0.739873
0.740204
0.74077
0.741044
0.741044
0.741044
0.740909
0.741664
0.74129
0.74129
0.741362
0.741309
0.741695
0.741841
0.742793
0.742642
0.743012
0.74222
0.742453
0.741781
0.741526
0.741912
0.742664
0.743526
0.743797
0.743435
0.743589
0.744063
0.744267
0.744524
0.744769
0.745288
0.745288
0.745184
0.74496
0.745153
0.744892
0.744892
0.744447
0.744201
0.744792
0.744608
0.743564
0.743118
0.743418
0.743161
0.742974
0.742974
0.742382
0.742812
0.743367
0.74322
0.743762
0.742292
0.742694
0.742364
0.742331
0.742331
0.74287
0.743058
0.743148
0.742783
0.742785
0.742412
0.742662
0.742685
0.743021
0.742879
0.742879
0.742879
0.742757
0.743572
0.743432
0.743472
0.743472
0.742665
0.742418
0.741482
0.741835
0.74201
0.74201
0.741638
0.741638
0.741265
0.740353
0.741263
0.740732
0.740783
0.740463
0.741119
0.741651
0.741103
0.741375
0.741514
0.740707
0.740472
0.740717
0.740534
0.740661
0.74067
0.740185
0.74016
0.74016
0.739893
0.739003
0.73878
0.738331
0.738354
0.738354
0.739473
0.739309
0.738981
0.738475
0.738529
0.739008
0.739008
0.738852
0.738528
0.738528
0.738609
0.739534
0.739533
0.740004
0.740112
0.739906
0.739906
0.740067
0.739514
0.740119
0.74032
0.740917
0.740967
0.740953
0.740579
0.740739
0.740819
0.740819
0.740303
0.739463
0.739975
0.740397
0.740101
0.740302
0.740407
0.739972
0.740841
0.740057
0.740253
0.740234
0.740219
0.740219
0.739735
0.740222
0.739928
0.741059
0.741872
0.740764
0.740526
0.740526
0.740791
0.7412
0.741941
0.741866
0.74179
0.741399
0.741974
0.741948
0.741948
0.741469
0.741512
0.741934
0.741092
0.740966
0.741441
0.740929
0.74158
0.741375
0.741375
0.740949
0.740575
0.740669
0.740118
0.740567
0.740745
0.740902
0.741002
0.739798
0.739514
0.739428
0.73978
0.739016
0.738585
0.738218
0.738783
0.739793
0.739793
0.739165
0.739786
0.739786
0.739752
0.739475
0.739252
0.739105
0.739664
0.74028
0.740202
0.740488
0.740178
0.739835
0.739943
0.739943
0.739943
0.739591
0.739875
0.740421
0.741003
0.740561
0.740558
0.741902
0.741681
0.741865
0.741865
0.740983
0.741061
0.741274
0.740659
0.741715
0.741776
0.741364
0.741219
0.741059
0.74149
0.741494
0.741196
0.740445
0.74003
0.739619
0.739838
0.739838
0.739206
0.739466
0.739361
0.740582
0.741121
0.741441
0.740509
0.741135
0.741455
0.741218
0.740918
0.740993
0.740234
0.740724
0.740587
0.740587
0.740796
0.740967
0.741413
0.741435
0.741082
0.741082
0.741805
0.742374
0.743331
0.743888
0.743116
0.74349
0.743873
0.743827
0.744656
0.744848
0.745085
0.745636
0.745405
0.745117
0.745117
0.745145
0.744762
0.744446
0.745338
0.744537
0.744375
0.743962
0.744077
0.74361
0.743397
0.743533
0.743695
0.743765
0.743765
0.743399
0.743031
0.742771
0.742564
0.743232
0.743223
0.742979
0.742974
0.743196
0.743123
0.742833
0.742615
0.742572
0.742175
0.742535
0.742911
0.742198
0.742139
0.74181
0.741924
0.742156
0.742369
0.742369
0.742899
0.742698
0.742427
0.742247
0.742247
0.742568
0.742354
0.74201
0.74201
0.741701
0.742106
0.742702
0.742717
0.742717
0.743214
0.743083
0.743471
0.743471
0.743266
0.742255
0.741969
0.742614
0.742614
0.743098
0.743385
0.743835
0.742725
0.742179
0.742003
0.741919
0.74205
0.74165
0.742062
0.741552
0.741604
0.741434
0.740813
0.741457
0.74141
0.740727
0.740839
0.741415
0.742019
0.741778
0.741767
0.741975
0.742395
0.742875
0.74245
0.74142
0.74142
0.742128
0.742107
0.742189
0.742035
0.741995
0.742406
0.742137
0.742265
0.742265
0.741405
0.741538
0.742465
0.741766
0.741588
0.741546
0.741763
0.741423
0.741855
0.741209
0.740569
0.740715
0.740605
0.740285
0.740495
0.740608
0.739849
0.739567
0.739153
0.739661
0.739661
0.740086
0.741528
0.740929
0.740844
0.740844
0.740395
0.740572
0.740812
0.740534
0.739986
0.740713
0.740662
0.740887
0.741103
0.740265
0.740265
0.740424
0.741027
0.741634
0.741011
0.741011
0.741271
0.740715
0.740533
0.740965
0.740958
0.740374
0.739989
0.741065
0.741496
0.742147
0.740863
0.741583
0.741275
0.741458
0.740603
0.741172
0.741446
0.740664
0.740988
0.741962
0.742119
0.741782
0.741694
0.741416
0.740848
0.741074
0.741074
0.740309
0.740309
0.74043
0.740556
0.740556
0.74082
0.740683
0.740949
0.740828
0.741196
0.741612
0.741317
0.741842
0.742421
0.741788
0.741781
0.74284
0.741989
0.740816
0.740763
0.741043
0.741129
0.741129
0.740684
0.740684
0.740826
0.740654
0.740491
0.740403
0.740816
0.740245
0.740414
0.740139
0.740126
0.740126
0.740526
0.740526
0.740249
0.740678
0.741096
0.74026
0.739543
0.73933
0.739403
0.740141
0.740436
0.740754
0.740911
0.740062
0.739817
0.739578
0.739281
0.739281
0.739082
0.740341
0.7402
0.740358
0.740494
0.740665
0.741402
0.741332
0.741111
0.741353
0.740952
0.740802
0.740396
0.740235
0.740028
0.740028
0.740091
0.740584
0.740119
0.739152
0.739248
0.739275
0.739353
0.739763
0.739763
0.741045
0.741045
0.741655
0.742094
0.741903
0.741009
0.741006
0.741006
0.741543
0.741831
0.742097
0.74123
0.741172
0.741316
0.741316
0.742108
0.741895
0.741895
0.741122
0.741289
0.741408
0.740344
0.74017
0.740034
0.739889
0.739941
0.739941
0.740024
0.739398
0.739346
0.739265
0.739197
0.73986
0.739937
0.740162
0.740162
0.74053
0.740749
0.740781
0.741073
0.740642
0.740824
0.740268
0.74036
0.740794
0.74028
0.74101
0.741423
0.741427
0.740946
0.741607
0.741076
0.741304
0.740859
0.740922
0.740903
0.740731
0.740686
0.73959
0.739899
0.740335
0.740607
0.740821
0.740798
0.740798
0.741536
0.741015
0.740365
0.740688
0.740595
0.739903
0.739271
0.739372
0.740032
0.739578
0.73938
0.73986
0.73986
0.739276
0.739276
0.738687
0.739123
0.738989
0.739013
0.73905
0.740308
0.740146
0.740146
0.740327
0.740473
0.740469
0.740469
0.740469
0.740128
0.740128
0.740404
0.740261
0.740265
0.739447
0.73928
0.738762
0.738852
0.738549
0.738495
0.738495
0.737651
0.738669
0.738365
0.738365
0.738259
0.739465
0.739763
0.739426
0.739188
0.738339
0.738544
0.738726
0.7384
0.738825
0.739707
0.7393
0.738535
0.738134
0.738097
0.737762
0.73876
0.73876
0.738382
0.73819
0.738568
0.738127
0.738501
0.738688
0.738183
0.738161
0.73918
0.73992
0.740055
0.74014
0.740005
0.740533
0.74084
0.740421
0.74077
0.741744
0.741958
0.741068
0.740476
0.740244
0.739905
0.739905
0.739748
0.740526
0.740116
0.740128
0.739639
0.739639
0.739797
0.739346
0.739762
0.739339
0.73945
0.739198
0.739246
0.738929
0.738213
0.738588
0.7385
0.738628
0.739093
0.73901
0.738837
0.738837
0.738512
0.738347
0.738778
0.73858
0.739835
0.7402
0.739765
0.739321
0.739541
0.740183
0.740183
0.740141
0.739488
0.739484
0.738384
0.738414
0.738802
0.738802
0.739043
0.739043
0.739001
0.739211
0.738976
0.739981
0.739594
0.739532
0.738696
0.739359
0.739598
0.739186
0.739163
0.738671
0.738536
0.738325
0.738325
0.738325
0.738721
0.738935
0.739526
0.740186
0.740452
0.740007
0.740613
0.740588
0.740715
0.74071
0.74129
0.741139
0.741362
0.740928
0.740226
0.740377
0.740355
0.740148
0.741158
0.741411
0.741982
0.741745
0.741826
0.741679
0.741642
0.742276
0.741433
0.741612
0.741625
0.741148
0.741033
0.741617
0.741071
0.741224
0.741224
0.74093
0.741312
0.741515
0.740848
0.740855
0.740566
0.740566
0.740566
0.740566
0.740257
0.740455
0.740808
0.741034
0.740811
0.741684
0.741224
0.740564
0.739986
0.739822
0.73975
0.740146
0.740958
0.741021
0.741367
0.742801
0.742732
0.74293
0.74293
0.743069
0.743069
0.743069
0.74294
0.742899
0.742207
0.742557
0.743173
0.743334
0.743334
0.743782
0.742981
0.742981
0.743059
0.742756
0.742708
0.743123
0.742684
0.742684
0.742114
0.742092
0.74209
0.741685
0.741224
0.741073
0.741073
0.740498
0.740367
0.741025
0.740726
0.739555
0.739161
0.738615
0.738615
0.738615
0.73845
0.738667
0.739068
0.738707
0.739058
0.738292
0.738292
0.73792
0.738261
0.73871
0.739165
0.739017
0.73879
0.738373
0.738463
0.738463
0.738401
0.739336
0.739336
0.739336
0.739336
0.738966
0.738966
0.739937
0.739937
0.74076
0.741342
0.740263
0.740419
0.740654
0.740231
0.740231
0.740177
0.739558
0.739692
0.738745
0.738515
0.739788
0.739788
0.739275
0.739525
0.739167
0.739051
0.740019
0.740604
0.739507
0.739237
0.739818
0.739711
0.740358
0.740764
0.740322
0.740504
0.741173
0.740419
0.740313
0.739893
0.739265
0.739074
0.738832
0.739307
0.74034
0.73965
0.738354
0.738219
0.738829
0.739147
0.738422
0.738181
0.73812
0.739329
0.739061
0.738668
0.73903
0.73803
0.73858
0.738571
0.738196
0.73908
0.738564
0.738134
0.738354
0.73818
0.737785
0.737913
0.737257
0.736792
0.737261
0.738278
0.738859
0.739155
0.739323
0.739377
0.739257
0.739257
0.739261
0.738817
0.738777
0.739641
0.739501
0.738682
0.738682
0.738327
0.73825
0.73825
0.738142
0.739317
0.73927
0.738325
0.738527
0.738541
0.738541
0.739741
0.739709
0.739709
0.739709
0.740135
0.740372
0.740618
0.740374
0.740444
0.741409
0.741028
0.741298
0.741395
0.741579
0.740829
0.740845
0.740845
0.740936
0.740936
0.74068
0.74047
0.740905
0.741013
0.740714
0.740879
0.740879
0.740871
0.740363
0.739635
0.739635
0.740089
0.740089
0.739984
0.739983
0.739983
0.739983
0.739516
0.739545
0.738829
0.739276
0.738741
0.738741
0.739043
0.738963
0.738716
0.738783
0.739124
0.739124
0.738527
0.738527
0.738173
0.738173
0.737894
0.737771
0.737439
0.737267
0.737644
0.738376
0.738178
0.737742
0.738494
0.738282
0.737672
0.738068
0.73727
0.737133
0.737514
0.737996
0.738433
0.738673
0.738713
0.738713
0.738927
0.739011
0.739016
0.739276
0.739143
0.7391
0.738656
0.738642
0.738458
0.7383
0.738104
0.738104
0.738104
0.738092
0.738179
0.737058
0.737098
0.738134
0.738338
0.738196
0.739054
0.739232
0.739175
0.739013
0.738892
0.73953
0.739151
0.739375
0.739621
0.739122
0.738628
0.739327
0.739443
0.739593
0.740045
0.740348
0.740724
0.74091
0.740879
0.741155
0.740247
0.739294
0.739202
0.739029
0.739116
0.739147
0.739468
0.739749
0.740274
0.740168
0.740168
0.740059
0.739739
0.739567
0.740295
0.740036
0.740575
0.741277
0.741277
0.741438
0.741796
0.742387
0.742751
0.742337
0.742283
0.742073
0.741591
0.741591
0.741797
0.741041
0.741427
0.741427
0.740967
0.740234
0.74051
0.740383
0.741021
0.741098
0.741098
0.740744
0.741009
0.741443
0.741141
0.74167
0.741131
0.742126
0.742443
0.743205
0.743326
0.743259
0.743522
0.743828
0.744188
0.744306
0.744204
0.744342
0.743845
0.743399
0.742783
0.74313
0.743557
0.74346
0.742302
0.74213
0.742958
0.742688
0.742037
0.74265
0.742843
0.742241
0.742315
0.74241
