0.0297136
0.0586686
0.0586686
0.0586686
0.0866003
0.0866003
0.0866003
0.0866003
0.0866003
0.0866003
0.0866003
0.113462
0.113462
0.139518
0.139518
0.164455
0.164455
0.164455
0.188649
0.211523
0.211523
0.233597
0.233597
0.254527
0.274769
0.274769
0.293967
0.312536
0.329996
0.346895
0.346895
0.346895
0.363212
0.363212
0.378582
0.394113
0.408225
0.421607
0.435408
0.448022
0.46098
0.472722
0.482503
0.4927
0.50257
0.513316
0.522194
0.532019
0.539594
0.547162
0.554898
0.561934
0.568269
0.574065
0.58037
0.586727
0.594368
0.600013
0.605071
0.611809
0.617331
0.622643
0.627253
0.633283
0.638634
0.643155
0.646879
0.650587
0.654562
0.65915
0.663492
0.666606
0.670522
0.674133
0.678078
0.683191
0.686652
0.689252
0.69278
0.695566
0.698475
0.700688
0.704064
0.707023
0.710016
0.712533
0.714778
0.717773
0.719285
0.721973
0.723371
0.725474
0.727978
0.730483
0.731686
0.733518
0.733518
0.735304
0.737579
0.739282
0.740797
0.741281
0.74297
0.74533
0.747073
0.749044
0.751781
0.752898
0.753732
0.753874
0.753601
0.754454
0.753711
0.753711
0.753444
0.754065
0.756019
0.759205
0.761172
0.762075
0.762314
0.763316
0.763154
0.762982
0.764663
0.765268
0.76551
0.765695
0.766644
0.766327
0.766369
0.767093
0.768329
0.770525
0.77152
0.772328
0.772867
0.774548
0.774025
0.775366
0.775187
0.774789
0.775407
0.776606
0.77803
0.778936
0.778182
0.779357
0.778785
0.779141
0.779252
0.779852
0.780214
0.780909
0.781416
0.78179
0.782992
0.783528
0.784934
0.785893
0.784982
0.785952
0.786146
0.785896
0.786482
0.786482
0.786955
0.786955
0.787909
0.788649
0.788419
0.787759
0.788041
0.787082
0.787958
0.789228
0.790734
0.790315
0.790136
0.790136
0.790807
0.790741
0.790126
0.790186
0.790329
0.789159
0.788978
0.788181
0.788181
0.789544
0.79051
0.789951
0.790832
0.791408
0.790955
0.790272
0.790747
0.791357
0.790556
0.79092
0.792913
0.792913
0.793242
0.793596
0.794515
0.795288
0.794142
0.794748
0.794748
0.794652
0.79457
0.795345
0.796267
0.79608
0.795999
0.795999
0.795694
0.795169
0.795276
0.795477
0.795947
0.795625
0.79529
0.795217
0.796005
0.796992
0.796559
0.795722
0.795431
0.795431
0.795109
0.793834
0.793834
0.79514
0.795394
0.795965
0.796474
0.797521
0.797928
0.797883
0.798605
0.798605
0.79817
0.79698
0.797024
0.79719
0.797724
0.796584
0.795764
0.794793
0.79371
0.792904
0.792542
0.792542
0.794445
0.793934
0.795472
0.796393
0.799019
0.798381
0.798022
0.797397
0.796999
0.796599
0.796425
0.796314
0.796314
0.795775
0.795886
0.795778
0.796714
0.796454
0.797088
0.796763
0.796188
0.795655
0.797061
0.797113
0.796928
0.797244
0.797119
0.796006
0.796843
0.796152
0.796402
0.797026
0.79673
0.796428
0.796193
0.796297
0.795953
0.79656
0.796836
0.79693
0.799221
0.798432
0.797822
0.798027
0.797066
0.797545
0.797995
0.797923
0.798009
0.797382
0.796784
0.796532
0.79692
0.797589
0.798377
0.79771
0.79584
0.796386
0.79648
0.796525
0.796047
0.796062
0.795615
0.795305
0.796028
0.796246
0.796607
0.796097
0.797108
0.796292
0.796919
0.797221
0.797623
0.797859
0.797617
0.798348
0.798348
0.798869
0.79926
0.797847
0.797342
0.797415
0.79932
0.799407
0.799239
0.799144
0.799003
0.798511
0.798577
0.796447
0.796734
0.795517
0.796215
0.796215
0.796733
0.797229
0.79784
0.798199
0.798199
0.799022
0.798465
0.79887
0.79816
0.798428
0.799092
0.800492
0.800903
0.800446
0.800958
0.801538
0.800341
0.799487
0.799208
0.799208
0.797617
0.797503
0.797735
0.797735
0.79709
0.796949
0.797395
0.798532
0.79893
0.799503
0.799096
0.799449
0.798133
0.797648
0.799003
0.799622
0.800585
0.800328
0.800174
0.799149
0.797648
0.79873
0.798827
0.799505
0.799425
0.798931
0.799106
0.798983
0.800093
0.800081
0.800588
0.799841
0.799747
0.80041
0.800366
0.800963
0.801304
0.801675
0.80048
0.7994
0.800617
0.800045
0.801924
0.80081
0.800247
0.799603
0.799903
0.799769
0.798625
0.798607
0.799226
0.799224
0.799224
0.797839
0.79747
0.79747
0.798054
0.799006
0.797951
0.797815
0.798162
0.797915
0.797905
0.797782
0.797782
0.79611
0.796875
0.796966
0.797675
0.799008
0.79913
0.798197
0.798122
0.797591
0.796855
0.796788
0.796794
0.796909
0.796896
0.797602
0.797903
0.797903
0.797464
0.797464
0.797169
0.796369
0.796882
0.797559
0.797559
0.798143
0.798143
0.798188
0.79778
0.79778
0.79768
0.796757
0.796586
0.796196
0.795807
0.795889
0.795754
0.795087
0.796163
0.796861
0.798793
0.798058
0.796939
0.797053
0.797268
0.797926
0.798712
0.798712
0.797834
0.797834
0.798375
0.799766
0.800338
0.800467
0.800516
0.800248
0.80083
0.799676
0.799852
0.79887
0.798754
0.797561
0.797591
0.79891
0.798786
0.799295
0.798811
0.79837
0.798719
0.798199
0.798214
0.79773
0.797726
0.798128
0.797453
0.798517
0.798444
0.797989
0.798681
0.798469
0.79789
0.797722
0.797803
0.798074
0.798465
0.798145
0.798257
0.798783
0.798102
0.79804
0.797941
0.79823
0.798833
0.799026
0.797814
0.798092
0.798611
0.799148
0.79986
0.800725
0.801127
0.80069
0.799471
0.798057
0.797811
0.798725
0.797892
0.798477
0.798729
0.799492
0.798568
0.798595
0.798825
0.798896
0.798738
0.798738
0.799223
0.799223
0.798684
0.798351
0.799135
0.799396
0.799337
0.799154
0.800098
0.800337
0.800337
0.79988
0.800333
0.798743
0.798703
0.798426
0.798315
0.798971
0.798558
0.798828
0.799706
0.798737
0.79811
0.798427
0.798179
0.797633
0.797711
0.797975
0.796548
0.796658
0.795494
0.795494
0.796584
0.796369
0.796214
0.796763
0.796763
0.797222
0.797112
0.796319
0.796715
0.796114
0.795366
0.796205
0.796205
0.796846
0.796518
0.796518
0.796069
0.797173
0.796946
0.796271
0.794827
0.794973
0.794973
0.79466
0.795042
0.795454
0.79633
0.796263
0.796964
0.797539
0.797711
0.798115
0.798083
0.797992
0.797777
0.798238
0.797363
0.798078
0.799594
0.799292
0.79957
0.79844
0.798559
0.797728
0.796745
0.797465
0.797054
0.797686
0.797207
0.797207
0.798549
0.799168
0.79991
0.799694
0.799694
0.800422
0.800626
0.800627
0.799307
0.797229
0.797229
0.797724
0.798042
0.798434
0.798913
0.79879
0.79865
0.798387
0.798151
0.798497
0.798735
0.798822
0.797992
0.796833
0.797717
0.797316
0.796683
0.796943
0.797165
0.798227
0.798042
0.798583
0.798072
0.798241
0.800239
0.80037
0.800099
0.801238
0.800586
0.800791
0.800162
0.800162
0.799584
0.799938
0.80161
0.801796
0.801633
0.801672
0.80216
0.802299
0.801934
0.801505
0.80128
0.801539
0.800736
0.801116
0.801492
0.800292
0.800056
0.800848
0.801617
0.800965
0.800897
0.799624
0.798894
0.799362
0.799362
0.799258
0.798105
0.798342
0.799296
0.799097
0.800506
0.799967
0.798544
0.798338
0.798638
0.799864
0.800274
0.799475
0.799509
0.798618
0.799275
0.799255
0.79933
0.79933
0.799661
0.800591
0.801026
0.800374
0.800972
0.800927
0.800386
0.801471
0.801058
0.800418
0.800863
0.801275
0.800961
0.800894
0.801365
0.801953
0.801885
0.802067
0.801426
0.799821
0.799264
0.798274
0.797611
0.797509
0.797202
0.797269
0.798685
0.798621
0.799015
0.799235
0.800739
0.800753
0.800885
0.801474
0.801281
0.801608
0.802294
0.801571
0.801708
0.801503
0.802186
0.802136
0.802136
0.802158
0.802202
0.800805
0.8008
0.79994
0.800773
0.80024
0.80092
0.801445
0.801042
0.800907
0.800791
0.799857
0.799636
0.799689
0.798933
0.798965
0.798789
0.800432
0.801226
0.802529
0.802248
0.802376
0.801677
0.80187
0.801808
0.801822
0.800831
0.800518
0.800518
0.800666
0.800666
0.799592
0.798994
0.797966
0.796832
0.796865
0.797061
0.797482
0.79844
0.798385
0.797905
0.798728
0.799343
0.79928
0.798658
0.798889
0.798889
0.798099
0.796961
0.797076
0.797009
0.79664
0.797017
0.797456
0.796665
0.796142
0.796182
0.795926
0.795622
0.79552
0.795231
0.794989
0.795773
0.796874
0.796591
0.795832
0.79629
0.796907
0.796084
0.796489
0.796597
0.796025
0.796189
0.796138
0.797298
0.796841
0.797634
0.798008
0.798008
0.798908
0.799025
0.798149
0.799334
0.798716
0.798644
0.798349
0.798449
0.798268
0.797506
0.798682
0.798682
0.798583
0.799741
0.798579
0.798579
0.797659
0.797075
0.797075
0.797913
0.796762
0.797419
0.796946
0.795449
0.795841
0.795841
0.795724
0.796748
0.79772
0.797498
0.798675
0.798373
0.798718
0.798192
0.797386
0.797944
0.799672
0.799336
0.798968
0.79843
0.799413
0.798462
0.798109
0.797928
0.797887
0.798525
0.79824
0.799689
0.799012
0.79863
0.798793
0.798304
0.797844
0.797032
0.796829
0.796477
0.79624
0.79624
0.796923
0.796675
0.797826
0.797826
0.798427
0.797483
0.798134
0.79879
0.798039
0.797642
0.797848
0.798535
0.798157
0.798195
0.797318
0.796437
0.796546
0.797499
0.797499
0.797606
0.798632
0.798286
0.797555
0.796973
0.79726
0.797106
0.798725
0.798444
0.799142
0.798873
0.798873
0.798724
0.799419
0.799523
0.79933
0.79933
0.799495
0.799495
0.799462
0.79847
0.798641
0.79932
0.800301
0.800334
0.800334
0.799746
0.799301
0.799546
0.799546
0.800102
0.799441
0.799304
0.799516
0.798958
0.798632
0.798844
0.798844
0.800858
0.802315
0.803036
0.80357
0.803376
0.802723
0.802905
0.802905
0.802044
0.802097
0.801163
0.800858
0.800337
0.80011
0.799224
0.798295
0.798109
0.798096
0.797858
0.798368
0.798368
0.798703
0.798928
0.79891
0.799995
0.800498
0.800052
0.799528
0.798301
0.798571
0.798798
0.798764
0.798137
0.79792
0.797429
0.798435
0.798878
0.799154
0.798405
0.798804
0.798663
0.798656
0.798049
0.797222
0.798019
0.798019
0.797738
0.798511
0.797918
0.797792
0.797205
0.796666
0.797433
0.796844
0.797734
0.798833
0.799264
0.800497
0.801405
0.801095
0.801907
0.800957
0.800589
0.799854
0.799572
0.799572
0.800298
0.799067
0.798151
0.798591
0.799194
0.79972
0.799925
0.799859
0.799149
0.799109
0.799129
0.79811
0.79761
0.798043
0.798043
0.79779
0.798362
0.797672
0.79814
0.79849
0.797683
0.797683
0.798062
0.798459
0.798974
0.798874
0.799171
0.798966
0.798852
0.798536
0.797725
0.797832
0.79747
0.798552
0.797514
0.79737
0.797753
0.797326
0.796686
0.797163
0.797388
0.797919
0.797411
0.79788
0.797766
0.797339
0.796406
0.797402
0.796948
0.797166
0.7977
0.7977
0.7977
0.797337
0.798543
0.798543
0.797869
0.798088
0.799824
0.800704
0.801579
0.801969
0.801969
0.801268
0.800298
0.799109
0.799337
0.799024
0.799189
0.799547
0.799071
0.797558
0.798771
0.798171
0.798362
0.798741
0.798766
0.798618
0.798532
0.799412
0.800238
0.800599
0.800679
0.801381
0.800685
0.800487
0.799675
0.800117
0.799414
0.799195
0.799195
0.799226
0.799654
0.80051
0.80051
0.799875
0.798166
0.797683
0.799264
0.799119
0.7987
0.797775
0.799549
0.800311
0.801398
0.801585
0.801585
0.801585
0.801315
0.801373
0.802139
0.802226
0.801332
0.801562
0.802141
0.802323
0.801326
0.801323
0.800105
0.800278
0.800333
0.800013
0.798516
0.797109
0.796844
0.797319
0.796972
0.798599
0.798104
0.798871
0.79957
0.799457
0.798161
0.798407
0.799925
0.799733
0.800266
0.800012
0.79923
0.799347
0.799097
0.799097
0.799062
0.799581
0.799897
0.800109
0.800999
0.800933
0.801055
0.799797
0.799973
0.79891
0.799369
0.799671
0.800105
0.800921
0.801552
0.802036
0.801201
0.800294
0.79986
0.800646
0.801209
0.801209
0.799821
0.798805
0.798274
0.796671
0.79582
0.795659
0.796723
0.797822
0.797845
0.798683
0.799772
0.800282
0.798001
0.798585
0.798317
0.799466
0.799466
0.799466
0.7992
0.798313
0.799001
0.798992
0.799891
0.800489
0.800481
0.799971
0.800351
0.800634
0.800666
0.801714
0.800866
0.800802
0.800399
0.798561
0.79622
0.796661
0.79734
0.797407
0.799134
0.799056
0.798033
0.796871
0.796121
0.796595
0.797507
0.797507
0.798006
0.797481
0.797311
0.796777
0.797072
0.797842
0.798328
0.798168
0.798196
0.798306
0.79819
0.798433
0.798141
0.797801
0.798205
0.79786
0.79799
0.798041
0.798439
0.799403
0.798527
0.798293
0.798486
0.79831
0.798578
0.79901
0.798061
0.798115
0.798066
0.797691
0.796613
0.795747
0.796198
0.796082
0.79524
0.794516
0.795774
0.795547
0.79522
0.794839
0.794808
0.794094
0.794884
0.794884
0.7952
0.795452
0.797153
0.796098
0.796622
0.796464
0.797186
0.796967
0.798033
0.798033
0.798259
0.79816
0.797807
0.797764
0.797813
0.797813
0.796942
0.798168
0.798184
0.798184
0.797192
0.797822
0.796191
0.796488
0.797525
0.797695
0.798867
0.796528
0.795202
0.794179
0.794304
0.794896
0.793982
0.7935
0.792881
0.792121
0.79307
0.793822
0.794267
0.793172
0.793331
0.793258
0.793258
0.79371
0.794085
0.794528
0.794773
0.794174
0.794058
0.794865
0.794865
0.795479
0.795697
0.796096
0.796198
0.797497
0.798143
0.798143
0.798858
0.799262
0.79866
0.798446
0.798446
0.798682
0.798245
0.798074
0.798195
0.798423
0.798566
0.798142
0.799339
0.798833
0.799031
0.799835
0.80019
0.800327
0.801354
0.801711
0.801711
0.801143
0.80066
0.7996
0.798899
0.798458
0.798458
0.798099
0.799736
0.798916
0.798912
0.798912
0.798569
0.797201
0.794862
0.794862
0.795061
0.797199
0.799415
0.79981
0.800459
0.799314
0.7989
0.799209
0.798525
0.798201
0.798201
0.798535
0.79834
0.79834
0.7998
0.799115
0.800013
0.800578
0.800096
0.799733
0.798999
0.800631
0.79958
0.798787
0.797415
0.797236
0.797236
0.797489
0.797478
0.797478
0.799068
0.797828
0.798561
0.798827
0.798827
0.798827
0.79946
0.799633
0.799634
0.799032
0.798825
0.799498
0.800464
0.800777
0.800763
0.800478
0.799738
0.799836
0.799836
0.800467
0.801637
0.800872
0.800855
0.800855
0.799751
0.799704
0.799691
0.799195
0.797007
0.798484
0.798067
0.79806
0.796892
0.797587
0.798177
0.79844
0.799022
0.79967
0.798828
0.798343
0.799358
0.799221
0.799211
0.7993
0.800133
0.800229
0.801239
0.800731
0.802135
0.802594
0.802659
0.802659
0.802367
0.802767
0.802521
0.802521
0.803282
0.803839
0.804497
0.803638
0.803638
0.802946
0.802424
0.801642
0.799968
0.799969
0.799969
0.801027
0.800754
0.800676
0.800018
0.799981
0.799981
0.799414
0.799506
0.799709
0.800568
0.802519
0.801458
0.80107
0.800403
0.800558
0.800669
0.800326
0.799988
0.800211
0.800346
0.799927
0.799193
0.799084
0.797937
0.797752
0.798738
0.798016
0.797608
0.798444
0.798944
0.798679
0.799056
0.799331
0.798378
0.7982
0.798619
0.799425
0.79935
0.798324
0.79857
0.7995
0.7995
0.7995
0.798922
0.799478
0.799478
0.799003
0.798053
0.797564
0.797489
0.797282
0.796457
0.795646
0.794624
0.795097
0.796197
0.796612
0.798133
0.798133
0.79793
0.79793
0.798499
0.798785
0.798225
0.797491
0.796022
0.795966
0.796724
0.798046
0.798355
0.798501
0.79878
0.798982
0.798749
0.798738
0.798467
0.798231
0.798233
0.799246
0.798353
0.797804
0.796596
0.797089
0.796985
0.795998
0.795146
0.795146
0.794347
0.794347
0.794676
0.794805
0.795899
0.795854
0.796944
0.798954
0.797879
0.798533
0.797831
0.798001
0.79771
0.797399
0.797255
0.797255
0.796181
0.796472
0.797148
0.797435
0.798376
0.797538
0.796534
0.796662
0.798011
0.798035
0.798603
0.798951
0.798575
0.79887
0.798173
0.798413
0.798413
0.798395
0.797819
0.79743
0.798041
0.798871
0.798871
0.798821
0.799175
0.800195
0.799782
0.799627
0.799486
0.799593
0.799991
0.79965
0.800602
0.801263
0.800998
0.800723
0.800753
0.801809
0.801809
0.80182
0.802512
0.802245
0.800887
0.800887
0.800887
0.800776
0.800217
0.798919
0.799304
0.798733
0.798289
0.798552
0.797044
0.798322
0.797704
0.797005
0.797211
0.796423
0.797431
0.796513
0.796641
0.795631
0.795843
0.79732
0.797288
0.797581
0.797182
0.797449
0.799715
0.80041
0.799859
0.799036
0.799088
0.799013
0.799129
0.79859
0.799253
0.799461
0.79953
0.799959
0.800158
0.800335
0.800913
0.800433
0.801519
0.800936
0.80246
0.802691
0.80291
0.801737
0.802668
0.802975
0.802975
0.80394
0.803143
0.802036
0.802579
0.802214
0.801156
0.800773
0.800214
0.800839
0.800447
0.800381
0.799731
0.799595
0.799028
0.79858
0.797803
0.798027
0.799175
0.799719
0.799719
0.799896
0.799896
0.801429
0.80116
0.801662
0.801579
0.80116
0.800718
0.800105
0.80056
0.799821
0.800833
0.799705
0.799084
0.799121
0.799397
0.800412
0.799625
0.799538
0.798001
0.798618
0.799778
0.799168
0.799623
0.799608
0.799608
0.800119
0.798759
0.798098
0.798725
0.797229
0.797706
0.796736
0.796656
0.796315
0.797547
0.796047
0.796317
0.795984
0.795546
0.795925
0.795925
0.795388
0.79495
0.795323
0.795555
0.796096
0.796388
0.79652
0.79622
0.795545
0.796488
0.79672
0.798172
0.798468
0.798818
0.798638
0.799163
0.799163
0.798439
0.797617
0.797693
0.79746
0.797165
0.797966
0.797457
0.797191
0.797305
0.797305
0.797516
0.796542
0.797016
0.796746
0.796746
0.796842
0.798557
0.797967
0.797908
0.797908
0.797264
0.797585
0.797144
0.797353
0.796746
0.796622
0.797784
0.798406
0.799172
0.798901
0.797876
0.797724
0.797663
0.798786
0.798779
0.798936
0.798418
0.798575
0.799912
0.80044
0.800182
0.802053
0.801754
0.800371
0.799742
0.80039
0.80029
0.800605
0.800605
0.800605
0.799621
0.798775
0.799519
0.800353
0.800359
0.800815
0.801207
0.80063
0.800675
0.799391
0.800051
0.800528
0.800081
0.799941
0.800624
0.800058
0.801033
0.800374
0.800779
0.801189
0.801799
0.800796
0.800584
0.800695
0.799792
0.799983
0.801223
0.801223
0.802203
0.801361
0.801081
0.801221
0.801601
0.801891
0.801473
0.800638
0.8001
0.798877
0.798705
0.798728
0.798459
0.798879
0.798078
0.797946
0.798327
0.798799
0.798897
0.797266
0.797601
0.79729
0.797841
0.7975
0.7975
0.796504
0.796716
0.797647
0.797957
0.797572
0.796917
0.796556
0.79763
0.7967
0.796643
0.79707
0.796866
0.797074
0.797395
0.798635
0.798408
0.798228
0.797917
0.7984
0.797768
0.797808
0.797143
0.797903
0.797941
0.797941
0.796962
0.798512
0.797863
0.797573
0.79847
0.797454
0.79758
0.79769
0.799316
0.798944
0.797787
0.797759
0.796736
0.797052
0.796919
0.796073
0.79582
0.795904
0.795965
0.795894
0.795723
0.795723
0.795515
0.795459
0.795618
0.795715
0.795678
0.795151
0.796174
0.795486
0.795046
0.794408
0.794149
0.796602
0.797213
0.797354
0.797881
0.797292
0.798107
0.797807
0.796672
0.796183
0.796688
0.797041
0.797505
0.799621
0.799122
0.799546
0.79994
0.799661
0.800462
0.80088
0.800912
0.800533
0.800107
0.799898
0.799131
0.799711
0.800011
0.799906
0.798907
0.8004
0.800829
0.798409
0.798002
0.797732
0.799073
0.798357
0.797354
0.798224
0.797957
0.799626
0.799703
0.799443
0.800469
0.800982
0.800279
0.799353
0.799642
0.798963
0.798963
0.799502
0.799751
0.800384
0.798557
0.798831
0.79857
0.799819
0.799604
0.79909
0.79969
0.799236
0.798156
0.798271
0.799425
0.799094
0.799386
0.799372
0.798527
0.798478
0.798894
0.799101
0.798403
0.797906
0.797937
0.797768
0.800061
0.799936
0.801153
0.800641
0.800912
0.800912
0.800158
0.799701
0.799926
0.800542
0.800474
0.798529
0.798953
0.797849
0.798022
0.797958
0.79779
0.797862
0.798205
0.7987
0.799671
0.799443
0.799398
0.799452
0.799955
0.800721
0.801108
0.802301
0.80179
0.801102
0.801812
0.801718
0.80162
0.799959
0.799178
0.79832
0.798636
0.79982
0.799452
0.79999
0.799351
0.79961
0.799564
0.79925
0.799131
0.798788
0.799329
0.798529
0.798331
0.798096
0.79847
0.797894
0.797956
0.797891
0.797891
0.79964
0.80077
0.800351
0.800635
0.799534
0.800816
0.801423
0.800991
0.800991
0.8022
0.801942
0.801424
0.800823
0.800734
0.800731
0.801062
0.800875
0.801732
0.800947
0.800663
0.801685
0.801227
0.801268
0.800403
0.799385
0.798977
0.799501
0.799158
0.80047
0.798398
0.798164
0.79715
0.797896
0.798551
0.799716
0.799965
0.79946
0.799121
0.798682
0.799197
0.799181
0.79886
0.798311
0.797369
0.797862
0.79733
0.797331
0.797318
0.798043
0.798328
0.798221
0.79913
0.798058
0.798423
0.797393
0.798644
0.799004
0.798234
0.798354
0.79799
0.798047
0.798397
0.798916
0.79789
0.796827
0.796345
0.79524
0.795795
0.795659
0.796096
0.79681
0.79681
0.797074
0.797812
0.796187
0.797663
0.797887
0.798162
0.797974
0.796986
0.797677
0.797689
0.797316
0.796649
0.796649
0.796406
0.796406
0.79763
0.79763
0.797679
0.79739
0.797352
0.797673
0.798803
0.798803
0.799928
0.799158
0.800215
0.80119
0.80168
0.800398
0.800398
0.800146
0.801236
0.800398
0.801155
0.800477
0.800227
0.801905
0.800971
0.800824
0.800711
0.800059
0.799115
0.798701
0.798563
0.798131
0.798853
0.798853
0.797976
0.797858
0.798158
0.797936
0.797421
0.79752
0.797051
0.795891
0.796634
0.796103
0.796326
0.797012
0.795735
0.796552
0.796076
0.795544
0.795662
0.795662
0.795058
0.795473
0.795892
0.796749
0.795855
0.795224
0.796468
0.797252
0.797083
0.797601
0.796762
0.797656
0.797656
0.796498
0.797385
0.796779
0.795644
0.795965
0.795773
0.796256
0.796043
0.795555
0.795159
0.795711
0.795563
0.794965
0.796644
0.79685
0.796997
0.797443
0.798113
0.797376
0.796897
0.797612
0.797785
0.796896
0.796436
0.798173
0.799702
0.799194
0.79848
0.798858
0.798342
0.798693
0.798693
0.797674
0.797145
0.79701
0.796655
0.797843
0.798012
0.797318
0.797438
0.797858
0.798216
0.798216
0.796571
0.796985
0.797675
0.797915
0.796611
0.795942
0.796172
0.796044
0.795789
0.795789
0.795785
0.796266
0.796098
0.796098
0.795789
0.795474
0.795407
0.794737
0.794197
0.795662
0.794632
0.795332
0.795692
0.795818
0.795798
0.796736
0.795948
0.79633
0.797147
0.797324
0.797695
0.79742
0.797048
0.797943
0.797806
0.797881
0.797634
0.796838
0.796633
0.797654
0.797142
0.796038
0.796377
0.796479
0.796916
0.795515
0.795433
0.795556
0.795977
0.79452
0.79452
0.794933
0.794764
0.795517
0.794515
0.794663
0.793789
0.793789
0.793893
0.794224
0.795187
0.795187
0.794678
0.794262
0.794293
0.795071
0.795279
0.795786
0.795714
0.796379
0.796442
0.795219
0.795881
0.795325
0.795991
0.796719
0.796074
0.797569
0.798392
0.798883
0.799446
0.799446
0.800281
0.798595
0.798878
0.798878
0.798496
0.798897
0.799818
0.799818
0.798872
0.80029
0.800039
0.800656
0.800709
0.800464
0.800598
0.799767
0.799857
0.799555
0.799423
0.798974
0.798622
0.798791
0.798137
0.798453
0.798439
0.798139
0.797619
0.798273
0.797562
0.796246
0.79623
0.796099
0.796153
0.797502
0.798988
0.800325
0.799902
0.799902
0.799476
0.797768
0.79772
0.799175
0.800721
0.800035
0.799164
0.799941
0.799246
0.800222
0.800222
0.799335
0.798477
0.797879
0.797879
0.798092
0.797218
0.797348
0.797634
0.797028
0.797092
0.797773
0.797475
0.797031
0.796269
0.796042
0.796081
0.796128
0.796128
0.796575
0.796406
0.7972
0.796943
0.796699
0.797382
0.79777
0.798235
0.79798
0.798403
0.798904
0.798238
0.798472
0.798051
0.799005
0.799879
0.799963
0.800092
0.799702
0.800185
0.800987
0.800914
0.800282
0.799571
0.799323
0.799659
0.799377
0.800421
0.80019
0.799748
0.799411
0.799873
0.799873
0.798868
0.799367
0.79961
0.79916
0.79916
0.79916
0.800001
0.799989
0.800655
0.799684
0.799684
0.799258
0.799258
0.799258
0.798626
0.798783
0.798783
0.798478
0.797954
0.796163
0.796294
0.795615
0.795691
0.795886
0.795617
0.79615
0.79488
0.794203
0.793699
0.793794
0.794784
0.794315
0.795276
0.795543
0.79665
0.795686
0.795872
0.797732
0.798076
0.797276
0.797272
0.797318
0.797318
0.797512
0.797233
0.797443
0.796906
0.797175
0.79654
0.796093
0.79564
0.79592
0.795418
0.795163
0.795163
0.795536
0.794996
0.795693
0.795693
0.795693
0.796341
0.795242
0.794925
0.795544
0.795335
0.795774
0.795935
0.796555
0.796341
0.796367
0.796496
0.79673
0.796135
0.796564
0.795925
0.795925
0.795112
0.794997
0.794812
0.795024
0.794711
0.794208
0.794718
0.793988
0.793978
0.793978
0.794312
0.795964
0.795814
0.795894
0.795351
0.795504
0.794202
0.79473
0.793723
0.793436
0.79354
0.79244
0.792014
0.791843
0.793192
0.793154
0.793714
0.794749
0.796313
0.796825
0.797794
0.797653
0.798063
0.797941
0.799105
0.799105
0.798421
0.796586
0.796843
0.795591
0.795686
0.797075
0.795496
0.795496
0.797952
0.797868
0.798072
0.798933
0.799026
0.797421
0.796714
0.797327
0.795497
0.79603
0.796318
0.796318
0.796021
0.795306
0.795132
0.794861
0.795888
0.797337
0.798686
0.797978
0.797652
0.797652
0.797437
0.797437
0.798595
0.798429
0.79895
0.800099
0.800782
0.798211
0.799385
0.799893
0.799871
0.799818
0.799818
0.800026
0.799776
0.798933
0.799887
0.799247
0.798727
0.798305
0.798305
0.797883
0.797737
0.796092
0.794959
0.795736
0.796356
0.796314
0.796076
0.796911
0.797922
0.797707
0.79861
0.797858
0.797646
0.797966
0.797966
0.799199
0.799457
0.798942
0.798784
0.799317
0.800524
0.801579
0.801276
0.801317
0.801317
0.801319
0.800791
0.800367
0.799088
0.799364
0.799606
0.800439
0.800675
0.800346
0.800736
0.800736
0.801348
0.800295
0.801159
0.803153
0.801449
0.801532
0.801532
0.800258
0.800489
0.800696
0.800706
0.800544
0.802344
0.801021
0.801314
0.799684
0.799111
0.799061
0.798622
0.798622
0.798816
0.797642
0.798199
0.799739
0.799741
0.799868
0.799786
0.79983
0.798844
0.7984
0.799302
0.799992
0.799347
0.79955
0.799613
0.799277
0.79957
0.799335
0.799921
0.80059
0.800582
0.801576
0.800834
0.799429
0.799163
0.800144
0.80053
0.80018
0.799078
0.799319
0.799339
0.798509
0.79875
0.798537
0.797648
0.797845
0.797469
0.798933
0.798081
0.797432
0.797432
0.797466
0.798104
0.798554
0.798028
0.798328
0.79952
0.798873
0.799713
0.799713
0.799439
0.799052
0.798341
0.79775
0.799174
0.79802
0.798764
0.797603
0.797276
0.797419
0.796586
0.796822
0.797224
0.797206
0.797522
0.797302
0.796421
0.798751
0.798597
0.798523
0.799173
0.800082
0.801339
0.80066
0.800822
0.801169
0.801848
0.800543
0.800359
0.80029
0.799044
0.799809
0.800509
0.79974
0.800149
0.800001
0.800193
0.800032
0.8002
0.799187
0.799307
0.797804
0.79889
0.798655
0.799609
0.800392
0.800931
0.800161
0.801555
0.800899
0.801768
0.801768
0.801672
0.801214
0.801041
0.801041
0.800267
0.800089
0.800028
0.800028
0.79961
0.799535
0.79825
0.798754
0.798705
0.798705
0.798635
0.798357
0.799469
0.798994
0.79882
0.798611
0.797612
0.797612
0.798566
0.797671
0.797046
0.797128
0.797864
0.796962
0.797053
0.797657
0.796293
0.796409
0.795418
0.796218
0.796437
0.796246
0.796808
0.797804
0.797828
0.7966
0.79714
0.796147
0.795866
0.795505
0.795921
0.794962
0.795442
0.795103
0.79405
0.794908
0.794948
0.795124
0.794765
0.794918
0.794896
0.79593
0.796715
0.797635
0.796524
0.797084
0.797637
0.798218
0.799623
0.798843
0.799288
0.799089
0.798984
0.79959
0.799111
0.799194
0.799376
0.797874
0.798759
0.797574
0.797004
0.797495
0.797495
0.797574
0.798428
0.798782
0.798024
0.799465
0.799102
0.798978
0.799925
0.799458
0.798696
0.798322
0.79805
0.798027
0.796187
0.79637
0.796511
0.796511
0.797809
0.796902
0.797892
0.798177
0.797435
0.797573
0.797358
0.796924
0.797464
0.797055
0.798372
0.798269
0.799879
0.80003
0.799864
0.800037
0.799971
0.800261
0.800619
0.801121
0.801374
0.801874
0.800623
0.799158
0.799016
0.799324
0.799324
0.798942
0.798097
0.798097
0.798436
0.798524
0.798509
0.798868
0.799514
0.800004
0.799634
0.798912
0.798844
0.79897
0.798773
0.798077
0.798505
0.798733
0.798876
0.798124
0.798482
0.798137
0.799302
0.798379
0.799085
0.798701
0.798009
0.797692
0.79861
0.799141
0.799449
0.799608
0.799283
0.798178
0.799052
0.800072
0.800369
0.799888
0.799191
0.798744
0.798402
0.797843
0.798322
0.798996
0.798509
0.798782
0.798782
0.799245
0.799383
0.799363
0.79953
0.799454
0.799201
0.799287
0.799267
0.800196
0.799531
0.798846
0.800431
0.800142
0.800142
0.800045
0.800609
0.79951
0.799517
0.79996
0.79996
0.799077
0.799476
0.799485
0.799792
0.800135
0.800061
0.799005
0.797927
0.798081
0.799403
0.79918
0.79918
0.799113
0.798986
0.798101
0.797688
0.7977
0.79718
0.797563
0.79826
0.798381
0.798014
0.797998
0.7982
0.798425
0.798153
0.798268
0.798216
0.79815
0.798493
0.798769
0.799179
0.797845
0.798221
0.798404
0.798968
0.799676
0.799676
0.800219
0.800175
0.799643
0.799949
0.798942
0.798478
0.797371
0.797783
0.79786
0.79674
0.797651
0.797651
0.797651
0.796717
0.797223
0.797223
0.797507
0.797678
0.798146
0.797978
0.798069
0.797713
0.796584
0.798596
0.798583
0.799195
0.79946
0.798762
0.797931
0.797427
0.796715
0.796706
0.797483
0.796995
0.796839
0.797168
0.796685
0.796685
0.795627
0.795486
0.795913
0.795913
0.797555
0.797913
0.797869
0.797089
0.79731
0.796688
0.797155
0.797344
0.798277
0.797563
0.796714
0.796951
0.796577
0.79633
0.796935
0.798499
0.799345
0.799118
0.798106
0.797509
0.796833
0.79772
0.796681
0.797383
0.798195
0.798071
0.797677
0.797677
0.798352
0.797725
0.798112
0.798855
0.799494
0.799472
0.800416
0.801081
0.802131
0.800384
0.800204
0.8
0.800042
0.799986
0.800495
0.79973
0.799154
0.799154
0.798685
0.798334
0.79926
0.798232
0.797319
0.796865
0.797069
0.796494
0.795679
0.797868
0.79871
0.799507
0.799376
0.799068
0.799238
0.799238
0.798342
0.797549
0.797549
0.797333
0.798406
0.797923
0.798077
0.797733
0.798118
0.7982
0.797633
0.797015
0.799264
0.798942
0.798488
0.798381
0.798567
0.798158
0.799511
0.800365
0.799979
0.799796
0.798589
0.798691
0.798463
0.797191
0.797068
0.796589
0.797097
0.796867
0.797676
0.798967
0.798282
0.798282
0.797629
0.796331
0.796204
0.795359
0.795629
0.795109
0.795978
0.796895
0.796835
0.798054
0.798054
0.797852
0.7974
0.79699
0.79699
0.796179
0.795834
0.796372
0.797047
0.798057
0.7982
0.799155
0.80034
0.797951
0.798408
0.798409
0.798156
0.797269
0.797098
0.797098
0.797008
0.79644
0.797282
0.797844
0.797264
0.796657
0.797234
0.798086
0.798086
0.797453
0.797957
0.797671
0.799057
0.797824
0.797014
0.797612
0.79692
0.7965
0.797255
0.797431
0.798151
0.798105
0.79768
0.797294
0.797786
0.797794
0.798592
0.797851
0.796923
0.797946
0.797319
0.798422
0.79874
0.798267
0.798267
0.798188
0.799446
0.79839
0.798456
0.798548
0.798491
0.799179
0.798735
0.797836
0.797644
0.797934
0.798242
0.797653
0.797974
0.7982
0.797491
0.798045
0.798399
0.797101
0.795868
0.796584
0.796482
0.796744
0.796198
0.796981
0.797497
0.797192
0.795707
0.794805
0.795206
0.796921
0.797752
0.797074
0.798117
0.798117
0.797991
0.797216
0.797501
0.798443
0.798937
0.800166
0.800483
0.799979
0.79932
0.799198
0.800343
0.800152
0.799049
0.798241
0.798649
0.797504
0.797612
0.796769
0.796209
0.795826
0.795612
0.797187
0.797571
0.797571
0.796594
0.796891
0.797846
0.797762
0.797685
0.79775
0.797154
0.797684
0.796878
0.797658
0.798494
0.798268
0.797467
0.797049
0.796639
0.796505
0.796398
0.797742
0.797741
0.798913
0.798693
0.798288
0.797391
0.797916
0.797632
0.797654
0.796742
0.796351
0.796836
0.798011
0.798884
0.799068
0.799184
0.79955
0.799116
0.800052
0.800473
0.801441
0.800823
0.800607
0.799947
0.800584
0.800241
0.800512
0.8005
0.800343
0.799531
0.799395
0.799382
0.799382
0.797391
0.798698
0.797821
0.797821
0.798184
0.798742
0.799595
0.799397
0.79951
0.799136
0.798971
0.799326
0.79912
0.799031
0.799156
0.799247
0.800386
0.800726
0.801241
0.800623
0.798253
0.798858
0.798259
0.798432
0.798389
0.799767
0.799148
0.798287
0.798243
0.798078
0.798222
0.79869
0.79869
0.79877
0.798835
0.797059
0.797143
0.798152
0.79879
0.79879
0.798387
0.798104
0.799191
0.799028
0.799193
0.801058
0.801665
0.801097
0.800286
0.799893
0.799936
0.799549
0.801075
0.800272
0.801177
0.801277
0.801701
0.80171
0.801615
0.801638
0.801914
0.802395
0.803135
0.802565
0.802565
0.802471
0.801795
0.802427
0.801923
0.801649
0.802123
0.802495
0.8028
0.803429
0.802804
0.801926
0.802774
0.802073
0.802005
0.80192
0.801879
0.801416
0.802217
0.801435
0.800921
0.800921
0.800314
0.800514
0.801239
0.801881
0.800206
0.799281
0.799281
0.799033
0.79852
0.797807
0.798729
0.798796
0.798184
0.798267
0.798278
0.798257
0.798524
0.797808
0.797808
0.797329
0.79771
0.797996
0.7982
0.797878
0.798087
0.798631
0.799436
0.799436
0.800121
0.799922
0.799469
0.799793
0.800302
0.800302
0.800289
0.799322
0.798835
0.798503
0.797853
0.796514
0.796927
0.796927
0.798333
0.79859
0.79938
0.799488
0.798981
0.798614
0.799645
0.799892
0.799696
0.798794
0.798794
0.799454
0.799621
0.800533
0.800118
0.799965
0.799523
0.800302
0.799495
0.799691
0.79927
0.799192
0.799503
0.799674
0.799826
0.800529
0.800092
0.800001
0.800377
0.800349
0.798812
0.798965
0.799762
0.799965
0.799936
0.798658
0.798176
0.798421
0.798411
0.797917
0.798762
0.799641
0.798535
0.798274
0.798283
0.797648
0.798742
0.798025
0.79824
0.79826
0.797197
0.797627
0.798526
0.797608
0.797464
0.798238
0.798583
0.799084
0.799314
0.800907
0.801629
0.80234
0.800813
0.799657
0.800387
0.799579
0.79865
0.798068
0.798524
0.797999
0.798689
0.79777
0.797836
0.797651
0.798364
0.797615
0.797615
0.796251
0.796411
0.797358
0.798492
0.799304
0.799292
0.799059
0.798971
0.800048
0.799596
0.800451
0.800348
0.800348
0.800935
0.802938
0.802179
0.802161
0.801721
0.801738
0.801834
0.800829
0.800088
0.80037
0.800921
0.801456
0.802309
0.801931
0.801396
0.802583
0.803016
0.803016
0.802924
0.803458
0.805515
0.806491
0.805558
0.804981
0.80346
0.80346
0.802411
0.801938
0.800931
0.800704
0.800795
0.801035
0.800342
0.800899
0.799107
0.799485
0.799611
0.799581
0.799566
0.798628
0.800292
0.799439
0.799088
0.80062
0.800806
0.800732
0.800897
0.800445
0.79981
0.800502
0.800842
0.799994
0.797893
0.798525
0.79812
0.79802
0.798397
0.797614
0.797639
0.798252
0.798311
0.799117
0.800495
0.800639
0.800733
0.801803
0.802185
0.80259
0.801939
0.801952
0.801791
0.801849
0.802381
0.801752
0.802078
0.800036
0.79998
0.799771
0.800098
0.801057
0.800814
0.80071
0.799035
0.799609
0.80005
0.80005
0.800253
0.798204
0.796469
0.795516
0.794001
0.793754
0.79449
0.795671
0.796304
0.798191
0.798191
0.797555
0.79695
0.797171
0.797047
0.797047
0.797873
0.798205
0.799975
0.799845
0.799178
0.79748
0.797389
0.798611
0.798312
0.797952
0.797425
0.798302
0.79898
0.798167
0.798614
0.799379
0.798539
0.799664
0.800294
0.800951
0.799487
0.799076
0.798114
0.799039
0.800382
0.800405
0.799891
0.799891
0.799459
0.800719
0.799139
0.798118
0.797137
0.796885
0.796097
0.795684
0.795122
0.796455
0.795777
0.795708
0.795674
0.795674
0.794906
0.79575
0.796958
0.79777
0.798694
0.79938
0.798974
0.797915
0.79769
0.79798
0.798071
0.798543
0.798986
0.799155
0.7986
0.797958
0.79827
0.796911
0.795539
0.794813
0.79597
0.796094
0.796854
0.796009
0.795898
0.795898
0.797836
0.798744
0.799821
0.80006
0.800722
0.80004
0.800032
0.79975
0.799314
0.799446
0.799446
0.798564
0.79789
0.797675
0.797745
0.798296
0.798557
0.798812
0.798557
0.798245
0.797895
0.797887
0.798422
0.7973
0.7973
0.796873
0.797715
0.79693
0.79693
0.796959
0.798016
0.7973
0.79659
0.796255
0.795752
0.795119
0.795119
0.793711
0.795785
0.795608
0.796413
0.796517
0.797632
0.797788
0.797217
0.796928
0.796853
0.796524
0.795401
0.796162
0.796652
0.796809
0.797018
0.796825
0.797615
0.798796
0.799118
0.798691
0.799185
0.799317
0.798831
0.798711
0.798163
0.79788
0.797722
0.797999
0.797848
0.797308
0.797308
0.797148
0.797234
0.79811
0.798948
0.798317
0.798233
0.798475
0.798731
0.798752
0.798395
0.799133
0.799109
0.79881
0.79839
0.79854
0.79932
0.799428
0.799603
0.79935
0.798592
0.798975
0.798484
0.799527
0.799231
0.799231
0.800037
0.800036
0.800411
0.80028
0.800798
0.800629
0.800679
0.800506
0.79933
0.798968
0.798469
0.797644
0.797392
0.798626
0.799431
0.799714
0.79891
0.798079
0.797947
0.79729
0.797967
0.797721
0.796658
0.797697
0.797694
0.797793
0.798946
0.798946
0.799849
0.800411
0.800393
0.799389
0.798905
0.798151
0.798193
0.798015
0.79782
0.798832
0.799824
0.798627
0.798627
0.797274
0.796926
0.796436
0.796436
0.798064
0.798339
0.797004
0.798055
0.798692
0.797807
0.798931
0.799062
0.800163
0.800891
0.801215
0.800423
0.800744
0.800744
0.80085
0.801
0.801
0.800147
0.799247
0.798621
0.798929
0.800538
0.800538
0.801503
0.802338
0.801533
0.801808
0.801845
0.801994
0.801994
0.801669
0.801668
0.801499
0.802543
0.801497
0.801817
0.801436
0.801436
0.802411
0.802576
0.801394
0.801452
0.801841
0.800467
0.799523
0.799257
0.798777
0.79745
0.796107
0.796374
0.795353
0.796297
0.796352
0.796377
0.797064
0.796656
0.795495
0.796842
0.796318
0.796267
0.795695
0.795066
0.795502
0.795502
0.79497
0.795479
0.795811
0.796146
0.79585
0.796132
0.796552
0.796028
0.796228
0.796982
0.795619
0.796884
0.797372
0.79665
0.796669
0.796669
0.796378
0.795967
0.795967
0.796139
0.797076
0.795546
0.797134
0.795709
0.795873
0.797054
0.797022
0.797182
0.797182
0.796679
0.796679
0.797752
0.796813
0.79797
0.798244
0.798518
0.799396
0.799776
0.799997
0.80111
0.800822
0.799963
0.799685
0.799395
0.798746
0.799244
0.799593
0.799965
0.799965
0.799614
0.799627
0.801346
0.801384
0.801497
0.800881
0.800872
0.801167
0.799629
0.79979
0.799426
0.798081
0.7983
0.799197
0.798108
0.799125
0.798501
0.797644
0.797505
0.796529
0.796318
0.796486
0.797698
0.797132
0.79791
0.798217
0.79807
0.797401
0.796422
0.796783
0.795848
0.795848
0.79495
0.795374
0.795374
0.795646
0.795646
0.79535
0.795804
0.796685
0.794712
0.795036
0.794956
0.797061
0.796768
0.796581
0.796604
0.796408
0.797371
0.796693
0.797084
0.797084
0.797574
0.797302
0.796763
0.796984
0.796642
0.797753
0.797017
0.797017
0.797607
0.79774
0.79797
0.79841
0.798127
0.797109
0.797514
0.797204
0.79714
0.79788
0.797296
0.797617
0.797617
0.799043
0.799043
0.798976
0.798134
0.798653
0.798843
0.799812
0.799555
0.798805
0.799698
0.799828
0.79945
0.799174
0.799174
0.798316
0.797881
0.797881
0.798211
0.798759
0.798412
0.797978
0.797689
0.79883
0.798637
0.797962
0.797475
0.798037
0.798366
0.799069
0.797428
0.798424
0.798172
0.797487
0.797331
0.797303
0.796797
0.796053
0.795484
0.797176
0.79837
0.798115
0.798469
0.798532
0.798383
0.799489
0.800593
0.800155
0.799081
0.798478
0.798698
0.798443
0.798797
0.798303
0.798212
0.797849
0.797647
0.79842
0.798493
0.797581
0.798674
0.798598
0.798598
0.798797
0.79984
0.799424
0.798934
0.798564
0.798564
0.798527
0.799894
0.799713
0.799457
0.799576
0.799279
0.79745
0.79792
0.797268
0.796094
0.797128
0.797145
0.797145
0.797119
0.796948
0.797696
0.796261
0.796544
0.796142
0.796142
0.797117
0.796646
0.795674
0.795886
0.795886
0.796002
0.794652
0.795551
0.79708
0.796024
0.796884
0.795598
0.796512
0.796232
0.796165
0.797176
0.797105
0.797231
0.797478
0.797171
0.796251
0.796387
0.79739
0.79807
0.797811
0.798401
0.79846
0.7973
0.79819
0.79774
0.797045
0.797013
0.796822
0.797235
0.797253
0.797133
0.797334
0.796007
0.796687
0.796352
0.796955
0.797485
0.796106
0.796451
0.796241
0.796876
0.797174
0.797174
0.797032
0.795997
0.796912
0.797398
0.797905
0.797277
0.796363
0.79604
0.796275
0.795216
0.795076
0.795664
0.794043
0.794083
0.794876
0.795369
0.794892
0.794119
0.794872
0.794213
0.795736
0.795196
0.796127
0.794781
0.793446
0.794612
0.794328
0.794553
0.795488
0.79605
0.796089
0.796089
0.796708
0.79672
0.796591
0.796648
0.796654
0.796234
0.796572
0.796911
0.796821
0.796821
0.796876
0.798322
0.798672
0.798851
0.799877
0.799452
0.798746
0.798741
0.79862
0.79988
0.800003
0.800686
0.800317
0.798621
0.797862
0.799221
0.799639
0.798768
0.798886
0.797297
0.796512
0.797346
0.797866
0.797002
0.796978
0.797674
0.798454
0.798753
0.798789
0.799099
0.799482
0.800668
0.800854
0.800923
0.801513
0.801513
0.800896
0.801284
0.80188
0.80064
0.801217
0.80024
0.799953
0.799953
0.800599
0.80253
0.801884
0.801516
0.801516
0.801562
0.801562
0.800649
0.800632
0.800114
0.800203
0.799267
0.79953
0.800799
0.79955
0.798556
0.798788
0.798713
0.800554
0.800058
0.800515
0.79944
0.798544
0.799324
0.79764
0.798
0.798583
0.799809
0.799809
0.79957
0.79957
0.799508
0.798938
0.799725
0.799179
0.799179
0.799188
0.798041
0.798278
0.798001
0.797983
0.798588
0.798588
0.798377
0.798163
0.798816
0.798648
0.796634
0.796574
0.797328
0.79801
0.798367
0.798945
0.798237
0.798371
0.798549
0.797268
0.798098
0.797436
0.797436
0.79755
0.798076
0.797432
0.797432
0.796799
0.797334
0.797236
0.797892
0.798063
0.79766
0.796937
0.798022
0.797159
0.796
0.79588
0.795221
0.795703
0.795032
0.795032
0.796108
0.796218
0.79582
0.797433
0.797264
0.79717
0.796237
0.796697
0.797111
0.796311
0.79593
0.795545
0.796256
0.796601
0.796712
0.797962
0.796671
0.796522
0.796263
0.796218
0.794964
0.794997
0.794715
0.795073
0.794674
0.794995
0.794179
0.794936
0.79635
0.797157
0.796784
0.796213
0.796605
0.795518
0.796191
0.796412
0.796601
0.795369
0.796715
0.796437
0.795943
0.796132
0.796169
0.795989
0.796111
0.796773
0.797718
0.79726
0.797095
0.797834
0.799229
0.798369
0.79777
0.796866
0.797096
0.797096
0.79716
0.796894
0.795437
0.796404
0.797251
0.797342
0.796262
0.796566
0.796566
0.796389
0.795056
0.795056
0.794617
0.795305
0.794863
0.795291
0.7961
0.796329
0.796262
0.796131
0.796913
0.795841
0.794833
0.794953
0.795596
0.796588
0.797869
0.797958
0.798018
0.797766
0.797024
0.797313
0.79788
0.796817
0.796097
0.79657
0.796222
0.795595
0.794513
0.796099
0.796099
0.796735
0.797826
0.797705
0.798346
0.798739
0.798238
0.798299
0.798359
0.798888
0.799419
0.799056
0.797923
0.798374
0.798181
0.797717
0.798283
0.798283
0.797708
0.798081
0.798754
0.798739
0.798513
0.799062
0.799006
0.798955
0.798955
0.799722
0.79865
0.798969
0.798969
0.799102
0.799869
0.798862
0.79934
0.798772
0.799106
0.798923
0.798752
0.799115
0.799115
0.798774
0.799892
0.799947
0.799677
0.800709
0.800956
0.800072
0.800212
0.800587
0.800526
0.80142
0.800711
0.800182
0.800116
0.800834
0.800917
0.800628
0.802438
0.802305
0.801535
0.802673
0.801907
0.800388
0.800531
0.800772
0.801453
0.799701
0.799192
0.799244
0.80008
0.799975
0.800176
0.79933
0.798094
0.796577
0.797223
0.797468
0.797468
0.796854
0.796393
0.796629
0.795207
0.795401
0.795568
0.79546
0.795312
0.795528
0.795317
0.796143
0.795152
0.795133
0.794757
0.794842
0.796127
0.795248
0.796311
0.795723
0.79715
0.796644
0.796887
0.795501
0.795658
0.795245
0.793822
0.794714
0.79642
0.796104
0.796403
0.797071
0.796682
0.796386
0.796401
0.796914
0.796914
0.7974
0.797796
0.797796
0.798644
0.798296
0.798216
0.797818
0.797818
0.797999
0.797367
0.797571
0.797151
0.796795
0.797487
0.798295
0.800229
0.799923
0.799059
0.798466
0.797457
0.797356
0.796713
0.796997
0.797558
0.7977
0.798154
0.798729
0.798148
0.797525
0.796926
0.796926
0.797865
0.797329
0.797687
0.797687
0.797949
0.797949
0.798466
0.798445
0.799271
0.79904
0.798286
0.797702
0.798485
0.798099
0.798452
0.798397
0.797304
0.796884
0.796679
0.796912
0.795716
0.795953
0.796342
0.796417
0.796085
0.795541
0.795947
0.795809
0.796771
0.797434
0.797505
0.796814
0.797404
0.797114
0.797005
0.796909
0.79649
0.79574
0.795302
0.795066
0.794346
0.795412
0.795481
0.797198
0.798562
0.798188
0.797817
0.797529
0.798189
0.797633
0.797668
0.797939
0.797725
0.797002
0.796835
0.797005
0.798059
0.797745
0.797166
0.796527
0.79687
0.797446
0.797889
0.798362
0.797679
0.798071
0.797877
0.797176
0.7973
0.7978
0.7978
0.796699
0.796841
0.798081
0.798081
0.797033
0.796221
0.797231
0.796287
0.795962
0.796449
0.795655
0.795579
0.796032
0.797623
0.797386
0.796239
0.795887
0.796745
0.795268
0.795035
0.795192
0.795537
0.795913
0.795913
0.794359
0.794344
0.794027
0.794223
0.793767
0.793767
0.794584
0.794039
0.793766
0.794825
0.795913
0.796568
0.796486
0.796486
0.796486
0.796242
0.795944
0.797213
0.797776
0.798073
0.798437
0.798986
0.799808
0.799708
0.799145
0.799807
0.799505
0.799638
0.800969
0.801903
0.802106
0.801143
0.80105
0.801263
0.800834
0.801038
0.801116
0.801058
0.800508
0.800888
0.800411
0.799173
0.798152
0.797939
0.797791
0.796396
0.796863
0.7975
0.79773
0.798108
0.796086
0.797097
0.796893
0.797368
0.797368
0.797349
0.796933
0.79621
0.797464
0.797464
0.797891
0.798906
0.798384
0.798639
0.797773
0.797782
0.79774
0.797299
0.798404
0.798375
0.799802
0.799802
0.799402
0.800759
0.801026
0.802438
0.801497
0.801237
0.801585
0.800484
0.800484
0.799922
0.799299
0.799366
0.800378
0.799679
0.799712
0.797535
0.797697
0.797032
0.797687
0.79794
0.79857
0.799111
0.80045
0.800585
0.800576
0.801621
0.802566
0.802767
0.802913
0.802982
0.802982
0.802269
0.801467
0.801188
0.801197
0.80108
0.801146
0.801153
0.801153
0.801569
0.80134
0.801318
0.801093
0.801711
0.801711
0.802183
0.802315
0.80166
0.80168
0.80007
0.80007
0.801
0.800656
0.799771
0.799366
0.799366
0.798724
0.798817
0.800314
0.800314
0.799636
0.799122
0.799128
0.798656
0.79787
0.797782
0.798349
0.798745
0.798117
0.798898
0.798897
0.79834
0.798735
0.798498
0.79878
0.799619
0.799848
0.799933
0.799197
0.799294
0.798779
0.798893
0.799821
0.800355
0.8006
0.801693
0.802838
0.803542
0.803245
0.803198
0.802497
0.803368
0.802618
0.80211
0.801056
0.800767
0.801185
0.801473
0.800113
0.800834
0.800499
0.800194
0.800009
0.800907
0.801364
0.801504
0.801143
0.801115
0.801514
0.801059
0.800486
0.801285
0.800729
0.800604
0.801568
0.802588
0.802303
0.803298
0.803785
0.803358
0.803239
0.803504
0.802879
0.804468
0.803876
0.804325
0.804325
0.804325
0.80297
0.801222
0.800341
0.800728
0.800034
0.800877
0.799667
0.799667
0.800419
0.800671
0.800139
0.799699
0.799566
0.799736
0.800092
0.799766
0.799747
0.799121
0.799228
0.799772
0.801007
0.800594
0.800825
0.800142
0.801004
0.800878
0.800819
0.802431
0.801898
0.801578
0.801107
0.800215
0.798924
0.798924
0.798924
0.799397
0.799709
0.798797
0.798797
0.797755
0.798753
0.799185
0.799252
0.800063
0.799675
0.799491
0.800691
0.800776
0.800776
0.801366
0.80147
0.80147
0.802488
0.801795
0.801756
0.801684
0.800215
0.8
0.799967
0.800622
0.800371
0.80224
0.801991
0.801734
0.801563
0.802123
0.80195
0.802973
0.803195
0.803979
0.804211
0.803345
0.803281
0.802832
0.80169
0.802818
0.802978
0.801593
0.802115
0.802205
0.799735
0.800519
0.800752
0.800113
0.800937
0.800322
0.800246
0.800246
0.799123
0.79778
0.797942
0.79844
0.799128
0.79817
0.799134
0.797249
0.796495
0.796495
0.795666
0.796453
0.796601
0.796984
0.797485
0.798052
0.79862
0.799328
0.799228
0.798764
0.799872
0.798195
0.797413
0.798262
0.799469
0.799469
0.798978
0.798339
0.798127
0.798324
0.798758
0.798758
0.799446
0.798637
0.79812
0.797296
0.798058
0.797277
0.797744
0.797708
0.797971
0.799474
0.799963
0.799292
0.799006
0.797761
0.79751
0.796681
0.796696
0.796292
0.795824
0.796402
0.796829
0.797452
0.797544
0.797958
0.797305
0.797305
0.797568
0.797434
0.79809
0.7987
0.7987
0.79894
0.798892
0.799441
0.799075
0.798954
0.79784
0.797817
0.797378
0.797611
0.797611
0.797921
0.797477
0.796591
0.795741
0.795741
0.79611
0.797106
0.797106
0.797773
0.798068
0.798298
0.798089
0.798464
0.79868
0.799208
0.798881
0.79894
0.79894
0.798355
0.7994
0.799731
0.800518
0.800388
0.80083
0.799729
