0.02982018
0.05852419
0.05852419
0.05852419
0.08603957
0.08603957
0.08603957
0.08603957
0.08603957
0.08603957
0.08603957
0.11370450
0.11370450
0.14003094
0.14003094
0.16537356
0.16537356
0.16537356
0.19066030
0.21385251
0.21385251
0.23738069
0.23738069
0.25927129
0.28027071
0.28027071
0.30308326
0.32483211
0.34447679
0.36378623
0.36378623
0.36378623
0.38231719
0.38231719
0.40036818
0.41744384
0.43471616
0.45229268
0.47091720
0.48501439
0.49951817
0.51554407
0.53034295
0.54527937
0.55902091
0.57137880
0.58526415
0.59809171
0.61068803
0.62326932
0.63406137
0.64497243
0.65499588
0.66618181
0.67661164
0.68663543
0.69553800
0.70668895
0.71548478
0.72543563
0.73335626
0.74216961
0.74921808
0.75654722
0.76395531
0.77169089
0.77856039
0.78534755
0.79242677
0.79979723
0.80804153
0.81391928
0.82011151
0.82493581
0.82944900
0.83689457
0.84265378
0.84874011
0.85238252
0.85694053
0.86301749
0.86625579
0.87155722
0.87619117
0.88083939
0.88520133
0.88760838
0.89171733
0.89542443
0.90066509
0.90493122
0.90807468
0.91154505
0.91429575
0.91728138
0.92114542
0.92114542
0.92406905
0.92750887
0.93022404
0.93198763
0.93488260
0.93646737
0.93929349
0.94433825
0.94688033
0.94899499
0.95164614
0.95360709
0.95630983
0.95745837
0.96010538
0.96264145
0.96264145
0.96451889
0.96659360
0.96720714
0.96918523
0.97065309
0.97248710
0.97253336
0.97604166
0.97865336
0.98040305
0.98168547
0.98267645
0.98235118
0.98390597
0.98841211
0.98714493
0.98943515
0.99013985
0.99158743
0.99113078
0.99140799
0.99033672
0.99195685
0.99341242
0.99603827
0.99858877
0.99950912
1.00200258
1.00152428
1.00125734
1.00228118
1.00277056
1.00467068
1.00672325
1.00734491
1.00786655
1.00830514
1.00945538
1.01047290
1.00868685
1.00953856
1.00884044
1.01066730
1.01283104
1.01473072
1.01532151
1.01721382
1.01823309
1.01796131
1.01786414
1.01591610
1.01591610
1.01611803
1.01611803
1.01810386
1.01553206
1.01823373
1.02071622
1.01988545
1.01977471
1.02229232
1.02043044
1.02046690
1.02043709
1.02158770
1.02158770
1.02281409
1.02432711
1.02536273
1.02687595
1.02747661
1.02685933
1.02584734
1.02832093
1.02832093
1.02722132
1.02700808
1.02699792
1.02695794
1.02457573
1.02520748
1.02696009
1.02777116
1.02743188
1.02745265
1.02658804
1.02867818
1.02867818
1.02821694
1.02807491
1.02667950
1.02821128
1.02877221
1.02788411
1.02788411
1.02913139
1.03053240
1.03221072
1.03316130
1.03318111
1.03278382
1.03278382
1.02976440
1.03076686
1.03159421
1.03141853
1.03189616
1.03253299
1.03174183
1.03304408
1.03288748
1.03282243
1.03708043
1.03785149
1.03702828
1.03702828
1.03538840
1.03545429
1.03545429
1.03360736
1.03419229
1.03428668
1.03428477
1.03419922
1.03546005
1.03606094
1.03757839
1.03757839
1.03808343
1.03886988
1.03964093
1.03780676
1.03675179
1.03427374
1.03389262
1.03248848
1.03272213
1.03187871
1.03318891
1.03318891
1.03210991
1.03421214
1.03332482
1.03279452
1.03158806
1.03210401
1.03047469
1.03268164
1.03207106
1.03261725
1.03299618
1.03449855
1.03449855
1.03230077
1.03423660
1.03446569
1.03592657
1.03576805
1.03810885
1.03605877
1.03631822
1.03657913
1.03778987
1.03870977
1.03806226
1.03797473
1.03844421
1.03800909
1.03885034
1.03867199
1.03906902
1.04056497
1.03970195
1.03937052
1.03850108
1.03751791
1.03775037
1.03716831
1.03530599
1.03677376
1.03715310
1.03667121
1.03561730
1.03538939
1.03526820
1.03559385
1.03607188
1.03638419
1.03599018
1.03758276
1.03691861
1.03605421
1.03557638
1.03525903
1.03453211
1.03575905
1.03477819
1.03453098
1.03662985
1.03805068
1.03733297
1.03844422
1.03823414
1.03932365
1.04051664
1.04292644
1.04230907
1.04160762
1.04051480
1.04112605
1.03930823
1.03779719
1.03675195
1.03720805
1.03842833
1.03792307
1.03792307
1.03825469
1.04101948
1.04196507
1.04042545
1.04058008
1.04264689
1.04157161
1.04090976
1.04008307
1.03889894
1.03997587
1.03846490
1.03837379
1.03793397
1.03792132
1.03924596
1.03924596
1.03809470
1.03911182
1.04009318
1.03964882
1.03964882
1.03875590
1.03975478
1.03971864
1.03938562
1.03996288
1.04007990
1.04047785
1.03884340
1.03831858
1.04043942
1.03920259
1.03915039
1.03772144
1.03885926
1.03885926
1.03811354
1.03796710
1.03964148
1.03964148
1.03921762
1.03960245
1.04024480
1.03921864
1.03859996
1.03917325
1.03884359
1.03853440
1.03823556
1.03907107
1.03974415
1.03944575
1.03856788
1.03831076
1.04079050
1.04114928
1.04031603
1.03951796
1.03910649
1.03963234
1.03926426
1.04037631
1.04025736
1.03927525
1.03792365
1.03731146
1.03599598
1.03565179
1.03557860
1.03562857
1.03652871
1.03838999
1.03932605
1.04042826
1.04027492
1.03977243
1.03956806
1.03978668
1.03950609
1.03816387
1.03899932
1.04086064
1.04021938
1.03956667
1.04120896
1.04158827
1.03873200
1.03774930
1.03774930
1.03881675
1.03996510
1.03996510
1.03993327
1.03906809
1.03938746
1.04152048
1.04137389
1.04226740
1.04061750
1.03893973
1.03893973
1.03855013
1.03766622
1.03762020
1.03559038
1.03331586
1.03390451
1.03322437
1.03318928
1.03509368
1.03573122
1.03634489
1.03744964
1.03623138
1.03708664
1.03762897
1.03846452
1.03846452
1.03715602
1.03715602
1.03618164
1.03440401
1.03379600
1.03426367
1.03426367
1.03517216
1.03517216
1.03509843
1.03471648
1.03471648
1.03538397
1.03367473
1.03605546
1.03720722
1.03715424
1.03713370
1.03771942
1.03859281
1.03852289
1.03827527
1.03957203
1.03943253
1.03844948
1.03959861
1.03808361
1.03743561
1.03735009
1.03735009
1.03820430
1.03820430
1.03856566
1.03814059
1.03776434
1.03813654
1.03837088
1.03921234
1.03969548
1.03722127
1.03598048
1.03601084
1.03678433
1.03856281
1.04056565
1.04114425
1.04053667
1.04186071
1.04071799
1.04104313
1.04047863
1.04069817
1.04109199
1.04031522
1.03963735
1.03831471
1.04120365
1.04191677
1.04270083
1.04319405
1.04373752
1.04276383
1.04136796
1.04186998
1.04105442
1.03994671
1.03937019
1.04026714
1.03983508
1.03840968
1.03719533
1.03655704
1.03564861
1.03610142
1.03505246
1.03648016
1.03725837
1.03753763
1.03756030
1.03679503
1.03787891
1.03683631
1.03751721
1.03912285
1.03914690
1.03773062
1.03718472
1.03530400
1.03576588
1.03696548
1.03699938
1.03806841
1.03584128
1.03700031
1.03501311
1.03508404
1.03554569
1.03554569
1.03807586
1.03807586
1.03983819
1.03917618
1.03736562
1.03596965
1.03741209
1.03763628
1.03683219
1.03956121
1.03956121
1.03827869
1.03657413
1.03801673
1.03673000
1.03662401
1.03692321
1.03720323
1.03808939
1.03669732
1.03698283
1.03597475
1.03581732
1.03587145
1.03716360
1.03781691
1.03882886
1.03978636
1.03959062
1.03962966
1.03914289
1.03914289
1.03855427
1.03875006
1.03997433
1.04007997
1.04007997
1.04239903
1.04220338
1.04138161
1.04042824
1.04116328
1.04105404
1.04139368
1.04139368
1.04072827
1.03925692
1.03925692
1.03859059
1.03821226
1.03855726
1.03959044
1.04118415
1.03960416
1.03960416
1.03865490
1.03850214
1.03970294
1.03888222
1.03905370
1.03954349
1.04016673
1.04090355
1.03852741
1.03666799
1.03764056
1.03740941
1.03806593
1.03619195
1.03464319
1.03567363
1.03520421
1.03545031
1.03697730
1.03722499
1.03780065
1.03628529
1.03550510
1.03632241
1.03642997
1.03820450
1.03820450
1.03723344
1.03554010
1.03592726
1.03616174
1.03616174
1.03706764
1.03792179
1.03659303
1.03698009
1.03831475
1.03831475
1.03682361
1.03605368
1.03496533
1.03365017
1.03392987
1.03356319
1.03249596
1.03418380
1.03458651
1.03608078
1.03569151
1.03618101
1.03738684
1.03599973
1.03658460
1.03557253
1.03630181
1.03478914
1.03477790
1.03568973
1.03368042
1.03503250
1.03672114
1.03652064
1.03714953
1.03851531
1.03922595
1.03719652
1.03755518
1.03755642
1.03755642
1.03769176
1.03737810
1.03688787
1.03614262
1.03611998
1.03378897
1.03452346
1.03442142
1.03453082
1.03452874
1.03459446
1.03563298
1.03559283
1.03409229
1.03455336
1.03301410
1.03190634
1.03087563
1.02965039
1.02948649
1.03143054
1.02860172
1.02894358
1.02875560
1.02875560
1.03049115
1.03180941
1.03152128
1.03358577
1.03316016
1.03534379
1.03551923
1.03651256
1.03526294
1.03565912
1.03567085
1.03576750
1.03753188
1.03652259
1.03640244
1.03660119
1.03638073
1.03835049
1.03835049
1.03834659
1.03795450
1.03738328
1.03714348
1.03782214
1.03799030
1.03986334
1.04014369
1.04004496
1.04102876
1.04157953
1.04139722
1.04320695
1.04350529
1.04303914
1.04266324
1.03974188
1.03614855
1.04001405
1.03952344
1.03942006
1.03863632
1.03871020
1.03648228
1.03781487
1.03858402
1.03732464
1.03584928
1.03546654
1.03569870
1.03645355
1.03598238
1.03674061
1.03793116
1.03734118
1.03885297
1.03963181
1.03970737
1.04023674
1.03997602
1.04057179
1.04177990
1.04177990
1.04257485
1.04175404
1.04120001
1.04388713
1.04317393
1.04294841
1.04189640
1.04104739
1.04313502
1.04277076
1.04267994
1.04291966
1.04379395
1.04433875
1.04327260
1.04286936
1.04278612
1.04324277
1.04316419
1.04529801
1.04436391
1.04210421
1.04230707
1.04200541
1.04243634
1.04079825
1.04151993
1.04197328
1.04233505
1.04233505
1.04287345
1.04287345
1.04474079
1.04333779
1.04289873
1.04302834
1.04122761
1.03952548
1.03899373
1.03827815
1.03771338
1.04030005
1.03894928
1.03648269
1.03607659
1.03354143
1.03562286
1.03562286
1.03599968
1.03602499
1.03520118
1.03643868
1.03671861
1.03620139
1.03396871
1.03363519
1.03407757
1.03310002
1.03384211
1.03373620
1.03463460
1.03584373
1.03483992
1.03395946
1.03433473
1.03547577
1.03450279
1.03720945
1.03574271
1.03600998
1.03628868
1.03420845
1.03320614
1.03214040
1.03040303
1.03083101
1.03300765
1.03361100
1.03360696
1.03360696
1.03255578
1.03241341
1.03199500
1.03377599
1.03417353
1.03386625
1.03513931
1.03554473
1.03578260
1.03739225
1.03966514
1.03966514
1.04041466
1.03809431
1.03803028
1.03803028
1.03894788
1.04082145
1.04082145
1.03934305
1.03774761
1.03809703
1.03692668
1.03690287
1.03717456
1.03717456
1.03624155
1.03632392
1.03753039
1.03699748
1.03790425
1.03836757
1.03726366
1.03599648
1.03562038
1.03578471
1.03473488
1.03407082
1.03500146
1.03331310
1.03229559
1.03272522
1.03261525
1.03475803
1.03300554
1.03189968
1.03273170
1.03341675
1.03469038
1.03362278
1.03537528
1.03571189
1.03549282
1.03665798
1.03728542
1.03734180
1.03664639
1.03664639
1.03575042
1.03431551
1.03483713
1.03483713
1.03589643
1.03753032
1.03789571
1.03677273
1.03706248
1.03730034
1.03810296
1.03773524
1.03620385
1.03712478
1.03649652
1.03766765
1.03922366
1.03876292
1.03876292
1.03788186
1.04026880
1.04011206
1.04024014
1.03839339
1.03941684
1.03793285
1.03915400
1.03759252
1.03680879
1.03596610
1.03596610
1.03586607
1.03520318
1.03520619
1.03674943
1.03674943
1.03752092
1.03752092
1.03800754
1.03807363
1.03836722
1.03860146
1.03923435
1.03804358
1.03804358
1.03792890
1.03810184
1.03758299
1.03758299
1.03700004
1.03810863
1.03971713
1.04178981
1.03975003
1.03827210
1.03898957
1.03898957
1.03847137
1.03737212
1.03783998
1.03936537
1.03938477
1.03998403
1.04019794
1.04019794
1.03972781
1.04053804
1.03967157
1.04093736
1.03982598
1.04049575
1.03925613
1.03985432
1.03864185
1.03916233
1.03788596
1.03797036
1.03797036
1.03892873
1.03972741
1.03979566
1.03975306
1.03856714
1.03813966
1.03803098
1.03696972
1.03689595
1.03763240
1.03849060
1.04137878
1.04203082
1.04318943
1.04288318
1.04306088
1.04260061
1.04084119
1.04063364
1.04057827
1.03958851
1.03927061
1.04035075
1.03985330
1.03985330
1.03852772
1.03603897
1.03445045
1.03391322
1.03260599
1.03376630
1.03419894
1.03556105
1.03521716
1.03567167
1.03480122
1.03421595
1.03147350
1.03045376
1.02991244
1.03107517
1.03258767
1.03278741
1.03430875
1.03430875
1.03425287
1.03518050
1.03388037
1.03491551
1.03442616
1.03699025
1.03884992
1.03731714
1.03593028
1.03568997
1.03507082
1.03488192
1.03518612
1.03632043
1.03632043
1.03607132
1.03642716
1.03492496
1.03379907
1.03461223
1.03280567
1.03280567
1.03457529
1.03487365
1.03574138
1.03570259
1.03462141
1.03935371
1.03874528
1.03839389
1.03656470
1.03718589
1.03784130
1.03704163
1.03655421
1.03752551
1.03700461
1.03832893
1.03695000
1.03798805
1.03827558
1.03680150
1.03821851
1.03991795
1.03876084
1.03980878
1.04063693
1.04039228
1.04053648
1.04003986
1.04073253
1.04073253
1.04073253
1.03976338
1.04015143
1.04015143
1.04065808
1.04071433
1.04130496
1.04095022
1.03994967
1.03848581
1.03848581
1.03825987
1.03909153
1.03976886
1.03992953
1.04171820
1.03990663
1.04016835
1.04018431
1.04005379
1.04065506
1.04314567
1.04286060
1.04435779
1.04366887
1.04333056
1.04281034
1.04191175
1.04199471
1.04245439
1.04124304
1.03944470
1.03770128
1.03720671
1.03533903
1.03592891
1.03638682
1.03750861
1.03750861
1.03800035
1.03733354
1.03452615
1.03452615
1.03499835
1.03787409
1.03749887
1.03757007
1.03690887
1.03554084
1.03517952
1.03536873
1.03414938
1.03445623
1.03548011
1.03548011
1.03548011
1.03421131
1.03404280
1.03635647
1.03794676
1.03952738
1.04156855
1.03985683
1.04078496
1.03986240
1.03859153
1.03918867
1.04002663
1.03947377
1.04060274
1.04041644
1.04185653
1.04302934
1.04352608
1.04376160
1.04394317
1.04211409
1.04054242
1.04079148
1.04181455
1.04030815
1.04056767
1.04216765
1.04141802
1.04214195
1.04177869
1.04245434
1.04296199
1.04266532
1.04266532
1.04146295
1.04023564
1.03802629
1.03650705
1.03840129
1.03906032
1.04068210
1.04195958
1.04180034
1.04375929
1.04380065
1.04492384
1.04485306
1.04379508
1.04240970
1.04175211
1.04184028
1.04352625
1.04340973
1.04301318
1.04587357
1.04587357
1.04650290
1.04659574
1.04542459
1.04532235
1.04538043
1.04446220
1.04390922
1.04462925
1.04292009
1.04309987
1.04401260
1.04522022
1.04460107
1.04549393
1.04573754
1.04676972
1.04676972
1.04676972
1.04618022
1.04558328
1.04274385
1.04224229
1.04110480
1.04156146
1.04222846
1.04211763
1.03911746
1.04058932
1.04249182
1.04164932
1.04201318
1.04260027
1.04182162
1.04081154
1.04237203
1.04022106
1.04023629
1.04071815
1.03999254
1.03812683
1.03717016
1.03546533
1.03507327
1.03609060
1.03276774
1.03276774
1.03334257
1.03319131
1.03178783
1.03306386
1.03505680
1.03553383
1.03419662
1.03371019
1.03088763
1.03069585
1.02962383
1.02899799
1.02895369
1.02787953
1.02912314
1.03109825
1.02998510
1.03004983
1.02951849
1.03083651
1.03335625
1.03478805
1.03488385
1.03548133
1.03360351
1.03470773
1.03600925
1.03628008
1.03682199
1.03693653
1.03811280
1.03938082
1.04068334
1.04195962
1.04143400
1.04081840
1.04172282
1.04252681
1.04189826
1.04043791
1.03923529
1.03890643
1.03955111
1.03955111
1.03880218
1.04021490
1.03854231
1.03803452
1.03754206
1.03761227
1.03587885
1.03684208
1.03800032
1.03800032
1.03623046
1.03614311
1.03609445
1.03695862
1.03748882
1.03748882
1.03660640
1.03432468
1.03370954
1.03370954
1.03235266
1.03313680
1.03312898
1.03307159
1.03257469
1.03212387
1.03080289
1.03185222
1.03273673
1.03371774
1.03188124
1.03255157
1.03377850
1.03223364
1.03232653
1.03275895
1.03246234
1.03068418
1.03048157
1.02949836
1.02979390
1.03073334
1.03073334
1.02952639
1.02999254
1.03125675
1.03250690
1.03296165
1.03205082
1.03045613
1.03045613
1.02956269
1.02918743
1.03060810
1.03175019
1.03281908
1.03224603
1.03224603
1.03404863
1.03736995
1.03886201
1.04192279
1.04192279
1.04172051
1.04170244
1.04063878
1.03909064
1.03888951
1.03761233
1.03770209
1.03734579
1.03610752
1.03825508
1.03776267
1.03766895
1.03837831
1.03562822
1.03508101
1.03508101
1.03537753
1.03608416
1.03544593
1.03487992
1.03446369
1.03446369
1.03440633
1.03466091
1.03517679
1.03591070
1.03591070
1.03581907
1.03703718
1.03696842
1.03696842
1.03642796
1.03700961
1.03456535
1.03579435
1.03486386
1.03453727
1.03462249
1.03497957
1.03488201
1.03453076
1.03453076
1.03423639
1.03393562
1.03393562
1.03327755
1.03403639
1.03324863
1.03423450
1.03412693
1.03488021
1.03347082
1.03178158
1.03345639
1.03463758
1.03628264
1.03720049
1.03720049
1.03826482
1.03940776
1.03940776
1.03776747
1.03868808
1.03771545
1.03908261
1.03908261
1.03908261
1.03930437
1.03779559
1.03883231
1.03765876
1.03821690
1.03820299
1.03873407
1.03898288
1.03950397
1.04034565
1.03830974
1.04014763
1.04014763
1.04035956
1.03791107
1.03681833
1.03703934
1.03703934
1.03524667
1.03597552
1.03699671
1.03634646
1.03569172
1.03570848
1.03469807
1.03320603
1.03413074
1.03529629
1.03673065
1.03758098
1.03423673
1.03626894
1.03633838
1.03843069
1.03719656
1.03653836
1.03603779
1.03623913
1.03720091
1.03843741
1.03829720
1.04073714
1.04074266
1.04028326
1.04009711
1.04009711
1.04027011
1.04170666
1.03966002
1.03966002
1.04065212
1.04072019
1.04018440
1.03956818
1.03956818
1.03877496
1.04139987
1.04071558
1.04091858
1.04258603
1.04258603
1.04216322
1.04152921
1.04247206
1.04147102
1.04198169
1.04198169
1.04299137
1.04138666
1.04081040
1.03925763
1.03770584
1.03791467
1.03622412
1.03769700
1.03642107
1.03806975
1.03812346
1.03699886
1.03796045
1.03710965
1.03730419
1.03979185
1.03677936
1.03684967
1.03785782
1.03701223
1.03804009
1.03741014
1.03688147
1.03798610
1.03779172
1.03812664
1.03726496
1.03789695
1.03798871
1.03934110
1.04028826
1.04044208
1.04252545
1.04072833
1.03920699
1.03920699
1.03920699
1.03637308
1.03618101
1.03886886
1.04062816
1.03970894
1.03915917
1.03937040
1.03834359
1.03801250
1.03644542
1.03741297
1.03732332
1.03672452
1.03556952
1.03446917
1.03446917
1.03419917
1.03419917
1.03428171
1.03486096
1.03554290
1.03735433
1.03582965
1.03576951
1.03551626
1.03422976
1.03446077
1.03593498
1.03544880
1.03688417
1.03732245
1.03712121
1.03763986
1.03729643
1.03833916
1.03640505
1.03706309
1.03550923
1.03397661
1.03614193
1.03491913
1.03522618
1.03531359
1.03531359
1.03667199
1.03667199
1.03563230
1.03803051
1.03832939
1.03825900
1.03665410
1.03525485
1.03797441
1.03710201
1.03698441
1.03792528
1.03491767
1.03393542
1.03453856
1.03453856
1.03607122
1.03527269
1.03548088
1.03413593
1.03374646
1.03270190
1.03450063
1.03430651
1.03584767
1.03560587
1.03749503
1.03741134
1.03798123
1.03694701
1.03663708
1.03794178
1.03794178
1.03791182
1.03728383
1.03833220
1.03792952
1.03929232
1.03929232
1.03958606
1.03961527
1.04105141
1.04045565
1.03957453
1.03853335
1.03769606
1.03749861
1.03759426
1.03866054
1.03813296
1.03807076
1.03674604
1.03807708
1.03903433
1.03903433
1.04071193
1.04148304
1.03906129
1.03874891
1.03874891
1.03874891
1.04024593
1.04130917
1.04053979
1.04001296
1.03918309
1.03973174
1.03951999
1.03879165
1.03860662
1.03906275
1.03916545
1.04152526
1.03888862
1.03872385
1.03789575
1.03890291
1.04017063
1.03936885
1.03907850
1.03750571
1.03916070
1.03691995
1.03911800
1.03839937
1.03657931
1.03646543
1.03503614
1.03491628
1.03628660
1.03597981
1.03432226
1.03524143
1.03527333
1.03633527
1.03703068
1.03702385
1.03597429
1.03659887
1.03511356
1.03620032
1.03757067
1.03681191
1.03645825
1.03571945
1.03478419
1.03627192
1.03703783
1.03703783
1.03670074
1.03642228
1.03512775
1.03433976
1.03549785
1.03537093
1.03818460
1.03835194
1.04070404
1.04033439
1.04149108
1.04241045
1.04135719
1.03941090
1.03918717
1.03728483
1.03787705
1.03732510
1.03584525
1.03584525
1.03709962
1.03709962
1.03706269
1.03794900
1.03780020
1.03745691
1.03725074
1.03934566
1.04021443
1.04143516
1.04129766
1.04245373
1.04058188
1.04021425
1.03992206
1.04015988
1.04048252
1.04023334
1.03881751
1.03746834
1.03639154
1.03690163
1.03631026
1.03887352
1.03809070
1.03809070
1.03701708
1.03453756
1.03321643
1.03362261
1.03245698
1.03170858
1.03258100
1.03045254
1.03090923
1.03048367
1.02995186
1.03175261
1.03519806
1.03504119
1.03412356
1.03412356
1.03497307
1.03608399
1.03554029
1.03532167
1.03603772
1.03548449
1.03480227
1.03544902
1.03698116
1.03570284
1.03590635
1.03593002
1.03862691
1.03918902
1.03714105
1.03838779
1.03838779
1.03631797
1.03792543
1.03680772
1.03662775
1.03720556
1.03879376
1.03989455
1.04033127
1.03894064
1.03894064
1.04037453
1.03965049
1.04056667
1.04035712
1.04035712
1.03972225
1.03865721
1.03887856
1.03835136
1.03835136
1.03762098
1.03888393
1.03841578
1.03884954
1.04125242
1.04078716
1.04020827
1.04098346
1.03958487
1.04049562
1.04067210
1.04084104
1.04388852
1.04445338
1.04369507
1.04223761
1.04113234
1.04183357
1.04113136
1.04254094
1.03943348
1.03916630
1.03869514
1.03760734
1.04002817
1.04080399
1.04080779
1.04063233
1.04063233
1.04063233
1.04021710
1.03809017
1.03818208
1.03536372
1.03404987
1.03287966
1.03374020
1.03547890
1.03655666
1.03517902
1.03471563
1.03339149
1.03364768
1.03393493
1.03448674
1.03449173
1.03487586
1.03222210
1.03139472
1.03184044
1.03510173
1.03537591
1.03459384
1.03367643
1.03352137
1.03567535
1.03622649
1.03622649
1.03602525
1.03535788
1.03472581
1.03372447
1.03368210
1.03518385
1.03465489
1.03332868
1.03497678
1.03386240
1.03376817
1.03185052
1.02950543
1.02835814
1.02739330
1.02882933
1.02802202
1.03025673
1.03036697
1.03065315
1.03124891
1.03500475
1.03636515
1.03603037
1.03603037
1.03618237
1.03469695
1.03528755
1.03623758
1.03690424
1.03741141
1.03923219
1.03823810
1.03713981
1.03546792
1.03521507
1.03667133
1.03459020
1.03516908
1.03543097
1.03550876
1.03447490
1.03266139
1.03338136
1.03519448
1.03515664
1.03679967
1.03623495
1.03584703
1.03584703
1.03552316
1.03621561
1.03828741
1.03702861
1.03662630
1.03514154
1.03578157
1.03691728
1.03702164
1.03793828
1.03740199
1.03894255
1.03585480
1.03615914
1.03673171
1.03553614
1.03435695
1.03432657
1.03558037
1.03500500
1.03460431
1.03460431
1.03613833
1.03489843
1.03480170
1.03513875
1.03201499
1.03226261
1.03418539
1.03368461
1.03535216
1.03448863
1.03509830
1.03397408
1.03375663
1.03502944
1.03419056
1.03471502
1.03530310
1.03693981
1.03677058
1.03916986
1.03820806
1.03908046
1.03888502
1.03873109
1.03790034
1.03800467
1.03708939
1.03641535
1.03567756
1.03710529
1.03494225
1.03631799
1.03743254
1.03693472
1.03898340
1.03753744
1.03745296
1.03454762
1.03546688
1.03588457
1.03522320
1.03534589
1.03709844
1.03627240
1.03923117
1.03840835
1.03963286
1.04006804
1.03890265
1.03882955
1.03696093
1.03741324
1.03526211
1.03435612
1.03168575
1.03095999
1.03190972
1.03295998
1.03295998
1.03291170
1.03590199
1.03605028
1.03556066
1.03556271
1.03522132
1.03423169
1.03333652
1.03346342
1.03428498
1.03297151
1.03341782
1.03373201
1.03438740
1.03547246
1.03559405
1.03528405
1.03583249
1.03430401
1.03349797
1.03343970
1.03319983
1.03357865
1.03515249
1.03524489
1.03582372
1.03620090
1.03509999
1.03399522
1.03571655
1.03571655
1.03738770
1.03593100
1.03503803
1.03747929
1.03679571
1.03616901
1.03660300
1.03441832
1.03389714
1.03588221
1.03597825
1.03886948
1.04032247
1.04071645
1.03903041
1.03968448
1.03898310
1.04048393
1.03985692
1.03850312
1.03641846
1.03694060
1.03707207
1.03694064
1.03791444
1.03719939
1.03588315
1.03699538
1.03713160
1.03597083
1.03467680
1.03524196
1.03644240
1.03629928
1.03833422
1.03969088
1.04081692
1.03906394
1.03996131
1.03869816
1.03829449
1.03781844
1.03830228
1.03839590
1.03886272
1.03891094
1.03956711
1.03785408
1.03785408
1.03846239
1.03999516
1.04058169
1.03955132
1.03866966
1.03897236
1.04027089
1.03955819
1.03955819
1.03914600
1.04025322
1.04089998
1.03982395
1.03820261
1.03605283
1.03653468
1.03881577
1.03941346
1.03834852
1.03737747
1.03847303
1.03765003
1.03845966
1.03836268
1.03861454
1.03829502
1.03956145
1.03830233
1.03780603
1.03867806
1.03872950
1.03923330
1.04176507
1.04252063
1.04299665
1.04095894
1.04067939
1.04012283
1.04121399
1.03983257
1.03940843
1.03728366
1.03644693
1.03663193
1.03775055
1.03741238
1.03597838
1.03614324
1.03840384
1.03853272
1.03907908
1.03886909
1.03810260
1.03756125
1.03668862
1.03565093
1.03576570
1.03714856
1.03711701
1.03489177
1.03372740
1.03178035
1.03251295
1.03126007
1.03087683
1.03238041
1.03113470
1.03232047
1.03269383
1.03395084
1.03714014
1.03714014
1.03533892
1.03675331
1.03629332
1.03511026
1.03404865
1.03402386
1.03318784
1.03400547
1.03400830
1.03504052
1.03625362
1.03607321
1.03607321
1.03626467
1.03626467
1.03656740
1.03656740
1.03675393
1.03662246
1.03731833
1.03710214
1.03673522
1.03673522
1.03784313
1.03893346
1.03937601
1.03806320
1.03930103
1.03982640
1.03982640
1.04121664
1.04096346
1.04324243
1.04324243
1.04219144
1.04162632
1.04019855
1.04139071
1.04024613
1.03813995
1.03890982
1.03892758
1.03880030
1.03898127
1.04007037
1.04076404
1.04076404
1.03872958
1.03722144
1.03850746
1.03824630
1.03658438
1.03520915
1.03417853
1.03357263
1.03354240
1.03401284
1.03515391
1.03373493
1.03362278
1.03538899
1.03472162
1.03455433
1.03474567
1.03474567
1.03546747
1.03658200
1.03810996
1.03679327
1.03907097
1.03820921
1.03755586
1.03714823
1.03589730
1.03398731
1.03582181
1.03630512
1.03630512
1.03513080
1.03477189
1.03331724
1.03218508
1.03308170
1.03366967
1.03462735
1.03459836
1.03547494
1.03697661
1.03676311
1.03613924
1.03607239
1.03604672
1.03690947
1.03776945
1.03701584
1.03579494
1.03742572
1.03749387
1.03969470
1.03993492
1.03954029
1.03809726
1.03627518
1.03609398
1.03519476
1.03612808
1.03726015
1.03756008
1.03861381
1.03861381
1.03854859
1.03639725
1.03603807
1.03580853
1.03429806
1.03439879
1.03481869
1.03491347
1.03560592
1.03613054
1.03613054
1.03614964
1.03607495
1.03609210
1.03326642
1.03415172
1.03562498
1.03328143
1.03334077
1.03227185
1.03227185
1.03316314
1.03402366
1.03335941
1.03335941
1.03366770
1.03404920
1.03262713
1.03453139
1.03331063
1.03457726
1.03493399
1.03409562
1.03582729
1.03592279
1.03698856
1.03440483
1.03353481
1.03422729
1.03344546
1.03275735
1.03393993
1.03525668
1.03490743
1.03351139
1.03284477
1.03341247
1.03219235
1.03100092
1.03228256
1.03326596
1.03354997
1.03638586
1.03696877
1.03709155
1.03581827
1.03481849
1.03366010
1.03222097
1.03321885
1.03411088
1.03411088
1.03408397
1.03338643
1.03396485
1.03275882
1.03053536
1.02995554
1.02995554
1.03048227
1.03297622
1.03346814
1.03346814
1.03230489
1.03353049
1.03239586
1.03223448
1.03143938
1.03169996
1.03273890
1.03140698
1.03188026
1.03148489
1.03340410
1.03413454
1.03501474
1.03461300
1.03476812
1.03502856
1.03629817
1.03844068
1.03689784
1.03689784
1.03705790
1.03638568
1.03443163
1.03443163
1.03434304
1.03517261
1.03770026
1.03770026
1.03777772
1.03756369
1.03510432
1.03560336
1.03657902
1.03813455
1.03722143
1.03877639
1.03736689
1.03857442
1.03696125
1.03737421
1.03524670
1.03604213
1.03873396
1.03885297
1.03859798
1.03756121
1.03947803
1.03818527
1.03837598
1.03778830
1.03718003
1.03781407
1.03591979
1.03630252
1.03603165
1.03706038
1.03871163
1.03871163
1.03960217
1.03950123
1.03905992
1.03734334
1.03531784
1.03587439
1.03555396
1.03691867
1.03743217
1.03721508
1.03721508
1.03686750
1.03642933
1.03722489
1.03722489
1.03858282
1.03895682
1.03830845
1.03812686
1.03761624
1.03902903
1.04007767
1.03905127
1.03883678
1.04116009
1.04021594
1.03908162
1.03691971
1.03691971
1.03460275
1.03459493
1.03430578
1.03565890
1.03764419
1.03721904
1.03894572
1.04000132
1.04128624
1.04218865
1.04141163
1.04173713
1.04197660
1.04172200
1.04144135
1.04285726
1.04269803
1.04182265
1.04237462
1.04173996
1.04153513
1.04005008
1.03922114
1.03903548
1.03919562
1.03812135
1.03667196
1.03618489
1.03603378
1.03542571
1.03728738
1.03840692
1.03840692
1.03649565
1.03663122
1.03703396
1.03730614
1.03730614
1.03730614
1.03941715
1.03898893
1.03931368
1.03773163
1.03773163
1.03635504
1.03635504
1.03635504
1.03688006
1.03614058
1.03614058
1.03728453
1.03749696
1.03565610
1.03542920
1.03681544
1.03861729
1.03882920
1.03898932
1.03874336
1.03794450
1.03764879
1.03764260
1.03729471
1.03608120
1.03693275
1.03596706
1.03655619
1.03813344
1.03849774
1.03820119
1.03549083
1.03416600
1.03440466
1.03573485
1.03633223
1.03633223
1.03716891
1.03850174
1.03847531
1.03897373
1.03895499
1.03881728
1.03873336
1.03906978
1.03840335
1.03704745
1.03576464
1.03576464
1.03635455
1.03685931
1.03587236
1.03587236
1.03587236
1.03617270
1.03600322
1.03457793
1.03417532
1.03436786
1.03367552
1.03450025
1.03566446
1.03640252
1.03570489
1.03609995
1.03699566
1.03806091
1.04022829
1.03971958
1.03971958
1.04003086
1.04084887
1.04022675
1.04041884
1.04089845
1.03979967
1.03926339
1.03855946
1.03949057
1.03949057
1.04038876
1.04092239
1.03933363
1.03981893
1.03869795
1.03941453
1.03989886
1.03926483
1.03884172
1.03928315
1.04100184
1.04129740
1.03939345
1.03845722
1.03777373
1.03608439
1.03490683
1.03575023
1.03525933
1.03638685
1.03563213
1.03690020
1.03452555
1.03398763
1.03283945
1.03283945
1.03281336
1.03311874
1.03437104
1.03476133
1.03396240
1.03404578
1.03480234
1.03480234
1.03351664
1.03448727
1.03398187
1.03338231
1.03249173
1.03347753
1.03336402
1.03192546
1.03375743
1.03424626
1.03468975
1.03468975
1.03648581
1.03654141
1.03743974
1.03783148
1.03745884
1.03618808
1.03631905
1.03665698
1.03434290
1.03434290
1.03431997
1.03431997
1.03646690
1.03654073
1.03454771
1.03495646
1.03386632
1.03543451
1.03531160
1.03372000
1.03369817
1.03364837
1.03364837
1.03505323
1.03357905
1.03287460
1.03445786
1.03397005
1.03308469
1.03164598
1.03164598
1.03238570
1.03357208
1.03313451
1.03439295
1.03557510
1.03664428
1.03668648
1.03769725
1.03880560
1.03765760
1.03544896
1.03602136
1.03710956
1.03789888
1.03986707
1.03986707
1.03997472
1.03866875
1.03872324
1.04016141
1.03930104
1.03876900
1.03934073
1.03840083
1.03818765
1.03818765
1.03853872
1.03659583
1.03683560
1.03641717
1.03703213
1.03643267
1.03750049
1.03595224
1.03784719
1.03538596
1.03538596
1.03610135
1.03566177
1.03736289
1.03882678
1.03766268
1.03905184
1.03905184
1.03695817
1.03899154
1.03958573
1.04024246
1.03979750
1.03881517
1.03765845
1.03760684
1.03653974
1.03539457
1.03433516
1.03617362
1.03617362
1.03608393
1.03717394
1.03877085
1.03842430
1.03790156
1.03844070
1.04100243
1.04048035
1.03934713
1.03601146
1.03830291
1.03752386
1.03535004
1.03480006
1.03509148
1.03401092
1.03356561
1.03346936
1.03477669
1.03401996
1.03398217
1.03633647
1.03628933
1.03543561
1.03656475
1.03666052
1.03548763
1.03515588
1.03499641
1.03557418
1.03549874
1.03549018
1.03570784
1.03622350
1.03608441
1.03484768
1.03235799
1.03279431
1.03456304
1.03576133
1.03576133
1.03666465
1.03783352
1.03685215
1.03555250
1.03536896
1.03453642
1.03376510
1.03478556
1.03478556
1.03489753
1.03231102
1.03338564
1.03169835
1.03165749
1.03122888
1.03156967
1.03315182
1.03295762
1.03310621
1.03156388
1.03223091
1.03341221
1.03433244
1.03277570
1.03297248
1.03333746
1.03404202
1.03586997
1.03709942
1.03962279
1.03997825
1.03978854
1.03889839
1.04061389
1.03952543
1.03845407
1.04070907
1.04224681
1.04163628
1.04300780
1.04387219
1.04271364
1.04180474
1.04255767
1.04418454
1.04175295
1.03931011
1.03738784
1.03626005
1.03541990
1.03678330
1.03601706
1.03647056
1.03506498
1.03561810
1.03543516
1.03476728
1.03665528
1.03794272
1.03888497
1.03888497
1.03975543
1.03962212
1.03744479
1.03744479
1.03578703
1.03657926
1.03632766
1.03632766
1.03688712
1.03578073
1.03835975
1.03696016
1.03760689
1.03760689
1.03798491
1.03800051
1.03754779
1.03593224
1.03589043
1.03495222
1.03490388
1.03490388
1.03245244
1.03312248
1.03386637
1.03360060
1.03494448
1.03585753
1.03452494
1.03466163
1.03410039
1.03502493
1.03767629
1.03736256
1.03819925
1.03760133
1.03818672
1.03796377
1.03743354
1.03828694
1.03933381
1.03838512
1.03724073
1.03618077
1.03785860
1.03836634
1.03961289
1.03984757
1.04077571
1.04025757
1.04004867
1.03920027
1.03789855
1.03581023
1.03597076
1.03746237
1.03775453
1.03611098
1.03627282
1.03679172
1.03610821
1.03894669
1.03971597
1.04039570
1.04077917
1.03940078
1.03999834
1.03841809
1.03821563
1.03522270
1.03674217
1.03674856
1.03705743
1.03804652
1.03952344
1.03652655
1.03652655
1.03691710
1.03829277
1.03606730
1.03610888
1.03414214
1.03480183
1.03647866
1.03663427
1.03687617
1.03704851
1.03591870
1.03522219
1.03562747
1.03630321
1.03629531
1.03714404
1.03714404
1.03827269
1.03979205
1.03974233
1.03864592
1.03878389
1.03691785
1.03482149
1.03468557
1.03582938
1.03648515
1.03832031
1.03880199
1.03792068
1.03796640
1.03789793
1.03776869
1.03669227
1.03805117
1.03779271
1.03852917
1.04035378
1.04146952
1.04283336
1.04422694
1.04364740
1.04316362
1.04316362
1.04349571
1.04305860
1.04305860
1.04202793
1.04182000
1.04100936
1.04013054
1.03900310
1.03902184
1.03970521
1.03925892
1.03720248
1.03941580
1.03968559
1.03830728
1.03764942
1.03834220
1.03890446
1.04020304
1.03872493
1.03600785
1.03585476
1.03796842
1.03775076
1.03732815
1.03607575
1.03666745
1.03748179
1.03770920
1.03806190
1.03697816
1.03577973
1.03616738
1.03665816
1.03569203
1.03558379
1.03599932
1.03705228
1.03625437
1.03537259
1.03698224
1.03860795
1.03730944
1.03585798
1.03651409
1.03651409
1.03515894
1.03523514
1.03409734
1.03560682
1.03612532
1.03719647
1.03754983
1.03687177
1.03812806
1.03726128
1.03542841
1.03745902
1.03705592
1.03705592
1.03644049
1.03740076
1.03676137
1.03581295
1.03523795
1.03523795
1.03641213
1.03659685
1.03862721
1.04011326
1.03712842
1.03984489
1.04162933
1.04235613
1.04197755
1.04229732
1.04340674
1.04340674
1.04462165
1.04363501
1.04236953
1.04355809
1.04349491
1.04188870
1.04082284
1.03876806
1.03855514
1.03888839
1.04205984
1.04046122
1.04226423
1.04299281
1.04320175
1.04233591
1.04188311
1.04274188
1.04338020
1.04261191
1.04297164
1.04190989
1.04135470
1.03932832
1.04009394
1.04009394
1.03862255
1.03739112
1.03875451
1.03866077
1.03896596
1.03873281
1.03970683
1.03995492
1.03923845
1.03839929
1.03917866
1.03917866
1.03917866
1.03643872
1.03639235
1.03639235
1.03835379
1.03698018
1.03837745
1.03812202
1.03801248
1.03823986
1.03836619
1.03583191
1.03597587
1.03564783
1.03729509
1.03794002
1.03836010
1.03865727
1.03809006
1.04008427
1.04089562
1.04134435
1.04103531
1.04191810
1.04062692
1.04062692
1.04040200
1.04032269
1.04156482
1.04156482
1.03999355
1.04079572
1.03929945
1.03963274
1.03850406
1.03770842
1.03847276
1.03823174
1.03859700
1.03855268
1.03846198
1.03820223
1.03791521
1.03800273
1.03774669
1.03735495
1.03841456
1.03844917
1.03872062
1.03906660
1.03897616
1.04047805
1.03871452
1.03987269
1.04070433
1.04035676
1.04097372
1.04097372
1.04250650
1.04133023
1.04120521
1.03955645
1.04136835
1.03986527
1.03902413
1.03959560
1.03926290
1.03966843
1.04129968
1.04087709
1.04194191
1.04087450
1.04066813
1.04249071
1.03986514
1.03986514
1.04079536
1.04307147
1.04068451
1.04076243
1.03943390
1.04091587
1.04280209
1.04327882
1.04313929
1.04317608
1.04322621
1.04296017
1.04146850
1.03933670
1.04060596
1.04060596
1.03961914
1.03807986
1.03807986
1.03722945
1.03748322
1.03761218
1.03820769
1.03893244
1.03810133
1.04033471
1.04017303
1.03988047
1.03857539
1.03876552
1.03826764
1.04030090
1.03869238
1.03808887
1.03807076
1.03615898
1.03753957
1.03731779
1.03736308
1.03783585
1.03812917
1.03694453
1.03465532
1.03585249
1.03694888
1.03315099
1.03399312
1.03464651
1.03588196
1.03588196
1.03672609
1.03481488
1.03345761
1.03307429
1.03269956
1.03297782
1.03189329
1.03219656
1.03296194
1.03334766
1.03334766
1.03512350
1.03532070
1.03411722
1.03411722
1.03426938
1.03459351
1.03644832
1.03530957
1.03570206
1.03718051
1.03582572
1.03539032
1.03629284
1.03751982
1.03807705
1.03721231
1.03696744
1.03537880
1.03537880
1.03685675
1.03715906
1.03844874
1.03852032
1.03865562
1.03892058
1.03782292
1.03654453
1.03654453
1.03559660
1.03568506
1.03672871
1.03678774
1.03696066
1.03802491
1.03817854
1.03830728
1.03864558
1.03602479
1.03535177
1.03621240
1.03560183
1.03598077
1.03484894
1.03269863
1.03555796
1.03584075
1.03514314
1.03343352
1.03195208
1.03056876
1.02952511
1.03041071
1.03128008
1.03128008
1.03349494
1.03329667
1.03170042
1.03122136
1.03263609
1.03411864
1.03428074
1.03484483
1.03566837
1.03376212
1.03409907
1.03410480
1.03554557
1.03613314
1.03804996
1.03653632
1.03468277
1.03583241
1.03449206
1.03543759
1.03432545
1.03336911
1.03229565
1.03303844
1.03380544
1.03286526
1.03089868
1.03240713
1.03374541
1.03337292
1.03487332
1.03522790
1.03481376
1.03532396
1.03532396
1.03572717
1.03740550
1.03674422
1.03607010
1.03405670
1.03525825
1.03513656
1.03623433
1.03595303
1.03716737
1.03532206
1.03648193
1.03631142
1.03766577
1.03801978
1.03809092
1.03793713
1.03904252
1.03922039
1.03928181
1.03891207
1.03835142
1.03900665
1.03900665
1.03947351
1.03989047
1.03847735
1.03900868
1.04004217
1.04033429
1.03875049
1.03780790
1.03883212
1.04034633
1.03905946
1.03909104
1.03830532
1.03568460
1.03503942
1.03509042
1.03457493
1.03337479
1.03277766
1.03308743
1.03278415
1.03330179
1.03454603
1.03463939
1.03522488
1.03767346
1.03736100
1.03676624
1.03502798
1.03375215
1.03309097
1.03299972
1.03348585
1.03263180
1.03263186
1.03367071
1.03516227
1.03614839
1.03531771
1.03540716
1.03796239
1.03844437
1.03701962
1.03843275
1.04045773
1.03954613
1.03829883
1.03776511
1.03714273
1.03714273
1.03785230
1.03849035
1.03771675
1.03771675
1.03709687
1.03869007
1.03963271
1.03822550
1.03836383
1.03765976
1.03782126
1.03797053
1.03733966
1.03731531
1.03776558
1.03783901
1.03836601
1.03733319
1.03746047
1.03712099
1.03742727
1.03790623
1.03922269
1.04109944
1.04289294
1.04110077
1.04041480
1.04090438
1.04016560
1.04149714
1.04184345
1.04049852
1.04049852
1.04005940
1.03967402
1.03882992
1.03900388
1.04001565
1.04012507
1.04012507
1.03972739
1.04210988
1.04127071
1.03940495
1.03855287
1.03952105
1.04030430
1.03841139
1.03868280
1.03683351
1.03588950
1.03896333
1.03986306
1.03836341
1.03910911
1.03954440
1.03967256
1.03870040
1.03860608
1.03808286
1.03707923
1.03994056
1.03779298
1.03747386
1.03747386
1.03885533
1.03861511
1.03857031
1.03743741
1.03784295
1.03803159
1.03632969
1.03605939
1.03597235
1.03800305
1.03736141
1.03830189
1.03888857
1.03780915
1.03952898
1.04055658
1.03980774
1.03998449
1.03918522
1.03798818
1.03798818
1.03710246
1.03700729
1.03797456
1.03852939
1.03683135
1.03625569
1.03625569
1.03603588
1.03729307
1.03833125
1.03738881
1.03702719
1.03769463
1.03804303
1.03710422
1.03622836
1.03752304
1.03845889
1.03845889
1.03678663
1.03819804
1.03843747
1.03895697
1.04009543
1.03923260
1.03859351
1.03874412
1.03874412
1.03707186
1.03827314
1.03877762
1.03739541
1.03757993
1.03757993
1.03714712
1.03687084
1.03881482
1.03732879
1.03486517
1.03496193
1.03572285
1.03572285
1.03465333
1.03586136
1.03651168
1.03643279
1.03777577
1.03752348
1.03755630
1.03793798
1.03748597
1.03762546
1.03762546
1.03892594
1.03991477
1.03895484
1.03757027
1.03869539
1.04007643
1.03888112
1.03918877
1.04179608
1.04147229
1.04036039
1.04210986
1.04141395
1.03978727
1.03961939
1.03829724
1.03797835
1.03809816
1.03907120
1.04004761
1.03749587
1.03696624
1.03677788
1.03752224
1.03684173
1.03899047
1.03977008
1.03984597
1.03805255
1.03678182
1.03577891
1.03817317
1.03828233
1.03714558
1.03811504
1.03887671
1.03898310
1.03796107
1.03491061
1.03479989
1.03487087
1.03666164
1.03870410
1.03992774
1.03963478
1.03955066
1.03788994
1.04008430
1.03951467
1.03975710
1.03895572
1.03835701
1.03877936
1.03690081
1.03551767
1.03671448
1.03622932
1.03470164
1.03483489
1.03405749
1.03438058
1.03231257
1.03558877
1.03536438
1.03633407
1.03633407
1.03784663
1.03926826
1.03808346
1.03553620
1.03521939
1.03477010
1.03543146
1.03512932
1.03393387
1.03505941
1.03605213
1.03731911
1.03731911
1.03942518
1.04038439
1.04035865
1.04026488
1.04008572
1.04054597
1.04086294
1.03924842
1.03928419
1.03975041
1.03944931
1.04107956
1.03939093
1.03894294
1.03729225
1.03600801
1.03562246
1.03562246
1.03459730
1.03486014
1.03481207
1.03432084
1.03542735
1.03552323
1.03669616
1.03669616
1.03742105
1.03639678
1.03757438
1.03885616
1.03959334
1.04095310
1.03780553
1.03739309
1.03825814
1.04042815
1.04147803
1.04015112
1.03877606
1.04018232
1.03922414
1.03792272
1.03891959
1.03981082
1.03975272
1.03930106
1.04071140
1.04052437
1.04206166
1.04105109
1.04217001
1.04237995
1.04268486
1.04279884
1.04131823
1.04219509
1.03984827
1.04057867
1.04160196
1.04201026
1.04150127
1.04092778
1.04197086
1.04290648
1.04275396
1.04155023
1.04053017
1.03973996
1.03944189
1.03987733
1.04013551
1.03950509
1.04109945
1.04091559
1.04051915
1.04013734
1.03962962
1.03906552
1.03715756
1.03641100
1.03640788
1.03822474
1.03793723
1.03674447
1.03581398
1.03581398
1.03527892
1.03623270
1.03513212
1.03340313
1.03509056
1.03265034
1.03240800
1.03153917
1.03266780
1.03445154
1.03445154
1.03461911
1.03639828
1.03421367
1.03542338
1.03542338
1.03399574
1.03517643
1.03351158
1.03429161
1.03421867
1.03433017
1.03468889
1.03513381
1.03469791
1.03591545
1.03563466
1.03671850
1.03799256
1.03850263
1.03827712
1.03898149
1.03894997
1.03767779
1.03757883
1.03735266
1.03745474
1.03780801
1.03710477
1.03627270
1.03436734
1.03483577
1.03559283
1.03559283
1.03605624
1.03657776
1.03551632
1.03621503
1.03504552
1.03548945
1.03631783
1.03562925
1.03457481
1.03587113
1.03564707
1.03545602
1.03323449
1.03323449
1.03457384
1.03397298
1.03555850
1.03558661
1.03483073
1.03637561
1.03683926
1.03592455
1.03417143
1.03666275
1.03712400
1.03714129
1.03700016
1.03750037
1.03590314
1.03726410
1.03724056
1.03854599
1.03945520
1.03838202
1.03760646
1.03815288
1.03747101
1.03687067
1.03535185
1.03535185
1.03606542
1.03421567
1.03502889
1.03530543
1.03420266
1.03611534
1.03638023
1.03507974
1.03330211
1.03374603
1.03374603
1.03263225
1.03200618
1.03335950
1.03372602
1.03396930
1.03420902
1.03420341
1.03498117
1.03506540
1.03548659
1.03736967
1.03724924
1.03794292
1.03794292
1.03522970
1.03344386
1.03320532
1.03320532
1.03304889
1.03289458
1.03443197
1.03421208
1.03281229
1.03416526
1.03306446
1.03306446
1.03368948
1.03399921
1.03233186
1.03299243
1.03225410
1.03306221
1.03236073
1.03419200
1.03476292
1.03329146
1.03292883
1.03097204
1.03205253
1.03227445
1.03370861
1.03437450
1.03603800
1.03601111
1.03568303
1.03592067
1.03550905
1.03633667
1.03815327
1.03688129
1.03646031
1.03314280
1.03240329
1.03380552
1.03654215
1.03528247
1.03817905
1.03776939
1.03941947
1.03889153
1.03767463
1.03766305
1.03483245
1.03534618
1.03697840
1.03508361
1.03569791
1.03428163
1.03390775
1.03408504
1.03407251
1.03292847
1.03224808
1.03227345
1.03193942
1.03217413
1.03430926
1.03418053
1.03380626
1.03467791
1.03601500
1.03366366
1.03366366
1.03183089
1.03141854
1.03201149
1.03214074
1.03363513
1.03381857
1.03628267
1.03779072
1.03797442
1.03469808
1.03665251
1.03670356
1.03555087
1.03572289
1.03741753
1.03955633
1.03746018
1.03798203
1.03919119
1.03773944
1.03999199
1.04038187
1.03878613
1.03969238
1.03926917
1.03764062
1.03935697
1.03935697
1.03880584
1.03883193
1.03604104
1.03717702
1.03698005
1.03755382
1.03593835
1.03728890
1.03843490
1.03729082
1.03754043
1.03750841
1.03750841
1.03686227
1.03628279
1.03650976
1.03650976
1.03513667
1.03432530
1.03306617
1.03332083
1.03416616
1.03457984
1.03685983
1.03821291
1.03884502
1.03833948
1.03905202
1.03787315
1.03832317
1.03832317
1.03967125
1.04037771
1.04037771
1.04022771
1.04156081
1.04145969
1.03936827
1.04035985
1.04035985
1.04058865
1.03966724
1.04035727
1.03899047
1.04017160
1.04103174
1.04103174
1.04012052
1.03973992
1.03854309
1.03871357
1.03929003
1.03887700
1.03838701
1.03838701
1.03750746
1.03684072
1.03616384
1.03657563
1.03365523
1.03272680
1.03242529
1.03366025
1.03268315
1.03204258
1.03106254
1.03397413
1.03595886
1.03569562
1.03572388
1.03770519
1.03758419
1.03696786
1.03706369
1.03567466
1.03730595
1.03893822
1.03865468
1.03672039
1.03734161
1.03734161
1.03720168
1.03571036
1.03612564
1.03565595
1.03606563
1.03455722
1.03436044
1.03328653
1.03276949
1.03555781
1.03504476
1.03473171
1.03434092
1.03471405
1.03579209
1.03579209
1.03523490
1.03421276
1.03421276
1.03514158
1.03744021
1.03817670
1.03945320
1.03840637
1.03942123
1.04083417
1.04104882
1.04053640
1.04053640
1.04080023
1.04080023
1.04266241
1.04350376
1.04286232
1.04219567
1.04492045
1.04559001
1.04423402
1.04236232
1.04280392
1.04240357
1.04075449
1.03978821
1.04105663
1.04039231
1.03902460
1.04002004
1.03827829
1.03827829
1.04023702
1.03966311
1.04032163
1.03980895
1.03878997
1.03875249
1.03925647
1.03941973
1.03857289
1.03818307
1.03761491
1.03609954
1.03629751
1.03663217
1.03636769
1.03651819
1.03622591
1.03851017
1.03726860
1.03835894
1.03790163
1.03607632
1.03677190
1.03633785
1.03664394
1.03653732
1.03451121
1.03619580
1.03425225
1.03563631
1.03586186
1.03586186
1.03727316
1.03791193
1.03791193
1.04037472
1.04037472
1.03995945
1.04054891
1.04190991
1.04178291
1.04222296
1.04129667
1.04272411
1.04287431
1.04281599
1.04170061
1.03973083
1.04026030
1.04082222
1.04011045
1.04011045
1.04140551
1.03919161
1.03981439
1.03921090
1.03921985
1.04079695
1.04121600
1.04121600
1.04279009
1.04199112
1.04168473
1.04312995
1.04292396
1.04385651
1.04279646
1.04304947
1.04238075
1.04291581
1.04105062
1.03935383
1.03935383
1.03802472
1.03802472
1.03662606
1.03573066
1.03532726
1.03581310
1.03550278
1.03647813
1.03577971
1.03547774
1.03669016
1.03762339
1.03744476
1.03744476
1.03959740
1.04100630
1.04100630
1.04097550
1.03989123
1.03936108
1.03969010
1.03878323
1.03830596
1.03962958
1.03970471
1.03998062
1.03967832
1.03903927
1.03909022
1.03911136
1.03766888
1.03785054
1.03524909
1.03641215
1.03577851
1.03427952
1.03314716
1.03267752
1.03429496
1.03290103
1.03207360
1.03150295
1.03119957
1.03385190
1.03397094
1.03496362
1.03510591
1.03486772
1.03506116
1.03501365
1.03417380
1.03514188
1.03590734
1.03393355
1.03329570
1.03411425
1.03492610
1.03680000
1.03969972
1.04109152
1.03919929
1.03919929
1.03924854
1.03822376
1.03628121
1.03568120
1.03399395
1.03399395
1.03302404
1.03262615
1.03353769
1.03404831
1.03402280
1.03461607
1.03292102
1.03371240
1.03694590
1.03781381
1.03890865
1.03628043
1.03628043
1.03586242
1.03709008
1.03598182
1.03728521
1.03712816
1.03674437
1.03674437
1.03652308
1.03489404
1.03494831
1.03492833
1.03492833
1.03504553
1.03631522
1.03824159
1.03949289
1.04069301
1.04229476
1.04193211
1.04239340
1.04014664
1.04065169
1.03999365
1.04053044
1.03985899
1.04149675
1.04270167
1.04229406
1.04407775
1.04396246
1.04364946
1.04338135
1.04399513
1.04211607
1.04202960
1.04212787
1.04107273
1.04044475
1.03903799
1.03941207
1.03908735
1.04082444
1.03986665
1.04063942
1.03958893
1.03863102
1.03853066
1.03716397
1.03592467
1.03776863
1.03891158
1.03961197
1.03747537
1.03883651
1.03883651
1.03898258
1.03652334
1.03497562
1.03482724
1.03293521
1.03160792
1.03208025
1.03101789
1.02959969
1.02918163
1.03034851
1.03080931
1.03153649
1.03201752
1.03079075
1.02900228
1.03134707
1.03165660
1.03334123
1.03247534
1.03350565
1.03398952
1.03483315
1.03524003
1.03474506
1.03425291
1.03275565
1.03303049
1.03339503
1.03217450
1.03341604
1.03341604
1.03228857
1.03310202
1.03455961
1.03440876
1.03496693
1.03561690
1.03760761
1.03648122
1.03655055
1.03655055
1.03429360
1.03512897
1.03408894
1.03431853
1.03452869
1.03435788
1.03549341
1.03611218
1.03648706
1.03716264
1.03575620
1.03584651
1.03650801
1.03654285
1.03675537
1.03643494
1.03745498
1.03695497
1.03623092
1.03619855
1.03520742
1.03647772
1.03548427
1.03541989
1.03450884
1.03431914
1.03364409
1.03425683
1.03450314
1.03461413
1.03435531
1.03402985
1.03616198
1.03498550
1.03580189
1.03580189
1.03541835
1.03644656
1.03802045
1.03550327
1.03693431
1.03731582
1.03810782
1.03810782
1.03743480
1.03715459
1.03938222
1.03658172
1.03658172
1.03706091
1.03706091
1.03770944
1.03731866
1.04084777
1.04176638
1.04168778
1.04111844
1.04092136
1.03891190
1.03637957
1.03699771
1.03495507
1.03390010
1.03625905
1.03706324
1.03586464
1.03647099
1.03514972
1.03754607
1.03771496
1.03681014
1.03715859
1.03715859
1.03673323
1.03673323
1.03645693
1.03576380
1.03809807
1.03742012
1.03742012
1.03706264
1.03822549
1.03944482
1.04024971
1.04183267
1.04324350
1.04324350
1.04341234
1.04257501
1.04344890
1.04280795
1.04139034
1.04384849
1.04153336
1.03873246
1.03685236
1.03540831
1.03678738
1.03681540
1.03673983
1.03664361
1.03774173
1.03688611
1.03688611
1.03812802
1.03817418
1.03764926
1.03764926
1.03741072
1.03556861
1.03650886
1.03526796
1.03403488
1.03516081
1.03357683
1.03453992
1.03404785
1.03255572
1.03290127
1.03320977
1.03459079
1.03527469
1.03527469
1.03404149
1.03360574
1.03371473
1.03199114
1.03336763
1.03404052
1.03415117
1.03497515
1.03506292
1.03641686
1.03749978
1.03561937
1.03469520
1.03799380
1.03590556
1.03797685
1.03787510
1.03965560
1.03946680
1.03898832
1.03829965
1.03644462
1.03636134
1.03394417
1.03525916
1.03511358
1.03471114
1.03283841
1.03392477
1.03588493
1.03646891
1.03671104
1.03811351
1.03513856
1.03570081
1.03734594
1.03622287
1.03656054
1.03652389
1.03531880
1.03639758
1.03630477
1.03700443
1.03727727
1.03583910
1.03590097
1.03552388
1.03679853
1.03487254
1.03294571
1.03263162
1.03271857
1.03174443
1.03121973
1.03152456
1.03152456
1.03169403
1.03060841
1.03065751
1.03168451
1.03129106
1.03168256
1.03179242
1.02952557
1.02952557
1.03109055
1.03120861
1.03120861
1.03151099
1.03196275
1.03132276
1.03052207
1.03188531
1.03172352
1.03274467
1.03338650
1.03321681
1.03216771
1.03339000
1.03492928
1.03473574
1.03432500
1.03277881
1.03424620
1.03462291
1.03706546
1.03588057
1.03882184
1.03775845
1.03625868
1.03558621
1.03616533
1.03575393
1.03554792
1.03533027
1.03509451
1.03509451
1.03698906
1.03713198
1.03586611
1.03540314
1.03712073
1.03611890
1.03466077
1.03555293
1.03420040
1.03438815
1.03499001
1.03631872
1.03684064
1.03724657
1.03576697
1.03510413
1.03510413
1.03510441
1.03340802
1.03568839
1.03537229
1.03477984
1.03574439
1.03506276
1.03509564
1.03509564
1.03677853
1.03699279
1.03708632
1.03708632
1.03697966
1.03670863
1.03812395
1.03909562
1.03984900
1.04107276
1.03996881
1.04118900
1.04036430
1.04036430
1.03967240
1.04051971
1.03855444
1.03897927
1.03793032
1.03835440
1.03766261
1.03686722
1.03647565
1.03558329
1.03436825
1.03488135
1.03584374
1.03508058
1.03662310
1.03706700
1.03946792
1.03895997
1.03955666
1.04036178
1.03828003
1.03800171
1.03718200
1.03540704
1.03574932
1.03657360
1.03559876
1.03632612
1.03675255
1.03738723
1.03512686
1.03580656
1.03651941
1.03738886
1.03773317
1.03619586
1.03509807
1.03509807
1.03491188
1.03489900
1.03408187
1.03378433
1.03455268
1.03457409
1.03533193
1.03636819
1.03762622
1.03857128
1.03685173
1.03549901
1.03500588
1.03366186
1.03308429
1.03233365
1.03261034
1.03257738
1.03484264
1.03603402
1.03525255
1.03458913
1.03553929
1.03630862
1.03459641
1.03326515
1.03325756
1.03345155
1.03266102
1.03056189
1.03051198
1.02969474
1.03113324
1.02925459
1.02789135
1.02789135
1.03016350
1.03115311
1.03115311
1.03082285
1.03160302
1.03303858
1.03492352
1.03492352
1.03527720
1.03521167
1.03404990
1.03429538
1.03511910
1.03413120
1.03498550
1.03548592
1.03451571
1.03467983
1.03344771
1.03362630
1.03405246
1.03492770
1.03483236
1.03295377
1.03485596
1.03473960
1.03619352
1.03704873
1.03639138
1.03593251
1.03593251
1.03683126
1.03572257
1.03605352
1.03605352
1.03527979
1.03527979
1.03379230
1.03363973
1.03468538
1.03403814
1.03360069
1.03259125
1.03221071
1.03432228
1.03351358
1.03258213
1.03355118
1.03368109
1.03276994
1.03312998
1.03472694
1.03407908
1.03436130
1.03221208
1.03439233
1.03568492
1.03622013
1.03654048
1.03460810
1.03562236
1.03755703
1.03952312
1.03916706
1.04049550
1.03928875
1.03946589
1.04000520
1.03840559
1.03759825
1.03894401
1.04061014
1.04139406
1.03900981
1.03848786
1.03796243
1.03734497
1.03751624
1.03806085
1.03710884
1.03819354
1.03820579
1.04012229
1.03957521
1.03903118
1.03798698
1.03834056
1.03800948
1.03663216
1.03686752
1.03640795
1.03622942
1.03640730
1.03764927
1.03670289
1.03695279
1.03633784
1.03825857
1.03751786
1.03974743
1.03996023
1.03996023
1.03811037
1.03826718
1.03672205
1.03672205
1.03916392
1.04008177
1.03995595
1.03894770
1.03934628
1.03991737
1.03917005
1.03728620
1.03766903
1.03819965
1.03840461
1.03902972
1.03867871
1.03877822
1.03962717
1.03929927
1.03688314
1.03652973
1.03494028
1.03494028
1.03499770
1.03351577
1.03460470
1.03543519
1.03584325
1.03584325
1.03687135
1.03644235
1.03611783
1.03692186
1.03867473
1.03877601
1.04116857
1.04116857
1.04116857
1.04177687
1.04202715
1.04209495
1.04080628
1.04023307
1.03957383
1.03996779
1.03810122
1.03596542
1.03638543
1.03655539
1.03843741
1.03851434
1.04017770
1.04098086
1.04010969
1.04001545
1.03968431
1.03986899
1.03894729
1.03971753
1.03975809
1.04105482
1.04124558
1.04035176
1.04002747
1.04200101
1.04138990
1.03877162
1.03797861
1.03677082
1.03579268
1.03733677
1.03762900
1.03866610
1.03921542
1.04076831
1.04299735
1.04228660
1.04228660
1.04225473
1.04231213
1.04310964
1.04113557
1.04113557
1.04163573
1.04060942
1.04077112
1.03929064
1.03888100
1.03821661
1.04108847
1.04034527
1.03955157
1.03769826
1.03841937
1.03841937
1.04022920
1.03977037
1.04065042
1.04073744
1.04184954
1.04137160
1.04032211
1.04310508
1.04310508
1.04147733
1.04108388
1.04088885
1.03960683
1.03961365
1.04234014
1.04144519
1.04278192
1.04473665
1.04343630
1.04330146
1.04305056
1.04258903
1.04159858
1.04055572
1.03855865
1.03697718
1.03895054
1.03796772
1.03802719
1.03922049
1.03922049
1.03691755
1.03663249
1.03554659
1.03574376
1.03713706
1.03673358
1.03686006
1.03686006
1.03602362
1.03656148
1.03627082
1.03706255
1.03626222
1.03626222
1.03742201
1.03709672
1.03726083
1.03708461
1.03686347
1.03686347
1.03696316
1.03685152
1.03638411
1.03690840
1.03690840
1.03586985
1.03685959
1.03743538
1.03743538
1.03462465
1.03550424
1.03486903
1.03528875
1.03414699
1.03388886
1.03655991
1.03596475
1.03817029
1.03903638
1.03926010
1.03753229
1.03554282
1.03529108
1.03656486
1.03779122
1.03784944
1.03895695
1.03930709
1.03892401
1.04029775
1.03954523
1.03994597
1.03867951
1.03891229
1.03868553
1.03833623
1.03850921
1.03812656
1.03842204
1.03841210
1.03790336
1.03709877
1.03710162
1.03798076
1.03820729
1.03863154
1.03827473
1.03761567
1.03829747
1.03801773
1.03821174
1.03590866
1.03474612
1.03543281
1.03627626
1.03674849
1.03810154
1.03759625
1.03803290
1.03977915
1.03899375
1.04077892
1.04132659
1.04158267
1.04050995
1.04058818
1.04102450
1.04068600
1.03997898
1.04117830
1.04279866
1.04350905
1.04222626
1.04186923
1.04217776
1.04217776
1.04217776
1.04490732
1.04413993
1.04438653
1.04695521
1.04767808
1.04441805
1.04463051
1.04463051
1.04243083
1.04100552
1.04118200
1.04023590
1.03907141
1.04019665
1.04002566
1.03924343
1.03732202
1.03856323
1.03901279
1.04091070
1.04212414
1.04232962
1.04273580
1.04275017
1.04345334
1.04427439
1.04462500
1.04302256
1.04354099
1.04379690
1.04184823
1.04500455
1.04448241
1.04448241
1.04448241
1.04460437
1.04331566
1.04356091
1.04356091
1.04169943
1.04181150
1.04278557
1.04331370
1.04369441
1.04377119
1.04371271
1.04194014
1.04077682
1.04077682
1.04031822
1.04055559
1.04055559
1.04012005
1.03778537
1.03799854
1.03600362
1.03627755
1.03599192
1.03595666
1.03681976
1.03640081
1.03766879
1.03874286
1.03940904
1.03934525
1.03915594
1.03767496
1.03802827
1.03633567
1.03877353
1.03992624
1.04081837
1.04242794
1.04132069
1.04398943
1.04254136
1.04243716
1.04143025
1.03969986
1.03996462
1.03805924
1.03744787
1.03929465
1.03906476
1.04094403
1.04144501
1.04224495
1.04224495
1.04019634
1.03808654
1.03735603
1.03792588
1.03828844
1.03833647
1.03918851
1.03938840
1.03947563
1.03947563
1.03815049
1.03823263
1.03957644
1.03908490
1.03932790
1.03846829
1.03750884
1.03770413
1.03835002
1.03995001
1.03912930
1.03852589
1.03959967
1.03934446
1.04097981
1.04097981
1.04118238
1.04101233
1.04002924
1.03917465
1.03992918
1.03992918
1.03840443
1.03783910
1.03885576
1.03931330
1.03794908
1.03464611
1.03262827
1.03477318
1.03526623
1.03748267
1.03353057
1.03384868
1.03609918
1.03496679
1.03435638
1.03471375
1.03600715
1.03516935
1.03633177
1.03809163
1.03577635
1.03630388
1.03623446
1.03679783
1.03710419
1.03710419
1.03659778
1.03530838
1.03679327
1.03865598
1.03865598
1.03849423
1.03839704
1.03976533
1.03862567
1.03911723
1.03724001
1.03737295
1.03628819
1.03681464
1.03681464
1.03856851
1.03627607
1.03597136
1.03514743
1.03514743
1.03760744
1.03728977
1.03728977
1.03562211
1.03537588
1.03470721
1.03358596
1.03497076
1.03554868
1.03642519
1.03587314
1.03458035
1.03458035
1.03540963
1.03530487
1.03560926
1.03486321
1.03478632
1.03356065
1.03226785
