0.029633
0.029633
0.0584107
0.0584107
0.0584107
0.0865959
0.0865959
0.0865959
0.0865959
0.0865959
0.113888
0.113888
0.140372
0.16599
0.190598
0.214979
0.214979
0.214979
0.214979
0.214979
0.238698
0.238698
0.238698
0.238698
0.261117
0.261117
0.261117
0.261117
0.283591
0.283591
0.305601
0.32746
0.32746
0.32746
0.348725
0.348725
0.369605
0.390402
0.390402
0.410116
0.43015
0.450139
0.450139
0.470004
0.489082
0.507545
0.507545
0.526485
0.544306
0.562729
0.581067
0.599071
0.616154
0.63352
0.650522
0.668386
0.684335
0.700683
0.717197
0.73363
0.73363
0.749654
0.765231
0.78078
0.795603
0.810927
0.825988
0.840701
0.855155
0.870102
0.884184
0.898134
0.898134
0.912318
0.925058
0.925058
0.938052
0.950568
0.963318
0.974864
0.974864
0.98671
0.998787
1.0104
1.02159
1.03278
1.03278
1.04537
1.05628
1.05628
1.06827
1.08011
1.09203
1.1008
1.11043
1.11965
1.12866
1.13678
1.14541
1.15335
1.16141
1.17064
1.17825
1.18684
1.19478
1.19478
1.20223
1.20991
1.21694
1.22438
1.23157
1.23937
1.23937
1.24643
1.25226
1.25849
1.26348
1.2702
1.27626
1.28208
1.28866
1.29405
1.2991
1.30469
1.30962
1.31578
1.32134
1.32724
1.32724
1.33241
1.3377
1.34231
1.3465
1.35241
1.35696
1.36056
1.36554
1.36956
1.37325
1.37772
1.37772
1.38197
1.38547
1.38949
1.39276
1.3961
1.40044
1.403
1.40488
1.40797
1.41029
1.41387
1.41696
1.41696
1.41696
1.41888
1.42111
1.4247
1.42752
1.42752
1.43116
1.4344
1.43586
1.43922
1.44255
1.44505
1.44728
1.44869
1.45265
1.45517
1.45517
1.45717
1.45962
1.46133
1.4635
1.46602
1.4679
1.46985
1.47051
1.47323
1.47598
1.47685
1.47851
1.48039
1.48272
1.4849
1.48726
1.48937
1.4908
1.49213
1.49213
1.49388
1.4957
1.49781
1.49988
1.50113
1.50271
1.50351
1.50517
1.5061
1.5061
1.50721
1.50949
1.50984
1.51181
1.51425
1.51619
1.51845
1.5193
1.52039
1.52124
1.52271
1.52416
1.52468
1.5241
1.52618
1.52776
1.52921
1.53132
1.53245
1.53332
1.53332
1.53514
1.53694
1.53865
1.53954
1.54027
1.53999
1.54072
1.5418
1.5426
1.54387
1.54265
1.54318
1.54392
1.54347
1.54347
1.54407
1.54585
1.54726
1.55009
1.55059
1.55073
1.55212
1.55359
1.55326
1.5546
1.55511
1.55464
1.55498
1.55498
1.55552
1.55728
1.55831
1.55827
1.55896
1.55991
1.56113
1.56084
1.56018
1.56035
1.56029
1.5618
1.56069
1.56066
1.55985
1.55995
1.56124
1.56154
1.56184
1.56171
1.56184
1.56153
1.56203
1.56259
1.5608
1.5622
1.56355
1.56409
1.56409
1.56553
1.56722
1.56774
1.56813
1.56964
1.57021
1.56982
1.57006
1.57046
1.57128
1.57133
1.57182
1.57078
1.57015
1.57178
1.57141
1.57046
1.57073
1.57033
1.57142
1.57273
1.57363
1.57529
1.57635
1.5763
1.57725
1.57658
1.5759
1.57711
1.5778
1.57844
1.58003
1.57946
1.58029
1.58067
1.58174
1.58306
1.58407
1.58435
1.58479
1.5853
1.58484
1.58556
1.58642
1.58699
1.58651
1.58754
1.58732
1.58715
1.58698
1.58754
1.58731
1.58663
1.58559
1.58632
1.58737
1.58744
1.58796
1.58813
1.58777
1.58777
1.58759
1.5874
1.58816
1.58676
1.58736
1.58799
1.58915
1.59085
1.59134
1.59142
1.59028
1.58953
1.59148
1.59233
1.59236
1.59302
1.59383
1.5932
1.59402
1.59546
1.59487
1.59471
1.59384
1.59422
1.59233
1.59233
1.59215
1.59212
1.59143
1.59167
1.59162
1.59165
1.5913
1.5914
1.59216
1.59216
1.59151
1.59258
1.59186
1.59186
1.59178
1.59277
1.5927
1.5927
1.59254
1.59343
1.59523
1.59503
1.59585
1.59688
1.59622
1.59648
1.59669
1.59634
1.59634
1.59572
1.5972
1.59551
1.595
1.59539
1.59643
1.5966
1.59679
1.59679
1.59684
1.59509
1.59582
1.59655
1.59647
1.59448
1.59263
1.5929
1.59311
1.59455
1.59525
1.59755
1.59786
1.59786
1.59733
1.59697
1.59611
1.59672
1.59721
1.59699
1.59757
1.59832
1.59762
1.59759
1.5958
1.5961
1.59616
1.59699
1.59699
1.59697
1.59697
1.59793
1.59951
1.59868
1.59939
1.59808
1.59749
1.59602
1.59643
1.59688
1.59581
1.59769
1.59817
1.59756
1.59767
1.59823
1.59662
1.59647
1.59707
1.59681
1.59722
1.59776
1.5977
1.59682
1.59759
1.59579
1.59579
1.59514
1.59568
1.59889
1.59844
1.59945
1.60037
1.60048
1.5991
1.60018
1.60133
1.6013
1.60128
1.60128
1.60276
1.60169
1.60076
1.60144
1.60108
1.60237
1.60166
1.60081
1.60174
1.60305
1.60305
1.6026
1.60345
1.60323
1.60537
1.60505
1.60529
1.6043
1.60515
1.60495
1.60629
1.60647
1.60628
1.6065
1.6061
1.60702
1.60633
1.60681
1.60612
1.60656
1.60663
1.60634
1.60694
1.607
1.60728
1.60699
1.60746
1.60728
1.60619
1.60583
1.60639
1.60576
1.6034
1.60421
1.60355
1.60355
1.60324
1.6028
1.60361
1.60361
1.60368
1.60268
1.60289
1.60187
1.60096
1.60144
1.60079
1.60147
1.60088
1.60064
1.60213
1.60244
1.60226
1.60226
1.60245
1.60245
1.60295
1.6033
1.60122
1.60138
1.5999
1.60031
1.59973
1.59973
1.59988
1.59957
1.59944
1.59944
1.60034
1.59942
1.59985
1.59923
1.59904
1.59999
1.60116
1.59868
1.59931
1.59775
1.59722
1.59749
1.59696
1.59865
1.59837
1.59814
1.59752
1.59739
1.59654
1.59702
1.59733
1.59744
1.59679
1.59798
1.60031
1.60031
1.59886
1.59988
1.59939
1.60022
1.6001
1.60063
1.6
1.60074
1.60128
1.59967
1.59954
1.59882
1.59845
1.59948
1.60044
1.60052
1.60121
1.60117
1.60127
1.60167
1.60067
1.59933
1.59938
1.59989
1.59875
1.5991
1.60058
1.60141
1.60159
1.60159
1.60098
1.59999
1.59992
1.59891
1.59845
1.59898
1.60055
1.60033
1.60132
1.60302
1.60483
1.60464
1.60362
1.60381
1.60374
1.60238
1.60336
1.60232
1.60232
1.60294
1.60164
1.6029
1.6031
1.60269
1.60348
1.60511
1.60621
1.60408
1.60457
1.60417
1.60304
1.60306
1.60349
1.60353
1.60331
1.60317
1.60319
1.60305
1.60199
1.6017
1.60298
1.60263
1.60486
1.60393
1.60377
1.60495
1.60452
1.60608
1.60656
1.60626
1.60438
1.60457
1.60433
1.60433
1.60419
1.60445
1.60467
1.60428
1.60378
1.60482
1.605
1.60416
1.6033
1.6033
1.6049
1.6061
1.60569
1.60602
1.60435
1.60318
1.60412
1.60487
1.60441
1.60346
1.60346
1.60336
1.60287
1.60441
1.60405
1.60418
1.60418
1.60359
1.60359
1.60428
1.6059
1.60447
1.604
1.60539
1.605
1.60554
1.60639
1.60639
1.60599
1.60548
1.60588
1.60628
1.60609
1.60574
1.60531
1.60421
1.60353
1.6038
1.60337
1.60276
1.60405
1.60347
1.60315
1.60272
1.60395
1.60451
1.60451
1.60417
1.60295
1.60312
1.60438
1.60462
1.60442
1.60442
1.60512
1.60512
1.60407
1.60391
1.60457
1.60399
1.60399
1.60395
1.60395
1.60395
1.60436
1.60359
1.60304
1.60304
1.60218
1.60347
1.60271
1.60479
1.60525
1.60544
1.60447
1.60429
1.60441
1.60391
1.60465
1.60569
1.60617
1.60496
1.6042
1.60448
1.60459
1.60426
1.60452
1.6055
1.60428
1.60404
1.60323
1.60332
1.60233
1.60231
1.60161
1.60216
1.60482
1.60409
1.60293
1.60291
1.60368
1.60255
1.60302
1.60153
1.60072
1.60164
1.60201
1.60294
1.60227
1.60227
1.60169
1.60172
1.60185
1.60147
1.60194
1.60032
1.6016
1.60066
1.6005
1.60199
1.60237
1.60216
1.6014
1.60208
1.60208
1.60223
1.60311
1.60348
1.60227
1.60279
1.60419
1.60305
1.60446
1.60489
1.60298
1.60311
1.60517
1.60412
1.60378
1.6034
1.6034
1.60403
1.60384
1.60476
1.60413
1.6041
1.60321
1.60321
1.60308
1.60338
1.60342
1.60348
1.60335
1.60177
1.60288
1.603
1.60281
1.60249
1.60258
1.60273
1.60144
1.60173
1.60166
1.60204
1.60184
1.60184
1.60276
1.60168
1.60085
1.59979
1.59958
1.6002
1.60137
1.60087
1.60146
1.60244
1.60207
1.60295
1.60291
1.60113
1.60227
1.60264
1.60347
1.60238
1.60209
1.60237
1.60195
1.60193
1.6031
1.60329
1.60348
1.60334
1.60188
1.60221
1.60136
1.60165
1.60159
1.601
1.60017
1.60003
1.60019
1.59985
1.59866
1.59794
1.59651
1.59744
1.59841
1.59858
1.59986
1.60144
1.60161
1.60151
1.60187
1.60207
1.60168
1.60168
1.60237
1.60237
1.60338
1.60455
1.60416
1.60393
1.60397
1.60511
1.60413
1.60413
1.60552
1.60565
1.60423
1.60288
1.60141
1.60264
1.60236
1.60146
1.60119
1.60062
1.60105
1.60033
1.60154
1.60169
1.60302
1.60184
1.60111
1.60152
1.60279
1.60218
1.60128
1.602
1.602
1.60361
1.60418
1.60436
1.60368
1.60213
1.60284
1.60354
1.60351
1.60494
1.6048
1.60443
1.60395
1.60305
1.60269
1.60246
1.6025
1.60283
1.60246
1.60121
1.60096
1.60094
1.60204
1.60109
1.60112
1.60204
1.60204
1.60105
1.60178
1.60171
1.60097
1.60055
1.60055
1.60164
1.60282
1.60282
1.60262
1.60324
1.60221
1.60315
1.60185
1.60127
1.60035
1.59818
1.59818
1.59836
1.59927
1.59927
1.59876
1.59856
1.59792
1.59744
1.59816
1.59843
1.5978
1.59726
1.59673
1.59641
1.59641
1.59734
1.59828
1.59675
1.5975
1.59667
1.59757
1.59757
1.59847
1.5985
1.59899
1.59955
1.59924
1.59747
1.59591
1.59423
1.59502
1.59542
1.59575
1.59617
1.59529
1.59626
1.59626
1.59594
1.59624
1.59671
1.59728
1.5975
1.59873
1.59865
1.59687
1.59611
1.59534
1.59717
1.59799
1.59831
1.59751
1.59782
1.59799
1.59912
1.59912
1.59909
1.59877
1.59876
1.59854
1.5988
1.60014
1.60031
1.60071
1.59976
1.59885
1.59882
1.59872
1.59893
1.59916
1.59943
1.60169
1.60228
1.60088
1.60213
1.603
1.603
1.60212
1.60351
1.60399
1.6035
1.6035
1.60396
1.60304
1.604
1.60394
1.60362
1.60417
1.60417
1.60519
1.60545
1.60545
1.60599
1.60611
1.60658
1.60658
1.60552
1.6052
1.6059
1.60563
1.6053
1.60482
1.60458
1.60303
1.60346
1.60334
1.6047
1.6047
1.60328
1.60393
1.60543
1.60429
1.60563
1.60592
1.60592
1.60484
1.60511
1.60554
1.60582
1.60488
1.60407
1.60407
1.60373
1.60342
1.60288
1.6026
1.6043
1.60338
1.60348
1.60272
1.60272
1.60174
1.60041
1.60121
1.60121
1.60104
1.60104
1.60162
1.60077
1.60155
1.60335
1.60331
1.6027
1.60329
1.60329
1.60336
1.60414
1.60367
1.6038
1.60567
1.6064
1.6062
1.60582
1.60494
1.60493
1.60505
1.60505
1.60441
1.60437
1.60437
1.60474
1.60562
1.60469
1.60504
1.60453
1.60381
1.60381
1.60513
1.60584
1.60697
1.60839
1.60746
1.60827
1.60827
1.60855
1.60661
1.60593
1.60593
1.60567
1.60772
1.60781
1.60641
1.60688
1.60723
1.60686
1.60686
1.60611
1.60571
1.60671
1.60551
1.60467
1.60511
1.60511
1.60555
1.60555
1.60366
1.60325
1.60244
1.60292
1.60292
1.60327
1.60386
1.60383
1.60333
1.60241
1.6021
1.60267
1.60316
1.60094
1.60132
1.6027
1.60349
1.60291
1.60291
1.60227
1.60494
1.60535
1.60414
1.60414
1.60565
1.60709
1.60594
1.60542
1.60594
1.60598
1.60599
1.60589
1.60589
1.60624
1.60568
1.60516
1.60511
1.60525
1.60556
1.60476
1.60377
1.60477
1.60487
1.60411
1.60407
1.60432
1.60523
1.60664
1.60732
1.60706
1.60706
1.60813
1.60813
1.60728
1.60637
1.60653
1.60693
1.60746
1.60698
1.60641
1.60678
1.60606
1.60762
1.6077
1.60657
1.60525
1.60565
1.60686
1.6071
1.60585
1.60298
1.60295
1.60206
1.60191
1.60159
1.60248
1.60209
1.60179
1.60183
1.60191
1.60191
1.60185
1.60272
1.60338
1.60441
1.60553
1.60513
1.60637
1.6064
1.60756
1.60756
1.60932
1.60818
1.60868
1.60786
1.60868
1.60754
1.60774
1.60705
1.60544
1.60547
1.6061
1.6071
1.6071
1.60802
1.60777
1.60811
1.60719
1.60702
1.60605
1.60651
1.60707
1.60739
1.60591
1.60624
1.60662
1.60777
1.60777
1.60693
1.607
1.60674
1.60674
1.60701
1.60766
1.60758
1.60786
1.60786
1.60799
1.60739
1.60708
1.60519
1.60519
1.60459
1.60466
1.60541
1.6057
1.60692
1.60692
1.60674
1.60571
1.6063
1.6063
1.60531
1.60299
1.6019
1.60028
1.60099
1.60166
1.60184
1.60247
1.60285
1.60168
1.60195
1.60238
1.60224
1.60224
1.60207
1.60352
1.60329
1.60152
1.60163
1.59888
1.59881
1.59949
1.59902
1.59834
1.5982
1.60047
1.59992
1.59897
1.59897
1.59902
1.60045
1.60047
1.59998
1.60105
1.60147
1.6011
1.60109
1.60114
1.60114
1.60128
1.60148
1.60106
1.60106
1.60026
1.59988
1.59988
1.60071
1.60097
1.60191
1.60109
1.60109
1.59973
1.59893
1.60067
1.60027
1.60146
1.60169
1.60034
1.60035
1.60032
1.6005
1.60065
1.60002
1.60273
1.60221
1.60216
1.60252
1.60117
1.60105
1.60054
1.60088
1.60206
1.6034
1.60376
1.6038
1.60318
1.60246
1.60165
1.60192
1.60385
1.60278
1.60244
1.60295
1.60206
1.60154
1.60144
1.60177
1.60185
1.60185
1.60287
1.60196
1.60198
1.60163
1.60376
1.60267
1.60252
1.60278
1.60442
1.60366
1.60411
1.60374
1.60377
1.60411
1.603
1.603
1.60305
1.60343
1.60369
1.60501
1.60615
1.60484
1.60567
1.60567
1.60715
1.60641
1.60631
1.60789
1.60647
1.60651
1.60523
1.60523
1.60535
1.60402
1.60377
1.60377
1.60346
1.60296
1.60326
1.60326
1.60175
1.60396
1.60225
1.60239
1.60239
1.60239
1.60233
1.60264
1.60162
1.60133
1.60192
1.60247
1.60201
1.60151
1.60134
1.60099
1.60193
1.60081
1.6008
1.60117
1.59909
1.60051
1.60141
1.60064
1.60015
1.60087
1.6021
1.60184
1.60184
1.60181
1.60112
1.60109
1.60149
1.60049
1.59899
1.59792
1.59637
1.5969
1.59746
1.59746
1.59821
1.59821
1.59721
1.59896
1.59877
1.59942
1.59942
1.59992
1.59992
1.59955
1.59968
1.6015
1.60218
1.60307
1.60423
1.6046
1.60403
1.60402
1.60402
1.60527
1.60509
1.60572
1.6072
1.6064
1.60679
1.60684
1.607
1.60554
1.606
1.606
1.6058
1.60502
1.60568
1.60517
1.60522
1.60522
1.60486
1.60564
1.60507
1.6057
1.60477
1.6048
1.60506
1.60583
1.60613
1.6057
1.6057
1.60622
1.60578
1.60578
1.60581
1.60581
1.60596
1.60596
1.60651
1.60499
1.6061
1.60648
1.60704
1.60542
1.60489
1.60344
1.6036
1.6036
1.60351
1.60469
1.60554
1.60493
1.60371
1.60421
1.60247
1.60193
1.60207
1.60177
1.60234
1.602
1.60166
1.60137
1.60156
1.6023
1.60344
1.60254
1.60316
1.60283
1.60264
1.60308
1.60268
1.6022
1.60198
1.60195
1.60215
1.60256
1.60256
1.60207
1.60269
1.60163
1.60318
1.60235
1.60208
1.60306
1.60246
1.60287
1.60311
1.60228
1.60138
1.60181
1.60329
1.60329
1.60297
1.60299
1.60217
1.60127
1.59959
1.59746
1.59873
1.59918
1.59948
1.60032
1.60077
1.60058
1.60047
1.60088
1.60048
1.60048
1.60086
1.60197
1.60197
1.60221
1.60175
1.60271
1.6032
1.60295
1.60289
1.60367
1.60593
1.60368
1.60453
1.60551
1.60551
1.60509
1.60483
1.60483
1.60515
1.60635
1.60609
1.60682
1.60619
1.60505
1.60591
1.60557
1.60533
1.60438
1.60438
1.6058
1.6055
1.60515
1.60414
1.60379
1.60177
1.60205
1.60202
1.60176
1.60228
1.60269
1.60239
1.60265
1.60378
1.60357
1.60434
1.60434
1.60459
1.60292
1.60375
1.60375
1.60416
1.60533
1.60486
1.60531
1.60531
1.60596
1.60508
1.60388
1.60352
1.60202
1.6028
1.60361
1.60345
1.6033
1.60387
1.60403
1.60442
1.60431
1.60533
1.60519
1.60436
1.60333
1.60496
1.60496
1.60435
1.60347
1.60363
1.60422
1.60325
1.60257
1.60273
1.60259
1.60267
1.60114
1.60043
1.59965
1.59919
1.59838
1.5995
1.60051
1.60066
1.60063
1.60063
1.60194
1.60118
1.6021
1.60219
1.60118
1.60186
1.601
1.60142
1.60206
1.60251
1.60219
1.60009
1.60038
1.59983
1.60043
1.6002
1.60017
1.60066
1.60149
1.60029
1.60029
1.60079
1.60004
1.59935
1.6
1.60069
1.60102
1.60288
1.60297
1.60266
1.60244
1.60354
1.60316
1.60413
1.60257
1.60294
1.60215
1.60211
1.60397
1.6044
1.60509
1.60577
1.60433
1.60442
1.60365
1.60287
1.60256
1.60273
1.60417
1.60417
1.60417
1.60479
1.6041
1.60476
1.60419
1.60432
1.60493
1.60563
1.6052
1.60394
1.60395
1.60328
1.60171
1.60062
1.60022
1.60068
1.60068
1.60118
1.60124
1.60124
1.60155
1.60134
1.60156
1.60062
1.60188
1.60277
1.60321
1.60372
1.60484
1.60496
1.60522
1.60522
1.60503
1.606
1.60487
1.60461
1.60461
1.60421
1.60583
1.60619
1.60464
1.60378
1.60438
1.60455
1.60461
1.6043
1.60424
1.60318
1.60005
1.60119
1.60232
1.6012
1.60133
1.60129
1.60212
1.60282
1.60387
1.60366
1.60314
1.60302
1.60252
1.60341
1.60252
1.603
1.60254
1.60326
1.60395
1.60417
1.60359
1.60419
1.60317
1.60317
1.60317
1.60312
1.60237
1.60219
1.60267
1.60333
1.60333
1.60424
1.60279
1.60321
1.60321
1.60237
1.60251
1.60275
1.60368
1.60391
1.60459
1.6031
1.60398
1.60373
1.60363
1.60292
1.60292
1.60384
1.6031
1.60421
1.60461
1.60377
1.60342
1.60342
1.60327
1.60308
1.60459
1.60544
1.60733
1.60692
1.60821
1.60913
1.60798
1.60904
1.60928
1.60964
1.60905
1.60868
1.60771
1.60823
1.60793
1.6096
1.60911
1.60954
1.60954
1.60779
1.60935
1.60904
1.61035
1.60929
1.60826
1.60949
1.60949
1.60993
1.60993
1.60872
1.60945
1.60945
1.60905
1.60808
1.60808
1.60708
1.60848
1.60948
1.61014
1.61103
1.61083
1.60795
1.60816
1.60729
1.60797
1.6092
1.60846
1.60821
1.60836
1.6091
1.60687
1.60736
1.60754
1.60671
1.60637
1.60596
1.60581
1.60607
1.6046
1.60471
1.60571
1.60651
1.60675
1.60746
1.60718
1.60718
1.60718
1.60718
1.60718
1.60637
1.60809
1.60809
1.60984
1.61034
1.61083
1.61113
1.60916
1.60932
1.60822
1.60857
1.60737
1.60655
1.60671
1.60671
1.60538
1.60394
1.60351
1.60329
1.60367
1.60328
1.60427
1.60364
1.60309
1.6036
1.60318
1.60322
1.60405
1.60334
1.60187
1.60098
1.60165
1.60211
1.60211
1.60173
1.60171
1.60171
1.60212
1.60241
1.60246
1.60286
1.60442
1.60477
1.60524
1.60355
1.60238
1.60238
1.6017
1.6021
1.60287
1.60376
1.60332
1.6028
1.60335
1.60336
1.60351
1.6026
1.60327
1.60297
1.60304
1.60385
1.60391
1.60342
1.60348
1.60348
1.60298
1.60163
1.60175
1.60105
1.60053
1.60152
1.6025
1.6025
1.60176
1.59994
1.59837
1.59827
1.59827
1.60075
1.60084
1.59988
1.59939
1.59939
1.60006
1.59988
1.59926
1.598
1.59966
1.59956
1.60094
1.60221
1.60221
1.60104
1.60081
1.60043
1.60046
1.6006
1.6005
1.60038
1.60074
1.60074
1.5998
1.59892
1.59896
1.5985
1.60017
1.60148
1.60163
1.60157
1.6008
1.60166
1.60259
1.60312
1.60271
1.60198
1.60115
1.60165
1.60382
1.60317
1.60365
1.60352
1.60346
1.6036
1.60229
1.60343
1.60412
1.60433
1.60444
1.60278
1.60372
1.60317
1.60337
1.60158
1.60262
1.60323
1.60342
1.60343
1.60306
1.60484
1.60553
1.6039
1.60458
1.60458
1.60542
1.60572
1.6038
1.6038
1.60374
1.60345
1.60345
1.60406
1.60502
1.60378
1.60418
1.60512
1.60549
1.60601
1.60593
1.60634
1.60695
1.60757
1.6079
1.60841
1.60801
1.60815
1.60752
1.60697
1.60577
1.60508
1.60621
1.60694
1.60701
1.60667
1.60586
1.60688
1.60661
1.60661
1.60576
1.6061
1.60669
1.60662
1.60665
1.60685
1.60666
1.60664
1.60658
1.60536
1.60461
1.60533
1.60654
1.60457
1.60458
1.60537
1.60603
1.60696
1.60707
1.60672
1.60747
1.60631
1.60604
1.60604
1.60539
1.60549
1.60646
1.60694
1.60694
1.60694
1.60481
1.60521
1.60527
1.60527
1.60377
1.6048
1.60434
1.60431
1.6038
1.60475
1.60461
1.60477
1.60477
1.60492
1.60526
1.60505
1.60482
1.60447
1.60588
1.60543
1.60672
1.60672
1.60683
1.60637
1.60689
1.60686
1.60629
1.60672
1.60739
1.60728
1.60722
1.60745
1.60652
1.60652
1.60726
1.60677
1.60686
1.60662
1.60549
1.60746
1.60735
1.60703
1.60703
1.60667
1.60705
1.60601
1.60657
1.6072
1.60916
1.60973
1.60976
1.60892
1.60926
1.61047
1.61081
1.61079
1.61101
1.60957
1.6092
1.61
1.61
1.608
1.60689
1.60658
1.60523
1.60459
1.60462
1.60426
1.60545
1.60562
1.60614
1.6052
1.6052
1.60667
1.60775
1.60771
1.60905
1.60905
1.60903
1.60935
1.60723
1.60764
1.60663
1.60695
1.60742
1.60742
1.60762
1.6069
1.60622
1.60759
1.60865
1.60823
1.61003
1.60816
1.60844
1.60832
1.609
1.609
1.6104
1.6099
1.61095
1.61015
1.60955
1.60954
1.608
1.6079
1.60727
1.60664
1.60722
1.60557
1.60599
1.60397
1.60503
1.60428
1.6038
1.60213
1.60243
1.6024
1.60269
1.60297
1.60406
1.60397
1.60263
1.60315
1.60281
1.60371
1.60256
1.60222
1.60285
1.60285
1.60347
1.60389
1.60303
1.60242
1.60281
1.60215
1.60227
1.60374
1.60326
1.6027
1.60225
1.60244
1.60242
1.60242
1.60321
1.60295
1.60271
1.6024
1.60206
1.60195
1.60127
1.60161
1.60224
1.60084
1.60085
1.60219
1.60282
1.60282
1.60284
1.60363
1.60426
1.60378
1.60235
1.60276
1.60276
1.60239
1.60215
1.60215
1.6014
1.601
1.60295
1.60021
1.60092
1.6014
1.60201
1.60095
1.60124
1.60245
1.60204
1.60206
1.60313
1.6036
1.6036
1.60525
1.60341
1.60416
1.60279
1.60176
1.60146
1.60142
1.60234
1.6014
1.60259
1.60341
1.60375
1.60342
1.60387
1.60243
1.6029
1.60266
1.60296
1.60244
1.60229
1.60135
1.60115
1.60068
1.59913
1.60057
1.60109
1.60214
1.60199
1.60175
1.60175
1.60198
1.60087
1.59956
1.59974
1.59873
1.59812
1.59734
1.59957
1.59936
1.59971
1.59829
1.5968
1.59742
1.59678
1.59817
1.59817
1.59826
1.5989
1.60074
1.60167
1.60251
1.60198
1.60127
1.60065
1.60065
1.60051
1.60081
1.60027
1.60014
1.60077
1.60157
1.60266
1.60278
1.60279
1.60208
1.60291
1.60112
1.60078
1.60085
1.60024
1.60013
1.60089
1.6015
1.60144
1.60131
1.60014
1.59936
1.60001
1.59926
1.59955
1.5998
1.59938
1.59938
1.60076
1.60172
1.60123
1.60054
1.60155
1.60125
1.60094
1.60131
1.59998
1.59988
1.60038
1.59986
1.59986
1.59955
1.59877
1.59913
1.59922
1.59978
1.60033
1.59955
1.60043
1.6004
1.60025
1.60136
1.60147
1.60137
1.60137
1.60011
1.6012
1.60149
1.60061
1.60061
1.6002
1.60049
1.60165
1.60211
1.60288
1.60268
1.60332
1.603
1.60399
1.603
1.603
1.603
1.60219
1.60239
1.60183
1.60271
1.60332
1.60272
1.60135
1.60135
1.60235
1.60169
1.60103
1.60201
1.60287
1.60391
1.60279
1.60159
1.60085
1.60002
1.59984
1.59984
1.59984
1.59889
1.5998
1.5998
1.59971
1.59974
1.59945
1.59856
1.59777
1.59785
1.59785
1.59827
1.59859
1.60083
1.60115
1.60115
1.60218
1.603
1.60222
1.60222
1.60237
1.60093
1.59936
1.5976
1.59858
1.59877
1.59942
1.60039
1.60152
1.60096
1.60096
1.60089
1.60082
1.60239
1.60304
1.60327
1.60246
1.60246
1.60399
1.60273
1.60221
1.60264
1.6037
1.60387
1.60544
1.60456
1.60609
1.60608
1.60575
1.60471
1.60366
1.6039
1.60466
1.60606
1.60606
1.60543
1.60475
1.60351
1.60377
1.60351
1.60465
1.60457
1.60374
1.60315
1.60241
1.60145
1.60125
1.60088
1.60035
1.59937
1.59937
1.59956
1.59956
1.5996
1.60074
1.59996
1.60024
1.60104
1.60059
1.60098
1.60139
1.60177
1.604
1.60487
1.60455
1.60528
1.60554
1.60564
1.60736
1.60736
1.60744
1.60806
1.60776
1.60689
1.60464
1.60357
1.60164
1.60164
1.60183
1.59958
1.59958
1.6
1.59999
1.59928
1.59909
1.59967
1.59997
1.59868
1.59899
1.59858
1.59777
1.59723
1.59723
1.59899
1.59878
1.59878
1.59925
1.60005
1.59965
1.59986
1.60065
1.60088
1.60088
1.60058
1.60092
1.60197
1.60197
1.60097
1.60122
1.60216
1.60085
1.60096
1.6005
1.59995
1.60028
1.60123
1.60123
1.60123
1.60179
1.60179
1.60279
1.60377
1.60377
1.60449
1.60323
1.60321
1.60413
1.60447
1.60352
1.60389
1.60389
1.60263
1.60296
1.60445
1.60483
1.60553
1.60553
1.60642
1.60809
1.60787
1.60872
1.60714
1.60811
1.60915
1.60839
1.60937
1.60833
1.60876
1.60829
1.60854
1.60817
1.61025
1.60998
1.6092
1.60847
1.60651
1.60563
1.60454
1.60543
1.60642
1.60642
1.60473
1.60472
1.60489
1.60413
1.60346
1.60252
1.60276
1.60315
1.6041
1.60428
1.60505
1.60358
1.60358
1.60307
1.60332
1.60138
1.60092
1.60099
1.60253
1.60295
1.60282
1.60213
1.60291
1.60189
1.60255
1.60205
1.60205
1.60202
1.60237
1.60202
1.60025
1.59898
1.59898
1.59872
1.59883
1.59872
1.60013
1.59942
1.60016
1.59862
1.59805
1.59936
1.59967
1.60095
1.60209
1.60278
1.60124
1.60057
1.59964
1.60044
1.60055
1.60061
1.60061
1.59916
1.59943
1.59966
1.59951
1.60045
1.60029
1.6008
1.60255
1.60212
1.60232
1.60197
1.60127
1.60106
1.60013
1.60036
1.60092
1.60106
1.60045
1.59988
1.60097
1.60089
1.60049
1.59962
1.59956
1.59901
1.5994
1.59875
1.59899
1.59919
1.5998
1.60144
1.6015
1.60331
1.60232
1.60354
1.60502
1.60373
1.60284
1.60284
1.60269
1.60284
1.60316
1.60242
1.6028
1.60271
1.60373
1.604
1.60388
1.60377
1.60413
1.60424
1.60443
1.60311
1.60347
1.60316
1.60311
1.60306
1.60381
1.60284
1.6031
1.60345
1.60446
1.60472
1.60441
1.60519
1.60489
1.60615
1.60778
1.60787
1.60784
1.60798
1.60812
1.60735
1.60689
1.60667
1.60651
1.6057
1.6057
1.60551
1.60632
1.60698
1.60618
1.60677
1.60658
1.60629
1.60648
1.60617
1.60553
1.60441
1.60409
1.60318
1.60104
1.59996
1.59908
1.5998
1.60044
1.60023
1.59985
1.59924
1.59911
1.6002
1.60099
1.60112
1.60112
1.59941
1.59905
1.59901
1.59944
1.59956
1.59956
1.59943
1.59914
1.60055
1.60005
1.59937
1.59843
1.59751
1.59751
1.59781
1.59722
1.59813
1.60028
1.59975
1.59889
1.60003
1.59985
1.60064
1.59977
1.59944
1.59854
1.60039
1.59947
1.5984
1.59871
1.5979
1.59814
1.5989
1.59867
1.59754
1.59757
1.59736
1.59761
1.59658
1.59783
1.59783
1.59734
1.59769
1.59736
1.59792
1.59732
1.59633
1.59791
1.59774
1.59748
1.59716
1.59798
1.5986
1.59922
1.59924
1.60033
1.6019
1.60225
1.60304
1.60285
1.60332
1.60407
1.60391
1.60204
1.60146
1.60122
1.60224
1.60234
1.60424
1.60428
1.60428
1.60467
1.60492
1.60354
1.60293
1.60282
1.60357
1.60435
1.60591
1.60629
1.6053
1.60575
1.60568
1.60647
1.60516
1.60541
1.60654
1.60552
1.60605
1.60722
1.60752
1.60643
1.60541
1.60599
1.60431
1.60443
1.60376
1.60596
1.60526
1.60521
1.60344
1.60253
1.6032
1.60313
1.60342
1.60211
1.60162
1.60162
1.59966
1.60012
1.59977
1.59867
1.59867
1.59835
1.5975
1.5975
1.5987
1.60019
1.59937
1.60102
1.60124
1.6
1.59935
1.60054
1.6015
1.60265
1.60342
1.6023
1.6023
1.60245
1.60285
1.60199
1.60196
1.60196
1.60249
1.60301
1.60468
1.60517
1.60517
1.60471
1.60525
1.60527
1.60654
1.60643
1.60664
1.60664
1.60681
1.60655
1.60603
1.60603
1.6062
1.60577
1.60482
1.60489
1.60788
1.60808
1.60806
1.60856
1.60859
1.60667
1.60732
1.60789
1.60702
1.60702
1.60792
1.60734
1.60734
1.60715
1.60791
1.60791
1.60642
1.60677
1.60654
1.60654
1.60738
1.60738
1.60681
1.6063
1.60721
1.60643
1.60546
1.60728
1.60734
1.60552
1.60612
1.60675
1.6066
1.60749
1.60791
1.60849
1.60795
1.6084
1.60732
1.60663
1.60593
1.60467
1.60568
1.60519
1.60582
1.60484
1.60564
1.60564
1.60555
1.60547
1.60466
1.60381
1.60345
1.60182
1.60083
1.60083
1.60143
1.60107
1.60125
1.6013
1.60069
1.60145
1.60164
1.60216
1.60136
1.60078
1.60118
1.60189
1.60332
1.60189
1.60189
1.60244
1.60244
1.60285
1.60271
1.60297
1.60454
1.60454
1.60465
1.6062
1.60578
1.60688
1.60643
1.6078
1.60865
1.60794
1.60622
1.60583
1.60484
1.60414
1.60455
1.60455
1.60537
1.6051
1.60568
1.60467
1.60528
1.60489
1.60489
1.60413
1.60433
1.60475
1.6044
1.6044
1.60542
1.60555
1.60428
1.6035
1.60347
1.60397
1.60567
1.6061
1.60606
1.60596
1.606
1.60615
1.6057
1.60629
1.60685
1.60575
1.60496
1.60467
1.60453
1.60346
1.60301
1.60455
1.60464
1.60569
1.60601
1.6058
1.60557
1.60621
1.6069
1.60715
1.60849
1.60883
1.60904
1.60934
1.60934
1.61098
1.61028
1.60892
1.60915
1.60885
1.60841
1.60914
1.60769
1.60685
1.60788
1.60785
1.60698
1.605
1.60406
1.60406
1.60321
1.60321
1.60381
1.60454
1.60454
1.60454
1.60377
1.60379
1.60232
1.60353
1.60192
1.60162
1.60247
1.60276
1.60324
1.60452
1.60507
1.60571
1.60568
1.60649
1.60437
1.60505
1.6043
1.60349
1.60473
1.60462
1.6036
1.60264
1.60261
1.60377
1.60377
1.60276
1.60257
1.60131
1.60176
1.60139
1.60141
1.60039
1.60066
1.60107
1.60133
1.60145
1.60195
1.6023
1.60414
1.60472
1.60224
1.60288
1.60254
1.60219
1.60218
1.60167
1.6026
1.60376
1.60375
1.60202
1.60225
1.60225
1.60249
1.60328
1.60413
1.60522
1.60445
1.60493
1.60603
1.60603
1.60643
1.60497
1.6069
1.60818
1.60874
1.60751
1.60751
1.60973
1.60902
1.60739
1.60862
1.60799
1.60758
1.60759
1.60648
1.60628
1.6072
1.60697
1.6064
1.6061
1.60613
1.60596
1.60588
1.60598
1.60596
1.60583
1.60583
1.6047
1.60327
1.60308
1.6037
1.60284
1.60264
1.60264
1.60343
1.60304
1.60288
1.60296
1.60419
1.60419
1.60412
1.60448
1.6064
1.60613
1.60631
1.60566
1.6049
1.60474
1.60443
1.60518
1.60503
1.60492
1.6062
1.60613
1.60476
1.60438
1.60508
1.60498
1.60374
1.60319
1.60256
1.6027
1.60312
1.60482
1.60282
1.60304
1.60302
1.60115
1.60162
1.60268
1.6027
1.6027
1.60292
1.60242
1.60204
1.60247
1.60215
1.60225
1.60153
1.6017
1.60111
1.60041
1.60121
1.60109
1.60073
1.60191
1.60185
1.60123
1.6015
1.60293
1.60222
1.60108
1.60262
1.60262
1.60355
1.60355
1.60392
1.6043
1.60356
1.60323
1.60373
1.60332
1.60351
1.6028
1.60298
1.60301
1.60388
1.60324
1.60244
1.60283
1.60202
1.60177
1.60167
1.60375
1.60345
1.60402
1.60375
1.60315
1.60287
1.60287
1.60265
1.60361
1.60408
1.60508
1.60445
1.60479
1.60512
1.60328
1.60403
1.60232
1.60291
1.60375
1.60375
1.60412
1.60361
1.60388
1.60383
1.60314
1.60415
1.60286
1.60319
1.60221
1.60066
1.60011
1.60042
1.60172
1.60073
1.60073
1.60141
1.60207
1.60207
1.60323
1.60409
1.60495
1.60527
1.60467
1.60388
1.60402
1.60516
1.6048
1.60407
1.60484
1.6049
1.60592
1.60622
1.60622
1.60619
1.60619
1.60629
1.6048
1.60362
1.60543
1.60407
1.60524
1.60491
1.60465
1.60374
1.60235
1.60248
1.6015
1.60284
1.60455
1.60374
1.60332
1.60473
1.60466
1.60598
1.60471
1.60368
1.60493
1.60507
1.60572
1.60595
1.60483
1.60408
1.60359
1.6025
1.60341
1.60252
1.60077
1.60226
1.60158
1.60266
1.60266
1.60339
1.60302
1.60408
1.60416
1.6049
1.60484
1.60246
1.60466
1.606
1.60673
1.60686
1.60721
1.60721
1.6089
1.60819
1.60821
1.60681
1.60747
1.60747
1.60633
1.60717
1.60688
1.60636
1.60636
1.60597
1.60425
1.60421
1.60296
1.60126
1.601
1.60059
1.60035
1.60122
1.60106
1.59945
1.60143
1.60296
1.6027
1.60211
1.60232
1.60136
1.6032
1.60294
1.60294
1.60237
1.602
1.60234
1.60229
1.60229
1.60185
1.60304
1.60325
1.60292
1.6026
1.60281
1.60254
1.60252
1.60354
1.60276
1.60382
1.6035
1.60457
1.60382
1.60427
1.6035
1.60322
1.60359
1.60411
1.60253
1.60289
1.60179
1.60242
1.60294
1.60343
1.60517
1.60698
1.60575
1.60508
1.60542
1.60587
1.60782
1.60729
1.60793
1.60793
1.60793
1.60849
1.60825
1.60798
1.60697
1.60653
1.60719
1.60719
1.60678
1.60682
1.6056
1.60632
1.60649
1.60597
1.60583
1.60624
1.60673
1.60677
1.60704
1.60666
1.60715
1.60715
1.60687
1.60687
1.60593
1.6047
1.60417
1.60387
1.60324
1.60445
1.60415
1.60425
1.60324
1.60348
1.60261
1.60304
1.60304
1.60442
1.60442
1.60461
1.60386
1.60471
1.60471
1.60451
1.60332
1.60263
1.60269
1.60336
1.60256
1.60162
1.60202
1.602
1.60158
1.60194
1.60403
1.60274
1.60185
1.60174
1.60035
1.60066
1.60066
1.60217
1.60303
1.60359
1.60326
1.60282
1.60423
1.60293
1.60367
1.60331
1.60263
1.60272
1.60285
1.6025
1.60243
1.60178
1.60172
1.60249
1.60186
1.60204
1.60237
1.60224
1.60106
1.60099
1.60121
1.60121
1.60033
1.60087
1.60148
1.60305
1.6026
1.60204
1.60195
1.60223
1.60235
1.60235
1.60224
1.60198
1.60105
1.60051
1.60051
1.60024
1.5997
1.59907
1.59943
1.59968
1.5987
1.59881
1.59972
1.59972
1.59766
1.59653
1.59672
1.59776
1.5949
1.5949
1.59599
1.59621
1.59592
1.59649
1.59852
1.59852
1.5974
1.59741
1.59773
1.59706
1.59632
1.59565
1.59601
1.59578
1.59704
1.59719
1.59763
1.59763
1.59777
1.5981
1.59782
1.59782
1.59796
1.59688
1.59652
1.59677
1.59617
1.59677
1.59628
1.59633
1.59739
1.59818
1.60004
1.60023
1.59863
1.59834
1.59841
1.59841
1.59796
1.59759
1.59692
1.59703
1.5979
1.59874
1.59885
1.60049
1.60179
1.60179
1.60149
1.60149
1.60102
1.59925
1.59924
1.60036
1.60045
1.60182
1.6015
1.60142
1.60142
1.60162
1.60218
1.60218
1.60218
1.60265
1.60135
1.60171
1.60058
1.60109
1.6011
1.6007
1.60007
1.60139
1.6009
1.60112
1.59977
1.60025
1.60025
1.60043
1.60043
1.60043
1.60043
1.60043
1.59981
1.60035
1.59968
1.59845
1.59876
1.59876
1.59747
1.59874
1.59874
1.59956
1.5991
1.60094
1.59876
1.59939
1.59934
1.59928
1.59928
1.59846
1.59783
1.59811
1.59813
1.5966
1.59806
1.59916
1.59989
1.60048
1.60048
1.60054
1.60167
1.60265
1.60111
1.60096
1.60101
1.60129
1.6002
1.59952
1.59912
1.59834
1.59769
1.5976
1.5963
1.5977
1.59952
1.60057
1.60052
1.60233
1.60235
1.60135
1.60056
1.60099
1.60046
1.60087
1.60068
1.60043
1.601
1.60116
1.60116
1.60222
1.60068
1.60006
1.60076
1.60086
1.59922
1.59944
1.60087
1.6013
1.60061
1.60117
1.60117
1.6033
1.60303
1.60261
1.60338
1.60375
1.60344
1.60334
1.60307
1.6033
1.60417
1.60401
1.60349
1.60349
1.60368
1.6032
1.60365
1.6051
1.60473
1.6047
1.60528
1.60453
1.60426
1.60431
1.60619
1.60512
1.60512
1.60437
1.60411
1.60591
1.60531
1.6045
1.60396
1.60299
1.60299
1.60335
1.60335
1.6035
1.60422
1.60526
1.60655
1.60687
1.60687
1.60779
1.60768
1.60773
1.60696
1.60752
1.60625
1.60552
1.60619
1.60642
1.60649
1.60631
1.60671
1.60558
1.60602
1.60681
1.60628
1.6057
1.60595
1.60644
1.6063
1.60651
1.60542
1.6059
1.60598
1.60598
1.60602
1.60423
1.60527
1.6049
1.60311
1.60216
1.6035
1.6047
1.60559
1.60673
1.60731
1.60531
1.60607
1.60653
1.60506
1.60307
1.60375
1.60461
1.60396
1.60431
1.6042
1.60389
1.60306
1.60231
1.60172
1.59992
1.59754
1.59786
1.59896
1.59896
1.59876
1.59706
1.59781
1.59869
1.59974
1.60055
1.60064
1.60129
1.60222
1.602
1.60225
1.60246
1.60253
1.60441
1.60371
1.60371
1.60313
1.60332
1.60386
1.60201
1.60151
1.60158
1.60092
1.60224
1.60294
1.60341
1.60245
1.6028
1.60304
1.60296
1.60233
1.60239
1.60162
1.60175
1.60224
1.60241
1.60342
1.60428
1.6036
1.60215
1.60215
1.6013
1.60225
1.60358
1.60516
1.60549
1.60508
1.60429
1.60295
1.60332
1.60265
1.60411
1.60314
1.60364
1.60426
1.60296
1.60348
1.60406
1.60425
1.60256
1.60262
1.60219
1.60241
1.60296
1.60281
1.60258
1.60301
1.60301
1.60121
1.60105
1.6004
1.60049
1.60073
1.60149
1.60149
1.60194
1.60237
1.60124
1.60124
1.60136
1.60192
1.60123
1.60133
1.60227
1.60424
1.60381
1.60261
1.60339
1.60318
1.60372
1.60319
1.60243
1.60243
1.6028
1.60241
1.6026
1.60196
1.60123
1.60063
1.60073
1.60124
1.60102
1.60149
1.601
1.59972
1.59965
1.60018
1.60044
1.60037
1.6005
1.59994
1.59994
1.59991
1.59931
1.59952
1.6006
1.60196
1.60196
1.60212
1.60308
1.60386
1.60245
1.60186
1.60213
1.60182
1.60157
1.60185
1.60061
1.60052
1.59993
1.60083
1.60145
1.6036
1.60316
1.60299
1.60299
1.60302
1.60343
1.60323
1.60265
1.60299
1.60144
1.60132
1.60154
1.60238
1.60157
1.60218
1.60218
1.60229
1.60257
1.60337
1.60433
1.60398
1.60398
1.60406
1.60292
1.60379
1.60377
1.60436
1.60242
1.60075
1.60075
1.60075
1.60069
1.60121
1.60219
1.60189
1.60283
1.60207
1.60184
1.60178
1.60244
1.60365
1.60365
1.60212
1.6029
1.60301
1.60285
1.60302
1.60223
1.60223
1.60201
1.60164
1.60234
1.60202
1.60192
1.60242
1.60305
1.60389
1.60296
1.60306
1.60334
1.60334
1.60272
1.60272
1.60166
1.60104
1.60079
1.60031
1.59968
1.59948
1.59971
1.6007
1.60126
1.60152
1.60095
1.60231
1.60296
1.60456
1.60445
1.60334
1.60265
1.60305
1.60337
1.60227
1.60125
1.60232
1.60261
1.60067
1.60185
1.60403
1.6028
1.6024
1.60349
1.60222
1.60191
1.60124
1.60144
1.60144
1.60144
1.60119
1.60045
1.60045
1.60226
1.60215
1.60156
1.59851
1.59877
1.59877
1.5986
1.59899
1.59899
1.59786
1.59791
1.5972
1.59907
1.59828
1.59808
1.59958
1.59854
1.59899
1.59993
1.59977
1.59891
1.59706
1.59635
1.59752
1.59858
1.59858
1.59846
1.59865
1.59837
1.59833
1.59842
1.59877
1.59822
1.59719
1.59859
1.59978
1.60119
1.60052
1.60052
1.60111
1.60289
1.60311
1.60214
1.60239
1.60255
1.60008
1.60008
1.60008
1.59953
1.59913
1.59877
1.5988
1.60012
1.59874
1.59826
1.59729
1.59781
1.59875
1.59761
1.59761
1.59771
1.59676
1.59712
1.5976
1.59671
1.59746
1.59936
1.60057
1.5995
1.59898
1.59851
1.59715
1.59815
1.59957
1.60173
1.60075
1.60162
1.60191
1.60156
1.60121
1.60239
1.60302
1.60255
1.60218
1.60241
1.60093
1.60132
1.60156
1.60218
1.60132
1.60285
1.60155
1.60007
1.59866
1.59917
1.60002
1.6015
1.60248
1.60247
1.6034
1.6026
1.60378
1.60341
1.60477
1.60471
1.6047
1.6049
1.60564
1.60691
1.60691
1.60575
1.60563
1.60451
1.6045
1.60374
1.60247
1.6011
1.60118
1.6008
1.6008
1.60117
1.60105
1.60186
1.60307
1.60195
1.60328
1.60334
1.60378
1.60395
1.60394
1.6043
1.60383
1.60381
1.60512
1.60533
1.60533
1.60666
1.60553
1.60421
1.60455
1.60348
1.60344
1.60326
1.60427
1.60522
1.60477
1.60259
1.60151
1.60269
1.60312
1.60312
1.60375
1.60384
1.6035
1.6035
1.6023
1.60232
1.60232
1.60219
1.60293
1.60431
1.60493
1.60495
1.60538
1.60588
1.60424
1.6043
1.60442
1.60535
1.60468
1.60354
1.60387
1.60341
1.60393
1.60393
1.60393
1.60215
1.60159
1.60168
1.60272
1.60247
1.60275
1.60138
1.60154
1.60202
1.60334
1.60305
1.60383
1.60442
1.60491
1.60635
1.60613
1.606
1.6077
1.60639
1.60584
1.60557
1.60652
1.60497
1.60487
1.60496
1.60496
1.60496
1.60589
1.60624
1.6056
1.60669
1.60586
1.60654
1.60524
1.60566
1.60571
1.60571
1.60567
1.60532
1.60646
1.60714
1.60623
1.60623
1.60659
1.60612
1.605
1.60554
1.60554
1.60422
1.60412
1.60338
1.60299
1.60398
1.60208
1.60224
1.60138
1.60254
1.60211
1.60223
1.60205
1.60313
1.60313
1.60294
1.6038
1.6038
1.60454
1.60373
1.60297
1.60385
1.60385
1.60338
1.60319
1.60359
1.60351
1.60281
1.60392
1.60381
1.60442
1.60363
1.60475
1.60351
1.60351
1.60444
1.60405
1.60447
1.60443
1.60547
1.60506
1.6047
1.60465
1.6052
1.60399
1.60413
1.60505
1.60386
1.60349
1.60373
1.60456
1.60514
1.60364
1.60322
1.60452
1.60341
1.60236
1.60022
1.59924
1.59935
1.59877
1.5976
1.59892
1.60016
1.59907
1.5999
1.5999
1.60038
1.60175
1.60175
1.60149
1.60205
1.60226
1.60226
1.6017
1.60262
1.60184
1.60014
1.59989
1.60112
1.60036
1.60039
1.6007
1.6017
1.60179
1.60179
1.60199
1.60199
1.60199
1.60198
1.60317
1.60306
1.60288
1.60249
1.6021
1.6032
1.60317
1.60327
1.6039
1.60223
1.6005
1.60045
1.60215
1.60158
1.6013
1.60122
1.60125
1.60149
1.60081
1.60118
1.60118
1.60008
1.60008
1.59977
1.59879
1.59879
1.59942
1.5982
1.60013
1.60042
1.6
1.59978
1.59915
1.60045
1.60018
1.60055
1.60163
1.60255
1.60328
1.60328
1.60291
1.60387
1.6048
1.60512
1.60512
1.60507
1.6056
1.60517
1.60685
1.6077
1.60716
1.60812
1.60979
1.6076
1.60671
1.60626
1.60533
1.60533
1.60486
1.60593
1.60749
1.60789
1.60697
1.60621
1.60567
1.60661
1.60503
1.60462
1.60441
1.60542
1.60667
1.60572
1.60538
1.60526
1.60623
1.60616
1.60602
1.6061
1.6065
1.60718
1.607
1.60733
1.60685
1.60598
1.60598
1.60465
1.60316
1.603
1.60082
1.60266
1.60287
1.60333
1.60388
1.60301
1.60287
1.60131
1.60082
1.60066
1.60277
1.60167
1.60117
1.59969
1.60022
1.59861
1.59848
1.59848
1.59825
1.59869
1.59934
1.59893
1.59954
1.59979
1.59942
1.5996
1.59873
1.59902
1.5997
1.59997
1.59953
1.59953
1.60009
1.6001
1.59966
1.59996
1.60078
1.60056
1.59948
1.60107
1.60196
1.60203
1.60203
1.6027
1.60155
1.60159
1.60295
1.60272
1.60212
1.60205
1.60206
1.60077
1.60147
1.60274
1.60208
1.60085
1.60047
1.60005
1.60022
1.60067
1.602
1.60183
1.60058
1.60097
1.60166
1.60086
1.60162
1.60054
1.60133
1.60131
1.60122
1.60084
1.60139
1.60132
1.60219
1.60201
1.60127
1.60217
1.60233
1.60271
1.60325
1.60317
1.60463
1.60439
1.60502
1.60456
1.60348
1.603
1.60343
1.60297
1.60455
1.60437
1.6038
1.6038
1.60234
1.60134
1.60108
1.60138
1.60274
1.60275
1.60275
1.60272
1.60238
1.60272
1.60256
1.60206
1.60256
1.60383
1.60242
1.60201
1.60012
1.60015
1.60019
1.60031
1.60129
1.60013
1.60164
1.60329
1.60235
1.60248
1.60246
1.60155
1.60309
1.60321
1.60284
1.60284
1.60284
1.60284
1.60256
1.60062
1.60016
1.60041
1.59973
1.60044
1.60124
1.6008
1.60184
1.60173
1.6001
1.60008
1.59894
1.59938
1.59919
1.59785
1.59813
1.59847
1.59885
1.60058
1.60066
1.5994
1.59924
1.60051
1.59987
1.59828
1.59748
1.59748
1.59748
1.59795
1.59847
1.59964
1.60004
1.60036
1.60102
1.60038
1.59996
1.60077
1.60077
1.60143
1.60221
1.60281
1.60184
1.60233
1.60257
1.60152
1.60052
1.60155
1.60046
1.59975
1.60066
1.60167
1.60167
1.60054
1.60227
1.60081
1.60081
1.6007
1.60079
1.60231
1.60188
1.60077
1.60039
1.59985
1.59968
1.59956
1.59843
1.5977
1.59991
1.59956
1.59988
1.60061
1.5996
1.59928
1.60032
1.59962
1.6008
1.60078
1.60111
1.59961
1.59916
1.59994
1.59994
1.60019
1.60013
1.60017
1.59974
1.60039
1.60014
1.60048
1.59897
1.59829
1.59862
1.59988
1.60043
1.60037
1.60059
1.60182
1.60264
1.60195
1.60276
1.60442
1.60438
1.60337
1.60326
1.60326
1.60256
1.6027
1.60163
1.60175
1.60193
1.60245
1.60234
1.60123
1.60164
1.60098
1.60042
1.60194
1.60194
1.60159
1.60209
1.60209
1.60279
1.60379
1.60393
1.60394
1.60378
1.60421
1.60462
1.60397
1.60288
1.60321
1.60279
1.60258
1.60258
1.60249
1.60233
1.60198
1.60173
1.60294
1.60372
1.60372
1.60372
1.60349
1.60314
1.60326
1.60452
1.60452
1.60462
1.60423
1.6036
1.60312
1.60277
1.60299
1.60332
1.60305
1.60279
1.60404
1.60519
1.6053
1.60515
1.6049
1.6045
1.60323
1.60332
1.60269
1.60407
1.60421
1.60204
1.60204
1.60307
1.60346
1.60316
1.6033
1.60403
1.60419
1.60468
1.60513
1.60513
1.60513
1.60544
1.60457
1.60379
1.60333
1.60279
1.6022
1.602
1.60328
1.60388
1.60388
1.60471
1.60374
1.60488
1.60445
1.60329
1.60393
1.60335
1.60335
1.60344
1.60501
1.60546
1.6056
1.60593
1.60664
1.60667
1.60644
1.60672
1.60613
1.60574
1.60559
1.60531
1.60558
1.60426
1.60426
1.60418
1.60546
1.60481
1.60389
1.60356
1.60239
1.6008
1.60055
1.5999
1.60036
1.60116
1.60172
1.60116
1.60201
1.60272
1.60339
1.60226
1.60226
1.60323
1.60245
1.60207
1.60253
1.6022
1.60224
1.60222
1.60259
1.60336
1.60392
1.60313
1.60313
1.6027
1.60131
1.60107
1.60129
1.59992
1.60059
1.60076
1.60067
1.60184
1.60124
1.60143
1.60143
1.60127
1.60005
1.6005
1.59939
1.59989
1.60195
1.6009
1.60197
1.60234
1.60289
1.60304
1.60254
1.60244
1.60249
1.6027
1.60339
1.60373
1.60684
1.60641
1.6064
1.60569
1.60446
1.60349
1.60387
1.60197
1.60284
1.60297
1.60258
1.60122
1.60197
1.60124
1.60047
1.60096
1.60096
1.60023
1.60059
1.59958
1.59878
1.59998
1.6003
1.59993
1.59956
1.59931
1.59864
1.6004
1.60169
1.60035
1.60002
1.59997
1.60013
1.59919
1.59919
1.59935
1.6
1.59908
1.60041
1.6002
1.59964
1.59979
1.5988
1.59754
1.59758
1.59777
1.59816
1.5974
1.59842
1.59866
1.60027
1.60119
1.60119
1.60152
1.60282
1.60142
1.60045
1.59883
1.59946
1.59885
1.59815
1.59751
1.59744
1.59678
1.59754
1.59926
1.59926
1.59894
1.60009
1.5994
1.59796
1.59963
1.59934
1.5998
1.59989
1.59963
1.6005
1.59959
1.6005
1.5995
1.59869
1.59977
1.59871
1.59983
1.60013
1.60074
1.59968
1.59959
1.5988
1.59936
1.59875
1.59785
1.59802
1.5982
1.59788
1.59858
1.59858
1.59915
1.59832
1.59811
1.59827
1.5986
1.60039
1.59962
1.60157
1.60263
1.60108
1.60225
1.60045
1.6
1.59954
1.59889
1.59938
1.59957
1.59841
1.60059
1.60112
1.60186
1.60086
1.60162
1.60299
1.60299
1.60259
1.60253
1.60184
1.60158
1.60262
1.60129
1.6003
1.60073
1.60152
1.60076
1.60165
1.60158
1.59924
1.59902
1.60005
1.59972
1.60036
1.60084
1.59974
1.59798
1.59863
1.59938
1.59812
1.59812
1.59748
1.5979
1.59836
1.59788
1.59881
1.59816
1.59816
1.59969
