0.0297136 0.02982018
0.0586686 0.05852419
0.0586686 0.05852419
0.0586686 0.05852419
0.0866003 0.08603957
0.0866003 0.08603957
0.0866003 0.08603957
0.0866003 0.08603957
0.0866003 0.08603957
0.0866003 0.08603957
0.0866003 0.08603957
0.113462 0.11370450
0.113462 0.11370450
0.139518 0.14003094
0.139518 0.14003094
0.164455 0.16537356
0.164455 0.16537356
0.164455 0.16537356
0.188649 0.19066030
0.211523 0.21385251
0.211523 0.21385251
0.233597 0.23738069
0.233597 0.23738069
0.254527 0.25927129
0.274769 0.28027071
0.274769 0.28027071
0.293967 0.30308326
0.312536 0.32483211
0.329996 0.34447679
0.346895 0.36378623
0.346895 0.36378623
0.346895 0.36378623
0.363212 0.38231719
0.363212 0.38231719
0.378582 0.40036818
0.394113 0.41744384
0.408225 0.43471616
0.421607 0.45229268
0.435408 0.47091720
0.448022 0.48501439
0.46098 0.49951817
0.472722 0.51554407
0.482503 0.53034295
0.4927 0.54527937
0.50257 0.55902091
0.513316 0.57137880
0.522194 0.58526415
0.532019 0.59809171
0.539594 0.61068803
0.547162 0.62326932
0.554898 0.63406137
0.561934 0.64497243
0.568269 0.65499588
0.574065 0.66618181
0.58037 0.67661164
0.586727 0.68663543
0.594368 0.69553800
0.600013 0.70668895
0.605071 0.71548478
0.611809 0.72543563
0.617331 0.73335626
0.622643 0.74216961
0.627253 0.74921808
0.633283 0.75654722
0.638634 0.76395531
0.643155 0.77169089
0.646879 0.77856039
0.650587 0.78534755
0.654562 0.79242677
0.65915 0.79979723
0.663492 0.80804153
0.666606 0.81391928
0.670522 0.82011151
0.674133 0.82493581
0.678078 0.82944900
0.683191 0.83689457
0.686652 0.84265378
0.689252 0.84874011
0.69278 0.85238252
0.695566 0.85694053
0.698475 0.86301749
0.700688 0.86625579
0.704064 0.87155722
0.707023 0.87619117
0.710016 0.88083939
0.712533 0.88520133
0.714778 0.88760838
0.717773 0.89171733
0.719285 0.89542443
0.721973 0.90066509
0.723371 0.90493122
0.725474 0.90807468
0.727978 0.91154505
0.730483 0.91429575
0.731686 0.91728138
0.733518 0.92114542
0.733518 0.92114542
0.735304 0.92406905
0.737579 0.92750887
0.739282 0.93022404
0.740797 0.93198763
0.741281 0.93488260
0.74297 0.93646737
0.74533 0.93929349
0.747073 0.94433825
0.749044 0.94688033
0.751781 0.94899499
0.752898 0.95164614
0.753732 0.95360709
0.753874 0.95630983
0.753601 0.95745837
0.754454 0.96010538
0.753711 0.96264145
0.753711 0.96264145
0.753444 0.96451889
0.754065 0.96659360
0.756019 0.96720714
0.759205 0.96918523
0.761172 0.97065309
0.762075 0.97248710
0.762314 0.97253336
0.763316 0.97604166
0.763154 0.97865336
0.762982 0.98040305
0.764663 0.98168547
0.765268 0.98267645
0.76551 0.98235118
0.765695 0.98390597
0.766644 0.98841211
0.766327 0.98714493
0.766369 0.98943515
0.767093 0.99013985
0.768329 0.99158743
0.770525 0.99113078
0.77152 0.99140799
0.772328 0.99033672
0.772867 0.99195685
0.774548 0.99341242
0.774025 0.99603827
0.775366 0.99858877
0.775187 0.99950912
0.774789 1.00200258
0.775407 1.00152428
0.776606 1.00125734
0.77803 1.00228118
0.778936 1.00277056
0.778182 1.00467068
0.779357 1.00672325
0.778785 1.00734491
0.779141 1.00786655
0.779252 1.00830514
0.779852 1.00945538
0.780214 1.01047290
0.780909 1.00868685
0.781416 1.00953856
0.78179 1.00884044
0.782992 1.01066730
0.783528 1.01283104
0.784934 1.01473072
0.785893 1.01532151
0.784982 1.01721382
0.785952 1.01823309
0.786146 1.01796131
0.785896 1.01786414
0.786482 1.01591610
0.786482 1.01591610
0.786955 1.01611803
0.786955 1.01611803
0.787909 1.01810386
0.788649 1.01553206
0.788419 1.01823373
0.787759 1.02071622
0.788041 1.01988545
0.787082 1.01977471
0.787958 1.02229232
0.789228 1.02043044
0.790734 1.02046690
0.790315 1.02043709
0.790136 1.02158770
0.790136 1.02158770
0.790807 1.02281409
0.790741 1.02432711
0.790126 1.02536273
0.790186 1.02687595
0.790329 1.02747661
0.789159 1.02685933
0.788978 1.02584734
0.788181 1.02832093
0.788181 1.02832093
0.789544 1.02722132
0.79051 1.02700808
0.789951 1.02699792
0.790832 1.02695794
0.791408 1.02457573
0.790955 1.02520748
0.790272 1.02696009
0.790747 1.02777116
0.791357 1.02743188
0.790556 1.02745265
0.79092 1.02658804
0.792913 1.02867818
0.792913 1.02867818
0.793242 1.02821694
0.793596 1.02807491
0.794515 1.02667950
0.795288 1.02821128
0.794142 1.02877221
0.794748 1.02788411
0.794748 1.02788411
0.794652 1.02913139
0.79457 1.03053240
0.795345 1.03221072
0.796267 1.03316130
0.79608 1.03318111
0.795999 1.03278382
0.795999 1.03278382
0.795694 1.02976440
0.795169 1.03076686
0.795276 1.03159421
0.795477 1.03141853
0.795947 1.03189616
0.795625 1.03253299
0.79529 1.03174183
0.795217 1.03304408
0.796005 1.03288748
0.796992 1.03282243
0.796559 1.03708043
0.795722 1.03785149
0.795431 1.03702828
0.795431 1.03702828
0.795109 1.03538840
0.793834 1.03545429
0.793834 1.03545429
0.79514 1.03360736
0.795394 1.03419229
0.795965 1.03428668
0.796474 1.03428477
0.797521 1.03419922
0.797928 1.03546005
0.797883 1.03606094
0.798605 1.03757839
0.798605 1.03757839
0.79817 1.03808343
0.79698 1.03886988
0.797024 1.03964093
0.79719 1.03780676
0.797724 1.03675179
0.796584 1.03427374
0.795764 1.03389262
0.794793 1.03248848
0.79371 1.03272213
0.792904 1.03187871
0.792542 1.03318891
0.792542 1.03318891
0.794445 1.03210991
0.793934 1.03421214
0.795472 1.03332482
0.796393 1.03279452
0.799019 1.03158806
0.798381 1.03210401
0.798022 1.03047469
0.797397 1.03268164
0.796999 1.03207106
0.796599 1.03261725
0.796425 1.03299618
0.796314 1.03449855
0.796314 1.03449855
0.795775 1.03230077
0.795886 1.03423660
0.795778 1.03446569
0.796714 1.03592657
0.796454 1.03576805
0.797088 1.03810885
0.796763 1.03605877
0.796188 1.03631822
0.795655 1.03657913
0.797061 1.03778987
0.797113 1.03870977
0.796928 1.03806226
0.797244 1.03797473
0.797119 1.03844421
0.796006 1.03800909
0.796843 1.03885034
0.796152 1.03867199
0.796402 1.03906902
0.797026 1.04056497
0.79673 1.03970195
0.796428 1.03937052
0.796193 1.03850108
0.796297 1.03751791
0.795953 1.03775037
0.79656 1.03716831
0.796836 1.03530599
0.79693 1.03677376
0.799221 1.03715310
0.798432 1.03667121
0.797822 1.03561730
0.798027 1.03538939
0.797066 1.03526820
0.797545 1.03559385
0.797995 1.03607188
0.797923 1.03638419
0.798009 1.03599018
0.797382 1.03758276
0.796784 1.03691861
0.796532 1.03605421
0.79692 1.03557638
0.797589 1.03525903
0.798377 1.03453211
0.79771 1.03575905
0.79584 1.03477819
0.796386 1.03453098
0.79648 1.03662985
0.796525 1.03805068
0.796047 1.03733297
0.796062 1.03844422
0.795615 1.03823414
0.795305 1.03932365
0.796028 1.04051664
0.796246 1.04292644
0.796607 1.04230907
0.796097 1.04160762
0.797108 1.04051480
0.796292 1.04112605
0.796919 1.03930823
0.797221 1.03779719
0.797623 1.03675195
0.797859 1.03720805
0.797617 1.03842833
0.798348 1.03792307
0.798348 1.03792307
0.798869 1.03825469
0.79926 1.04101948
0.797847 1.04196507
0.797342 1.04042545
0.797415 1.04058008
0.79932 1.04264689
0.799407 1.04157161
0.799239 1.04090976
0.799144 1.04008307
0.799003 1.03889894
0.798511 1.03997587
0.798577 1.03846490
0.796447 1.03837379
0.796734 1.03793397
0.795517 1.03792132
0.796215 1.03924596
0.796215 1.03924596
0.796733 1.03809470
0.797229 1.03911182
0.79784 1.04009318
0.798199 1.03964882
0.798199 1.03964882
0.799022 1.03875590
0.798465 1.03975478
0.79887 1.03971864
0.79816 1.03938562
0.798428 1.03996288
0.799092 1.04007990
0.800492 1.04047785
0.800903 1.03884340
0.800446 1.03831858
0.800958 1.04043942
0.801538 1.03920259
0.800341 1.03915039
0.799487 1.03772144
0.799208 1.03885926
0.799208 1.03885926
0.797617 1.03811354
0.797503 1.03796710
0.797735 1.03964148
0.797735 1.03964148
0.79709 1.03921762
0.796949 1.03960245
0.797395 1.04024480
0.798532 1.03921864
0.79893 1.03859996
0.799503 1.03917325
0.799096 1.03884359
0.799449 1.03853440
0.798133 1.03823556
0.797648 1.03907107
0.799003 1.03974415
0.799622 1.03944575
0.800585 1.03856788
0.800328 1.03831076
0.800174 1.04079050
0.799149 1.04114928
0.797648 1.04031603
0.79873 1.03951796
0.798827 1.03910649
0.799505 1.03963234
0.799425 1.03926426
0.798931 1.04037631
0.799106 1.04025736
0.798983 1.03927525
0.800093 1.03792365
0.800081 1.03731146
0.800588 1.03599598
0.799841 1.03565179
0.799747 1.03557860
0.80041 1.03562857
0.800366 1.03652871
0.800963 1.03838999
0.801304 1.03932605
0.801675 1.04042826
0.80048 1.04027492
0.7994 1.03977243
0.800617 1.03956806
0.800045 1.03978668
0.801924 1.03950609
0.80081 1.03816387
0.800247 1.03899932
0.799603 1.04086064
0.799903 1.04021938
0.799769 1.03956667
0.798625 1.04120896
0.798607 1.04158827
0.799226 1.03873200
0.799224 1.03774930
0.799224 1.03774930
0.797839 1.03881675
0.79747 1.03996510
0.79747 1.03996510
0.798054 1.03993327
0.799006 1.03906809
0.797951 1.03938746
0.797815 1.04152048
0.798162 1.04137389
0.797915 1.04226740
0.797905 1.04061750
0.797782 1.03893973
0.797782 1.03893973
0.79611 1.03855013
0.796875 1.03766622
0.796966 1.03762020
0.797675 1.03559038
0.799008 1.03331586
0.79913 1.03390451
0.798197 1.03322437
0.798122 1.03318928
0.797591 1.03509368
0.796855 1.03573122
0.796788 1.03634489
0.796794 1.03744964
0.796909 1.03623138
0.796896 1.03708664
0.797602 1.03762897
0.797903 1.03846452
0.797903 1.03846452
0.797464 1.03715602
0.797464 1.03715602
0.797169 1.03618164
0.796369 1.03440401
0.796882 1.03379600
0.797559 1.03426367
0.797559 1.03426367
0.798143 1.03517216
0.798143 1.03517216
0.798188 1.03509843
0.79778 1.03471648
0.79778 1.03471648
0.79768 1.03538397
0.796757 1.03367473
0.796586 1.03605546
0.796196 1.03720722
0.795807 1.03715424
0.795889 1.03713370
0.795754 1.03771942
0.795087 1.03859281
0.796163 1.03852289
0.796861 1.03827527
0.798793 1.03957203
0.798058 1.03943253
0.796939 1.03844948
0.797053 1.03959861
0.797268 1.03808361
0.797926 1.03743561
0.798712 1.03735009
0.798712 1.03735009
0.797834 1.03820430
0.797834 1.03820430
0.798375 1.03856566
0.799766 1.03814059
0.800338 1.03776434
0.800467 1.03813654
0.800516 1.03837088
0.800248 1.03921234
0.80083 1.03969548
0.799676 1.03722127
0.799852 1.03598048
0.79887 1.03601084
0.798754 1.03678433
0.797561 1.03856281
0.797591 1.04056565
0.79891 1.04114425
0.798786 1.04053667
0.799295 1.04186071
0.798811 1.04071799
0.79837 1.04104313
0.798719 1.04047863
0.798199 1.04069817
0.798214 1.04109199
0.79773 1.04031522
0.797726 1.03963735
0.798128 1.03831471
0.797453 1.04120365
0.798517 1.04191677
0.798444 1.04270083
0.797989 1.04319405
0.798681 1.04373752
0.798469 1.04276383
0.79789 1.04136796
0.797722 1.04186998
0.797803 1.04105442
0.798074 1.03994671
0.798465 1.03937019
0.798145 1.04026714
0.798257 1.03983508
0.798783 1.03840968
0.798102 1.03719533
0.79804 1.03655704
0.797941 1.03564861
0.79823 1.03610142
0.798833 1.03505246
0.799026 1.03648016
0.797814 1.03725837
0.798092 1.03753763
0.798611 1.03756030
0.799148 1.03679503
0.79986 1.03787891
0.800725 1.03683631
0.801127 1.03751721
0.80069 1.03912285
0.799471 1.03914690
0.798057 1.03773062
0.797811 1.03718472
0.798725 1.03530400
0.797892 1.03576588
0.798477 1.03696548
0.798729 1.03699938
0.799492 1.03806841
0.798568 1.03584128
0.798595 1.03700031
0.798825 1.03501311
0.798896 1.03508404
0.798738 1.03554569
0.798738 1.03554569
0.799223 1.03807586
0.799223 1.03807586
0.798684 1.03983819
0.798351 1.03917618
0.799135 1.03736562
0.799396 1.03596965
0.799337 1.03741209
0.799154 1.03763628
0.800098 1.03683219
0.800337 1.03956121
0.800337 1.03956121
0.79988 1.03827869
0.800333 1.03657413
0.798743 1.03801673
0.798703 1.03673000
0.798426 1.03662401
0.798315 1.03692321
0.798971 1.03720323
0.798558 1.03808939
0.798828 1.03669732
0.799706 1.03698283
0.798737 1.03597475
0.79811 1.03581732
0.798427 1.03587145
0.798179 1.03716360
0.797633 1.03781691
0.797711 1.03882886
0.797975 1.03978636
0.796548 1.03959062
0.796658 1.03962966
0.795494 1.03914289
0.795494 1.03914289
0.796584 1.03855427
0.796369 1.03875006
0.796214 1.03997433
0.796763 1.04007997
0.796763 1.04007997
0.797222 1.04239903
0.797112 1.04220338
0.796319 1.04138161
0.796715 1.04042824
0.796114 1.04116328
0.795366 1.04105404
0.796205 1.04139368
0.796205 1.04139368
0.796846 1.04072827
0.796518 1.03925692
0.796518 1.03925692
0.796069 1.03859059
0.797173 1.03821226
0.796946 1.03855726
0.796271 1.03959044
0.794827 1.04118415
0.794973 1.03960416
0.794973 1.03960416
0.79466 1.03865490
0.795042 1.03850214
0.795454 1.03970294
0.79633 1.03888222
0.796263 1.03905370
0.796964 1.03954349
0.797539 1.04016673
0.797711 1.04090355
0.798115 1.03852741
0.798083 1.03666799
0.797992 1.03764056
0.797777 1.03740941
0.798238 1.03806593
0.797363 1.03619195
0.798078 1.03464319
0.799594 1.03567363
0.799292 1.03520421
0.79957 1.03545031
0.79844 1.03697730
0.798559 1.03722499
0.797728 1.03780065
0.796745 1.03628529
0.797465 1.03550510
0.797054 1.03632241
0.797686 1.03642997
0.797207 1.03820450
0.797207 1.03820450
0.798549 1.03723344
0.799168 1.03554010
0.79991 1.03592726
0.799694 1.03616174
0.799694 1.03616174
0.800422 1.03706764
0.800626 1.03792179
0.800627 1.03659303
0.799307 1.03698009
0.797229 1.03831475
0.797229 1.03831475
0.797724 1.03682361
0.798042 1.03605368
0.798434 1.03496533
0.798913 1.03365017
0.79879 1.03392987
0.79865 1.03356319
0.798387 1.03249596
0.798151 1.03418380
0.798497 1.03458651
0.798735 1.03608078
0.798822 1.03569151
0.797992 1.03618101
0.796833 1.03738684
0.797717 1.03599973
0.797316 1.03658460
0.796683 1.03557253
0.796943 1.03630181
0.797165 1.03478914
0.798227 1.03477790
0.798042 1.03568973
0.798583 1.03368042
0.798072 1.03503250
0.798241 1.03672114
0.800239 1.03652064
0.80037 1.03714953
0.800099 1.03851531
0.801238 1.03922595
0.800586 1.03719652
0.800791 1.03755518
0.800162 1.03755642
0.800162 1.03755642
0.799584 1.03769176
0.799938 1.03737810
0.80161 1.03688787
0.801796 1.03614262
0.801633 1.03611998
0.801672 1.03378897
0.80216 1.03452346
0.802299 1.03442142
0.801934 1.03453082
0.801505 1.03452874
0.80128 1.03459446
0.801539 1.03563298
0.800736 1.03559283
0.801116 1.03409229
0.801492 1.03455336
0.800292 1.03301410
0.800056 1.03190634
0.800848 1.03087563
0.801617 1.02965039
0.800965 1.02948649
0.800897 1.03143054
0.799624 1.02860172
0.798894 1.02894358
0.799362 1.02875560
0.799362 1.02875560
0.799258 1.03049115
0.798105 1.03180941
0.798342 1.03152128
0.799296 1.03358577
0.799097 1.03316016
0.800506 1.03534379
0.799967 1.03551923
0.798544 1.03651256
0.798338 1.03526294
0.798638 1.03565912
0.799864 1.03567085
0.800274 1.03576750
0.799475 1.03753188
0.799509 1.03652259
0.798618 1.03640244
0.799275 1.03660119
0.799255 1.03638073
0.79933 1.03835049
0.79933 1.03835049
0.799661 1.03834659
0.800591 1.03795450
0.801026 1.03738328
0.800374 1.03714348
0.800972 1.03782214
0.800927 1.03799030
0.800386 1.03986334
0.801471 1.04014369
0.801058 1.04004496
0.800418 1.04102876
0.800863 1.04157953
0.801275 1.04139722
0.800961 1.04320695
0.800894 1.04350529
0.801365 1.04303914
0.801953 1.04266324
0.801885 1.03974188
0.802067 1.03614855
0.801426 1.04001405
0.799821 1.03952344
0.799264 1.03942006
0.798274 1.03863632
0.797611 1.03871020
0.797509 1.03648228
0.797202 1.03781487
0.797269 1.03858402
0.798685 1.03732464
0.798621 1.03584928
0.799015 1.03546654
0.799235 1.03569870
0.800739 1.03645355
0.800753 1.03598238
0.800885 1.03674061
0.801474 1.03793116
0.801281 1.03734118
0.801608 1.03885297
0.802294 1.03963181
0.801571 1.03970737
0.801708 1.04023674
0.801503 1.03997602
0.802186 1.04057179
0.802136 1.04177990
0.802136 1.04177990
0.802158 1.04257485
0.802202 1.04175404
0.800805 1.04120001
0.8008 1.04388713
0.79994 1.04317393
0.800773 1.04294841
0.80024 1.04189640
0.80092 1.04104739
0.801445 1.04313502
0.801042 1.04277076
0.800907 1.04267994
0.800791 1.04291966
0.799857 1.04379395
0.799636 1.04433875
0.799689 1.04327260
0.798933 1.04286936
0.798965 1.04278612
0.798789 1.04324277
0.800432 1.04316419
0.801226 1.04529801
0.802529 1.04436391
0.802248 1.04210421
0.802376 1.04230707
0.801677 1.04200541
0.80187 1.04243634
0.801808 1.04079825
0.801822 1.04151993
0.800831 1.04197328
0.800518 1.04233505
0.800518 1.04233505
0.800666 1.04287345
0.800666 1.04287345
0.799592 1.04474079
0.798994 1.04333779
0.797966 1.04289873
0.796832 1.04302834
0.796865 1.04122761
0.797061 1.03952548
0.797482 1.03899373
0.79844 1.03827815
0.798385 1.03771338
0.797905 1.04030005
0.798728 1.03894928
0.799343 1.03648269
0.79928 1.03607659
0.798658 1.03354143
0.798889 1.03562286
0.798889 1.03562286
0.798099 1.03599968
0.796961 1.03602499
0.797076 1.03520118
0.797009 1.03643868
0.79664 1.03671861
0.797017 1.03620139
0.797456 1.03396871
0.796665 1.03363519
0.796142 1.03407757
0.796182 1.03310002
0.795926 1.03384211
0.795622 1.03373620
0.79552 1.03463460
0.795231 1.03584373
0.794989 1.03483992
0.795773 1.03395946
0.796874 1.03433473
0.796591 1.03547577
0.795832 1.03450279
0.79629 1.03720945
0.796907 1.03574271
0.796084 1.03600998
0.796489 1.03628868
0.796597 1.03420845
0.796025 1.03320614
0.796189 1.03214040
0.796138 1.03040303
0.797298 1.03083101
0.796841 1.03300765
0.797634 1.03361100
0.798008 1.03360696
0.798008 1.03360696
0.798908 1.03255578
0.799025 1.03241341
0.798149 1.03199500
0.799334 1.03377599
0.798716 1.03417353
0.798644 1.03386625
0.798349 1.03513931
0.798449 1.03554473
0.798268 1.03578260
0.797506 1.03739225
0.798682 1.03966514
0.798682 1.03966514
0.798583 1.04041466
0.799741 1.03809431
0.798579 1.03803028
0.798579 1.03803028
0.797659 1.03894788
0.797075 1.04082145
0.797075 1.04082145
0.797913 1.03934305
0.796762 1.03774761
0.797419 1.03809703
0.796946 1.03692668
0.795449 1.03690287
0.795841 1.03717456
0.795841 1.03717456
0.795724 1.03624155
0.796748 1.03632392
0.79772 1.03753039
0.797498 1.03699748
0.798675 1.03790425
0.798373 1.03836757
0.798718 1.03726366
0.798192 1.03599648
0.797386 1.03562038
0.797944 1.03578471
0.799672 1.03473488
0.799336 1.03407082
0.798968 1.03500146
0.79843 1.03331310
0.799413 1.03229559
0.798462 1.03272522
0.798109 1.03261525
0.797928 1.03475803
0.797887 1.03300554
0.798525 1.03189968
0.79824 1.03273170
0.799689 1.03341675
0.799012 1.03469038
0.79863 1.03362278
0.798793 1.03537528
0.798304 1.03571189
0.797844 1.03549282
0.797032 1.03665798
0.796829 1.03728542
0.796477 1.03734180
0.79624 1.03664639
0.79624 1.03664639
0.796923 1.03575042
0.796675 1.03431551
0.797826 1.03483713
0.797826 1.03483713
0.798427 1.03589643
0.797483 1.03753032
0.798134 1.03789571
0.79879 1.03677273
0.798039 1.03706248
0.797642 1.03730034
0.797848 1.03810296
0.798535 1.03773524
0.798157 1.03620385
0.798195 1.03712478
0.797318 1.03649652
0.796437 1.03766765
0.796546 1.03922366
0.797499 1.03876292
0.797499 1.03876292
0.797606 1.03788186
0.798632 1.04026880
0.798286 1.04011206
0.797555 1.04024014
0.796973 1.03839339
0.79726 1.03941684
0.797106 1.03793285
0.798725 1.03915400
0.798444 1.03759252
0.799142 1.03680879
0.798873 1.03596610
0.798873 1.03596610
0.798724 1.03586607
0.799419 1.03520318
0.799523 1.03520619
0.79933 1.03674943
0.79933 1.03674943
0.799495 1.03752092
0.799495 1.03752092
0.799462 1.03800754
0.79847 1.03807363
0.798641 1.03836722
0.79932 1.03860146
0.800301 1.03923435
0.800334 1.03804358
0.800334 1.03804358
0.799746 1.03792890
0.799301 1.03810184
0.799546 1.03758299
0.799546 1.03758299
0.800102 1.03700004
0.799441 1.03810863
0.799304 1.03971713
0.799516 1.04178981
0.798958 1.03975003
0.798632 1.03827210
0.798844 1.03898957
0.798844 1.03898957
0.800858 1.03847137
0.802315 1.03737212
0.803036 1.03783998
0.80357 1.03936537
0.803376 1.03938477
0.802723 1.03998403
0.802905 1.04019794
0.802905 1.04019794
0.802044 1.03972781
0.802097 1.04053804
0.801163 1.03967157
0.800858 1.04093736
0.800337 1.03982598
0.80011 1.04049575
0.799224 1.03925613
0.798295 1.03985432
0.798109 1.03864185
0.798096 1.03916233
0.797858 1.03788596
0.798368 1.03797036
0.798368 1.03797036
0.798703 1.03892873
0.798928 1.03972741
0.79891 1.03979566
0.799995 1.03975306
0.800498 1.03856714
0.800052 1.03813966
0.799528 1.03803098
0.798301 1.03696972
0.798571 1.03689595
0.798798 1.03763240
0.798764 1.03849060
0.798137 1.04137878
0.79792 1.04203082
0.797429 1.04318943
0.798435 1.04288318
0.798878 1.04306088
0.799154 1.04260061
0.798405 1.04084119
0.798804 1.04063364
0.798663 1.04057827
0.798656 1.03958851
0.798049 1.03927061
0.797222 1.04035075
0.798019 1.03985330
0.798019 1.03985330
0.797738 1.03852772
0.798511 1.03603897
0.797918 1.03445045
0.797792 1.03391322
0.797205 1.03260599
0.796666 1.03376630
0.797433 1.03419894
0.796844 1.03556105
0.797734 1.03521716
0.798833 1.03567167
0.799264 1.03480122
0.800497 1.03421595
0.801405 1.03147350
0.801095 1.03045376
0.801907 1.02991244
0.800957 1.03107517
0.800589 1.03258767
0.799854 1.03278741
0.799572 1.03430875
0.799572 1.03430875
0.800298 1.03425287
0.799067 1.03518050
0.798151 1.03388037
0.798591 1.03491551
0.799194 1.03442616
0.79972 1.03699025
0.799925 1.03884992
0.799859 1.03731714
0.799149 1.03593028
0.799109 1.03568997
0.799129 1.03507082
0.79811 1.03488192
0.79761 1.03518612
0.798043 1.03632043
0.798043 1.03632043
0.79779 1.03607132
0.798362 1.03642716
0.797672 1.03492496
0.79814 1.03379907
0.79849 1.03461223
0.797683 1.03280567
0.797683 1.03280567
0.798062 1.03457529
0.798459 1.03487365
0.798974 1.03574138
0.798874 1.03570259
0.799171 1.03462141
0.798966 1.03935371
0.798852 1.03874528
0.798536 1.03839389
0.797725 1.03656470
0.797832 1.03718589
0.79747 1.03784130
0.798552 1.03704163
0.797514 1.03655421
0.79737 1.03752551
0.797753 1.03700461
0.797326 1.03832893
0.796686 1.03695000
0.797163 1.03798805
0.797388 1.03827558
0.797919 1.03680150
0.797411 1.03821851
0.79788 1.03991795
0.797766 1.03876084
0.797339 1.03980878
0.796406 1.04063693
0.797402 1.04039228
0.796948 1.04053648
0.797166 1.04003986
0.7977 1.04073253
0.7977 1.04073253
0.7977 1.04073253
0.797337 1.03976338
0.798543 1.04015143
0.798543 1.04015143
0.797869 1.04065808
0.798088 1.04071433
0.799824 1.04130496
0.800704 1.04095022
0.801579 1.03994967
0.801969 1.03848581
0.801969 1.03848581
0.801268 1.03825987
0.800298 1.03909153
0.799109 1.03976886
0.799337 1.03992953
0.799024 1.04171820
0.799189 1.03990663
0.799547 1.04016835
0.799071 1.04018431
0.797558 1.04005379
0.798771 1.04065506
0.798171 1.04314567
0.798362 1.04286060
0.798741 1.04435779
0.798766 1.04366887
0.798618 1.04333056
0.798532 1.04281034
0.799412 1.04191175
0.800238 1.04199471
0.800599 1.04245439
0.800679 1.04124304
0.801381 1.03944470
0.800685 1.03770128
0.800487 1.03720671
0.799675 1.03533903
0.800117 1.03592891
0.799414 1.03638682
0.799195 1.03750861
0.799195 1.03750861
0.799226 1.03800035
0.799654 1.03733354
0.80051 1.03452615
0.80051 1.03452615
0.799875 1.03499835
0.798166 1.03787409
0.797683 1.03749887
0.799264 1.03757007
0.799119 1.03690887
0.7987 1.03554084
0.797775 1.03517952
0.799549 1.03536873
0.800311 1.03414938
0.801398 1.03445623
0.801585 1.03548011
0.801585 1.03548011
0.801585 1.03548011
0.801315 1.03421131
0.801373 1.03404280
0.802139 1.03635647
0.802226 1.03794676
0.801332 1.03952738
0.801562 1.04156855
0.802141 1.03985683
0.802323 1.04078496
0.801326 1.03986240
0.801323 1.03859153
0.800105 1.03918867
0.800278 1.04002663
0.800333 1.03947377
0.800013 1.04060274
0.798516 1.04041644
0.797109 1.04185653
0.796844 1.04302934
0.797319 1.04352608
0.796972 1.04376160
0.798599 1.04394317
0.798104 1.04211409
0.798871 1.04054242
0.79957 1.04079148
0.799457 1.04181455
0.798161 1.04030815
0.798407 1.04056767
0.799925 1.04216765
0.799733 1.04141802
0.800266 1.04214195
0.800012 1.04177869
0.79923 1.04245434
0.799347 1.04296199
0.799097 1.04266532
0.799097 1.04266532
0.799062 1.04146295
0.799581 1.04023564
0.799897 1.03802629
0.800109 1.03650705
0.800999 1.03840129
0.800933 1.03906032
0.801055 1.04068210
0.799797 1.04195958
0.799973 1.04180034
0.79891 1.04375929
0.799369 1.04380065
0.799671 1.04492384
0.800105 1.04485306
0.800921 1.04379508
0.801552 1.04240970
0.802036 1.04175211
0.801201 1.04184028
0.800294 1.04352625
0.79986 1.04340973
0.800646 1.04301318
0.801209 1.04587357
0.801209 1.04587357
0.799821 1.04650290
0.798805 1.04659574
0.798274 1.04542459
0.796671 1.04532235
0.79582 1.04538043
0.795659 1.04446220
0.796723 1.04390922
0.797822 1.04462925
0.797845 1.04292009
0.798683 1.04309987
0.799772 1.04401260
0.800282 1.04522022
0.798001 1.04460107
0.798585 1.04549393
0.798317 1.04573754
0.799466 1.04676972
0.799466 1.04676972
0.799466 1.04676972
0.7992 1.04618022
0.798313 1.04558328
0.799001 1.04274385
0.798992 1.04224229
0.799891 1.04110480
0.800489 1.04156146
0.800481 1.04222846
0.799971 1.04211763
0.800351 1.03911746
0.800634 1.04058932
0.800666 1.04249182
0.801714 1.04164932
0.800866 1.04201318
0.800802 1.04260027
0.800399 1.04182162
0.798561 1.04081154
0.79622 1.04237203
0.796661 1.04022106
0.79734 1.04023629
0.797407 1.04071815
0.799134 1.03999254
0.799056 1.03812683
0.798033 1.03717016
0.796871 1.03546533
0.796121 1.03507327
0.796595 1.03609060
0.797507 1.03276774
0.797507 1.03276774
0.798006 1.03334257
0.797481 1.03319131
0.797311 1.03178783
0.796777 1.03306386
0.797072 1.03505680
0.797842 1.03553383
0.798328 1.03419662
0.798168 1.03371019
0.798196 1.03088763
0.798306 1.03069585
0.79819 1.02962383
0.798433 1.02899799
0.798141 1.02895369
0.797801 1.02787953
0.798205 1.02912314
0.79786 1.03109825
0.79799 1.02998510
0.798041 1.03004983
0.798439 1.02951849
0.799403 1.03083651
0.798527 1.03335625
0.798293 1.03478805
0.798486 1.03488385
0.79831 1.03548133
0.798578 1.03360351
0.79901 1.03470773
0.798061 1.03600925
0.798115 1.03628008
0.798066 1.03682199
0.797691 1.03693653
0.796613 1.03811280
0.795747 1.03938082
0.796198 1.04068334
0.796082 1.04195962
0.79524 1.04143400
0.794516 1.04081840
0.795774 1.04172282
0.795547 1.04252681
0.79522 1.04189826
0.794839 1.04043791
0.794808 1.03923529
0.794094 1.03890643
0.794884 1.03955111
0.794884 1.03955111
0.7952 1.03880218
0.795452 1.04021490
0.797153 1.03854231
0.796098 1.03803452
0.796622 1.03754206
0.796464 1.03761227
0.797186 1.03587885
0.796967 1.03684208
0.798033 1.03800032
0.798033 1.03800032
0.798259 1.03623046
0.79816 1.03614311
0.797807 1.03609445
0.797764 1.03695862
0.797813 1.03748882
0.797813 1.03748882
0.796942 1.03660640
0.798168 1.03432468
0.798184 1.03370954
0.798184 1.03370954
0.797192 1.03235266
0.797822 1.03313680
0.796191 1.03312898
0.796488 1.03307159
0.797525 1.03257469
0.797695 1.03212387
0.798867 1.03080289
0.796528 1.03185222
0.795202 1.03273673
0.794179 1.03371774
0.794304 1.03188124
0.794896 1.03255157
0.793982 1.03377850
0.7935 1.03223364
0.792881 1.03232653
0.792121 1.03275895
0.79307 1.03246234
0.793822 1.03068418
0.794267 1.03048157
0.793172 1.02949836
0.793331 1.02979390
0.793258 1.03073334
0.793258 1.03073334
0.79371 1.02952639
0.794085 1.02999254
0.794528 1.03125675
0.794773 1.03250690
0.794174 1.03296165
0.794058 1.03205082
0.794865 1.03045613
0.794865 1.03045613
0.795479 1.02956269
0.795697 1.02918743
0.796096 1.03060810
0.796198 1.03175019
0.797497 1.03281908
0.798143 1.03224603
0.798143 1.03224603
0.798858 1.03404863
0.799262 1.03736995
0.79866 1.03886201
0.798446 1.04192279
0.798446 1.04192279
0.798682 1.04172051
0.798245 1.04170244
0.798074 1.04063878
0.798195 1.03909064
0.798423 1.03888951
0.798566 1.03761233
0.798142 1.03770209
0.799339 1.03734579
0.798833 1.03610752
0.799031 1.03825508
0.799835 1.03776267
0.80019 1.03766895
0.800327 1.03837831
0.801354 1.03562822
0.801711 1.03508101
0.801711 1.03508101
0.801143 1.03537753
0.80066 1.03608416
0.7996 1.03544593
0.798899 1.03487992
0.798458 1.03446369
0.798458 1.03446369
0.798099 1.03440633
0.799736 1.03466091
0.798916 1.03517679
0.798912 1.03591070
0.798912 1.03591070
0.798569 1.03581907
0.797201 1.03703718
0.794862 1.03696842
0.794862 1.03696842
0.795061 1.03642796
0.797199 1.03700961
0.799415 1.03456535
0.79981 1.03579435
0.800459 1.03486386
0.799314 1.03453727
0.7989 1.03462249
0.799209 1.03497957
0.798525 1.03488201
0.798201 1.03453076
0.798201 1.03453076
0.798535 1.03423639
0.79834 1.03393562
0.79834 1.03393562
0.7998 1.03327755
0.799115 1.03403639
0.800013 1.03324863
0.800578 1.03423450
0.800096 1.03412693
0.799733 1.03488021
0.798999 1.03347082
0.800631 1.03178158
0.79958 1.03345639
0.798787 1.03463758
0.797415 1.03628264
0.797236 1.03720049
0.797236 1.03720049
0.797489 1.03826482
0.797478 1.03940776
0.797478 1.03940776
0.799068 1.03776747
0.797828 1.03868808
0.798561 1.03771545
0.798827 1.03908261
0.798827 1.03908261
0.798827 1.03908261
0.79946 1.03930437
0.799633 1.03779559
0.799634 1.03883231
0.799032 1.03765876
0.798825 1.03821690
0.799498 1.03820299
0.800464 1.03873407
0.800777 1.03898288
0.800763 1.03950397
0.800478 1.04034565
0.799738 1.03830974
0.799836 1.04014763
0.799836 1.04014763
0.800467 1.04035956
0.801637 1.03791107
0.800872 1.03681833
0.800855 1.03703934
0.800855 1.03703934
0.799751 1.03524667
0.799704 1.03597552
0.799691 1.03699671
0.799195 1.03634646
0.797007 1.03569172
0.798484 1.03570848
0.798067 1.03469807
0.79806 1.03320603
0.796892 1.03413074
0.797587 1.03529629
0.798177 1.03673065
0.79844 1.03758098
0.799022 1.03423673
0.79967 1.03626894
0.798828 1.03633838
0.798343 1.03843069
0.799358 1.03719656
0.799221 1.03653836
0.799211 1.03603779
0.7993 1.03623913
0.800133 1.03720091
0.800229 1.03843741
0.801239 1.03829720
0.800731 1.04073714
0.802135 1.04074266
0.802594 1.04028326
0.802659 1.04009711
0.802659 1.04009711
0.802367 1.04027011
0.802767 1.04170666
0.802521 1.03966002
0.802521 1.03966002
0.803282 1.04065212
0.803839 1.04072019
0.804497 1.04018440
0.803638 1.03956818
0.803638 1.03956818
0.802946 1.03877496
0.802424 1.04139987
0.801642 1.04071558
0.799968 1.04091858
0.799969 1.04258603
0.799969 1.04258603
0.801027 1.04216322
0.800754 1.04152921
0.800676 1.04247206
0.800018 1.04147102
0.799981 1.04198169
0.799981 1.04198169
0.799414 1.04299137
0.799506 1.04138666
0.799709 1.04081040
0.800568 1.03925763
0.802519 1.03770584
0.801458 1.03791467
0.80107 1.03622412
0.800403 1.03769700
0.800558 1.03642107
0.800669 1.03806975
0.800326 1.03812346
0.799988 1.03699886
0.800211 1.03796045
0.800346 1.03710965
0.799927 1.03730419
0.799193 1.03979185
0.799084 1.03677936
0.797937 1.03684967
0.797752 1.03785782
0.798738 1.03701223
0.798016 1.03804009
0.797608 1.03741014
0.798444 1.03688147
0.798944 1.03798610
0.798679 1.03779172
0.799056 1.03812664
0.799331 1.03726496
0.798378 1.03789695
0.7982 1.03798871
0.798619 1.03934110
0.799425 1.04028826
0.79935 1.04044208
0.798324 1.04252545
0.79857 1.04072833
0.7995 1.03920699
0.7995 1.03920699
0.7995 1.03920699
0.798922 1.03637308
0.799478 1.03618101
0.799478 1.03886886
0.799003 1.04062816
0.798053 1.03970894
0.797564 1.03915917
0.797489 1.03937040
0.797282 1.03834359
0.796457 1.03801250
0.795646 1.03644542
0.794624 1.03741297
0.795097 1.03732332
0.796197 1.03672452
0.796612 1.03556952
0.798133 1.03446917
0.798133 1.03446917
0.79793 1.03419917
0.79793 1.03419917
0.798499 1.03428171
0.798785 1.03486096
0.798225 1.03554290
0.797491 1.03735433
0.796022 1.03582965
0.795966 1.03576951
0.796724 1.03551626
0.798046 1.03422976
0.798355 1.03446077
0.798501 1.03593498
0.79878 1.03544880
0.798982 1.03688417
0.798749 1.03732245
0.798738 1.03712121
0.798467 1.03763986
0.798231 1.03729643
0.798233 1.03833916
0.799246 1.03640505
0.798353 1.03706309
0.797804 1.03550923
0.796596 1.03397661
0.797089 1.03614193
0.796985 1.03491913
0.795998 1.03522618
0.795146 1.03531359
0.795146 1.03531359
0.794347 1.03667199
0.794347 1.03667199
0.794676 1.03563230
0.794805 1.03803051
0.795899 1.03832939
0.795854 1.03825900
0.796944 1.03665410
0.798954 1.03525485
0.797879 1.03797441
0.798533 1.03710201
0.797831 1.03698441
0.798001 1.03792528
0.79771 1.03491767
0.797399 1.03393542
0.797255 1.03453856
0.797255 1.03453856
0.796181 1.03607122
0.796472 1.03527269
0.797148 1.03548088
0.797435 1.03413593
0.798376 1.03374646
0.797538 1.03270190
0.796534 1.03450063
0.796662 1.03430651
0.798011 1.03584767
0.798035 1.03560587
0.798603 1.03749503
0.798951 1.03741134
0.798575 1.03798123
0.79887 1.03694701
0.798173 1.03663708
0.798413 1.03794178
0.798413 1.03794178
0.798395 1.03791182
0.797819 1.03728383
0.79743 1.03833220
0.798041 1.03792952
0.798871 1.03929232
0.798871 1.03929232
0.798821 1.03958606
0.799175 1.03961527
0.800195 1.04105141
0.799782 1.04045565
0.799627 1.03957453
0.799486 1.03853335
0.799593 1.03769606
0.799991 1.03749861
0.79965 1.03759426
0.800602 1.03866054
0.801263 1.03813296
0.800998 1.03807076
0.800723 1.03674604
0.800753 1.03807708
0.801809 1.03903433
0.801809 1.03903433
0.80182 1.04071193
0.802512 1.04148304
0.802245 1.03906129
0.800887 1.03874891
0.800887 1.03874891
0.800887 1.03874891
0.800776 1.04024593
0.800217 1.04130917
0.798919 1.04053979
0.799304 1.04001296
0.798733 1.03918309
0.798289 1.03973174
0.798552 1.03951999
0.797044 1.03879165
0.798322 1.03860662
0.797704 1.03906275
0.797005 1.03916545
0.797211 1.04152526
0.796423 1.03888862
0.797431 1.03872385
0.796513 1.03789575
0.796641 1.03890291
0.795631 1.04017063
0.795843 1.03936885
0.79732 1.03907850
0.797288 1.03750571
0.797581 1.03916070
0.797182 1.03691995
0.797449 1.03911800
0.799715 1.03839937
0.80041 1.03657931
0.799859 1.03646543
0.799036 1.03503614
0.799088 1.03491628
0.799013 1.03628660
0.799129 1.03597981
0.79859 1.03432226
0.799253 1.03524143
0.799461 1.03527333
0.79953 1.03633527
0.799959 1.03703068
0.800158 1.03702385
0.800335 1.03597429
0.800913 1.03659887
0.800433 1.03511356
0.801519 1.03620032
0.800936 1.03757067
0.80246 1.03681191
0.802691 1.03645825
0.80291 1.03571945
0.801737 1.03478419
0.802668 1.03627192
0.802975 1.03703783
0.802975 1.03703783
0.80394 1.03670074
0.803143 1.03642228
0.802036 1.03512775
0.802579 1.03433976
0.802214 1.03549785
0.801156 1.03537093
0.800773 1.03818460
0.800214 1.03835194
0.800839 1.04070404
0.800447 1.04033439
0.800381 1.04149108
0.799731 1.04241045
0.799595 1.04135719
0.799028 1.03941090
0.79858 1.03918717
0.797803 1.03728483
0.798027 1.03787705
0.799175 1.03732510
0.799719 1.03584525
0.799719 1.03584525
0.799896 1.03709962
0.799896 1.03709962
0.801429 1.03706269
0.80116 1.03794900
0.801662 1.03780020
0.801579 1.03745691
0.80116 1.03725074
0.800718 1.03934566
0.800105 1.04021443
0.80056 1.04143516
0.799821 1.04129766
0.800833 1.04245373
0.799705 1.04058188
0.799084 1.04021425
0.799121 1.03992206
0.799397 1.04015988
0.800412 1.04048252
0.799625 1.04023334
0.799538 1.03881751
0.798001 1.03746834
0.798618 1.03639154
0.799778 1.03690163
0.799168 1.03631026
0.799623 1.03887352
0.799608 1.03809070
0.799608 1.03809070
0.800119 1.03701708
0.798759 1.03453756
0.798098 1.03321643
0.798725 1.03362261
0.797229 1.03245698
0.797706 1.03170858
0.796736 1.03258100
0.796656 1.03045254
0.796315 1.03090923
0.797547 1.03048367
0.796047 1.02995186
0.796317 1.03175261
0.795984 1.03519806
0.795546 1.03504119
0.795925 1.03412356
0.795925 1.03412356
0.795388 1.03497307
0.79495 1.03608399
0.795323 1.03554029
0.795555 1.03532167
0.796096 1.03603772
0.796388 1.03548449
0.79652 1.03480227
0.79622 1.03544902
0.795545 1.03698116
0.796488 1.03570284
0.79672 1.03590635
0.798172 1.03593002
0.798468 1.03862691
0.798818 1.03918902
0.798638 1.03714105
0.799163 1.03838779
0.799163 1.03838779
0.798439 1.03631797
0.797617 1.03792543
0.797693 1.03680772
0.79746 1.03662775
0.797165 1.03720556
0.797966 1.03879376
0.797457 1.03989455
0.797191 1.04033127
0.797305 1.03894064
0.797305 1.03894064
0.797516 1.04037453
0.796542 1.03965049
0.797016 1.04056667
0.796746 1.04035712
0.796746 1.04035712
0.796842 1.03972225
0.798557 1.03865721
0.797967 1.03887856
0.797908 1.03835136
0.797908 1.03835136
0.797264 1.03762098
0.797585 1.03888393
0.797144 1.03841578
0.797353 1.03884954
0.796746 1.04125242
0.796622 1.04078716
0.797784 1.04020827
0.798406 1.04098346
0.799172 1.03958487
0.798901 1.04049562
0.797876 1.04067210
0.797724 1.04084104
0.797663 1.04388852
0.798786 1.04445338
0.798779 1.04369507
0.798936 1.04223761
0.798418 1.04113234
0.798575 1.04183357
0.799912 1.04113136
0.80044 1.04254094
0.800182 1.03943348
0.802053 1.03916630
0.801754 1.03869514
0.800371 1.03760734
0.799742 1.04002817
0.80039 1.04080399
0.80029 1.04080779
0.800605 1.04063233
0.800605 1.04063233
0.800605 1.04063233
0.799621 1.04021710
0.798775 1.03809017
0.799519 1.03818208
0.800353 1.03536372
0.800359 1.03404987
0.800815 1.03287966
0.801207 1.03374020
0.80063 1.03547890
0.800675 1.03655666
0.799391 1.03517902
0.800051 1.03471563
0.800528 1.03339149
0.800081 1.03364768
0.799941 1.03393493
0.800624 1.03448674
0.800058 1.03449173
0.801033 1.03487586
0.800374 1.03222210
0.800779 1.03139472
0.801189 1.03184044
0.801799 1.03510173
0.800796 1.03537591
0.800584 1.03459384
0.800695 1.03367643
0.799792 1.03352137
0.799983 1.03567535
0.801223 1.03622649
0.801223 1.03622649
0.802203 1.03602525
0.801361 1.03535788
0.801081 1.03472581
0.801221 1.03372447
0.801601 1.03368210
0.801891 1.03518385
0.801473 1.03465489
0.800638 1.03332868
0.8001 1.03497678
0.798877 1.03386240
0.798705 1.03376817
0.798728 1.03185052
0.798459 1.02950543
0.798879 1.02835814
0.798078 1.02739330
0.797946 1.02882933
0.798327 1.02802202
0.798799 1.03025673
0.798897 1.03036697
0.797266 1.03065315
0.797601 1.03124891
0.79729 1.03500475
0.797841 1.03636515
0.7975 1.03603037
0.7975 1.03603037
0.796504 1.03618237
0.796716 1.03469695
0.797647 1.03528755
0.797957 1.03623758
0.797572 1.03690424
0.796917 1.03741141
0.796556 1.03923219
0.79763 1.03823810
0.7967 1.03713981
0.796643 1.03546792
0.79707 1.03521507
0.796866 1.03667133
0.797074 1.03459020
0.797395 1.03516908
0.798635 1.03543097
0.798408 1.03550876
0.798228 1.03447490
0.797917 1.03266139
0.7984 1.03338136
0.797768 1.03519448
0.797808 1.03515664
0.797143 1.03679967
0.797903 1.03623495
0.797941 1.03584703
0.797941 1.03584703
0.796962 1.03552316
0.798512 1.03621561
0.797863 1.03828741
0.797573 1.03702861
0.79847 1.03662630
0.797454 1.03514154
0.79758 1.03578157
0.79769 1.03691728
0.799316 1.03702164
0.798944 1.03793828
0.797787 1.03740199
0.797759 1.03894255
0.796736 1.03585480
0.797052 1.03615914
0.796919 1.03673171
0.796073 1.03553614
0.79582 1.03435695
0.795904 1.03432657
0.795965 1.03558037
0.795894 1.03500500
0.795723 1.03460431
0.795723 1.03460431
0.795515 1.03613833
0.795459 1.03489843
0.795618 1.03480170
0.795715 1.03513875
0.795678 1.03201499
0.795151 1.03226261
0.796174 1.03418539
0.795486 1.03368461
0.795046 1.03535216
0.794408 1.03448863
0.794149 1.03509830
0.796602 1.03397408
0.797213 1.03375663
0.797354 1.03502944
0.797881 1.03419056
0.797292 1.03471502
0.798107 1.03530310
0.797807 1.03693981
0.796672 1.03677058
0.796183 1.03916986
0.796688 1.03820806
0.797041 1.03908046
0.797505 1.03888502
0.799621 1.03873109
0.799122 1.03790034
0.799546 1.03800467
0.79994 1.03708939
0.799661 1.03641535
0.800462 1.03567756
0.80088 1.03710529
0.800912 1.03494225
0.800533 1.03631799
0.800107 1.03743254
0.799898 1.03693472
0.799131 1.03898340
0.799711 1.03753744
0.800011 1.03745296
0.799906 1.03454762
0.798907 1.03546688
0.8004 1.03588457
0.800829 1.03522320
0.798409 1.03534589
0.798002 1.03709844
0.797732 1.03627240
0.799073 1.03923117
0.798357 1.03840835
0.797354 1.03963286
0.798224 1.04006804
0.797957 1.03890265
0.799626 1.03882955
0.799703 1.03696093
0.799443 1.03741324
0.800469 1.03526211
0.800982 1.03435612
0.800279 1.03168575
0.799353 1.03095999
0.799642 1.03190972
0.798963 1.03295998
0.798963 1.03295998
0.799502 1.03291170
0.799751 1.03590199
0.800384 1.03605028
0.798557 1.03556066
0.798831 1.03556271
0.79857 1.03522132
0.799819 1.03423169
0.799604 1.03333652
0.79909 1.03346342
0.79969 1.03428498
0.799236 1.03297151
0.798156 1.03341782
0.798271 1.03373201
0.799425 1.03438740
0.799094 1.03547246
0.799386 1.03559405
0.799372 1.03528405
0.798527 1.03583249
0.798478 1.03430401
0.798894 1.03349797
0.799101 1.03343970
0.798403 1.03319983
0.797906 1.03357865
0.797937 1.03515249
0.797768 1.03524489
0.800061 1.03582372
0.799936 1.03620090
0.801153 1.03509999
0.800641 1.03399522
0.800912 1.03571655
0.800912 1.03571655
0.800158 1.03738770
0.799701 1.03593100
0.799926 1.03503803
0.800542 1.03747929
0.800474 1.03679571
0.798529 1.03616901
0.798953 1.03660300
0.797849 1.03441832
0.798022 1.03389714
0.797958 1.03588221
0.79779 1.03597825
0.797862 1.03886948
0.798205 1.04032247
0.7987 1.04071645
0.799671 1.03903041
0.799443 1.03968448
0.799398 1.03898310
0.799452 1.04048393
0.799955 1.03985692
0.800721 1.03850312
0.801108 1.03641846
0.802301 1.03694060
0.80179 1.03707207
0.801102 1.03694064
0.801812 1.03791444
0.801718 1.03719939
0.80162 1.03588315
0.799959 1.03699538
0.799178 1.03713160
0.79832 1.03597083
0.798636 1.03467680
0.79982 1.03524196
0.799452 1.03644240
0.79999 1.03629928
0.799351 1.03833422
0.79961 1.03969088
0.799564 1.04081692
0.79925 1.03906394
0.799131 1.03996131
0.798788 1.03869816
0.799329 1.03829449
0.798529 1.03781844
0.798331 1.03830228
0.798096 1.03839590
0.79847 1.03886272
0.797894 1.03891094
0.797956 1.03956711
0.797891 1.03785408
0.797891 1.03785408
0.79964 1.03846239
0.80077 1.03999516
0.800351 1.04058169
0.800635 1.03955132
0.799534 1.03866966
0.800816 1.03897236
0.801423 1.04027089
0.800991 1.03955819
0.800991 1.03955819
0.8022 1.03914600
0.801942 1.04025322
0.801424 1.04089998
0.800823 1.03982395
0.800734 1.03820261
0.800731 1.03605283
0.801062 1.03653468
0.800875 1.03881577
0.801732 1.03941346
0.800947 1.03834852
0.800663 1.03737747
0.801685 1.03847303
0.801227 1.03765003
0.801268 1.03845966
0.800403 1.03836268
0.799385 1.03861454
0.798977 1.03829502
0.799501 1.03956145
0.799158 1.03830233
0.80047 1.03780603
0.798398 1.03867806
0.798164 1.03872950
0.79715 1.03923330
0.797896 1.04176507
0.798551 1.04252063
0.799716 1.04299665
0.799965 1.04095894
0.79946 1.04067939
0.799121 1.04012283
0.798682 1.04121399
0.799197 1.03983257
0.799181 1.03940843
0.79886 1.03728366
0.798311 1.03644693
0.797369 1.03663193
0.797862 1.03775055
0.79733 1.03741238
0.797331 1.03597838
0.797318 1.03614324
0.798043 1.03840384
0.798328 1.03853272
0.798221 1.03907908
0.79913 1.03886909
0.798058 1.03810260
0.798423 1.03756125
0.797393 1.03668862
0.798644 1.03565093
0.799004 1.03576570
0.798234 1.03714856
0.798354 1.03711701
0.79799 1.03489177
0.798047 1.03372740
0.798397 1.03178035
0.798916 1.03251295
0.79789 1.03126007
0.796827 1.03087683
0.796345 1.03238041
0.79524 1.03113470
0.795795 1.03232047
0.795659 1.03269383
0.796096 1.03395084
0.79681 1.03714014
0.79681 1.03714014
0.797074 1.03533892
0.797812 1.03675331
0.796187 1.03629332
0.797663 1.03511026
0.797887 1.03404865
0.798162 1.03402386
0.797974 1.03318784
0.796986 1.03400547
0.797677 1.03400830
0.797689 1.03504052
0.797316 1.03625362
0.796649 1.03607321
0.796649 1.03607321
0.796406 1.03626467
0.796406 1.03626467
0.79763 1.03656740
0.79763 1.03656740
0.797679 1.03675393
0.79739 1.03662246
0.797352 1.03731833
0.797673 1.03710214
0.798803 1.03673522
0.798803 1.03673522
0.799928 1.03784313
0.799158 1.03893346
0.800215 1.03937601
0.80119 1.03806320
0.80168 1.03930103
0.800398 1.03982640
0.800398 1.03982640
0.800146 1.04121664
0.801236 1.04096346
0.800398 1.04324243
0.801155 1.04324243
0.800477 1.04219144
0.800227 1.04162632
0.801905 1.04019855
0.800971 1.04139071
0.800824 1.04024613
0.800711 1.03813995
0.800059 1.03890982
0.799115 1.03892758
0.798701 1.03880030
0.798563 1.03898127
0.798131 1.04007037
0.798853 1.04076404
0.798853 1.04076404
0.797976 1.03872958
0.797858 1.03722144
0.798158 1.03850746
0.797936 1.03824630
0.797421 1.03658438
0.79752 1.03520915
0.797051 1.03417853
0.795891 1.03357263
0.796634 1.03354240
0.796103 1.03401284
0.796326 1.03515391
0.797012 1.03373493
0.795735 1.03362278
0.796552 1.03538899
0.796076 1.03472162
0.795544 1.03455433
0.795662 1.03474567
0.795662 1.03474567
0.795058 1.03546747
0.795473 1.03658200
0.795892 1.03810996
0.796749 1.03679327
0.795855 1.03907097
0.795224 1.03820921
0.796468 1.03755586
0.797252 1.03714823
0.797083 1.03589730
0.797601 1.03398731
0.796762 1.03582181
0.797656 1.03630512
0.797656 1.03630512
0.796498 1.03513080
0.797385 1.03477189
0.796779 1.03331724
0.795644 1.03218508
0.795965 1.03308170
0.795773 1.03366967
0.796256 1.03462735
0.796043 1.03459836
0.795555 1.03547494
0.795159 1.03697661
0.795711 1.03676311
0.795563 1.03613924
0.794965 1.03607239
0.796644 1.03604672
0.79685 1.03690947
0.796997 1.03776945
0.797443 1.03701584
0.798113 1.03579494
0.797376 1.03742572
0.796897 1.03749387
0.797612 1.03969470
0.797785 1.03993492
0.796896 1.03954029
0.796436 1.03809726
0.798173 1.03627518
0.799702 1.03609398
0.799194 1.03519476
0.79848 1.03612808
0.798858 1.03726015
0.798342 1.03756008
0.798693 1.03861381
0.798693 1.03861381
0.797674 1.03854859
0.797145 1.03639725
0.79701 1.03603807
0.796655 1.03580853
0.797843 1.03429806
0.798012 1.03439879
0.797318 1.03481869
0.797438 1.03491347
0.797858 1.03560592
0.798216 1.03613054
0.798216 1.03613054
0.796571 1.03614964
0.796985 1.03607495
0.797675 1.03609210
0.797915 1.03326642
0.796611 1.03415172
0.795942 1.03562498
0.796172 1.03328143
0.796044 1.03334077
0.795789 1.03227185
0.795789 1.03227185
0.795785 1.03316314
0.796266 1.03402366
0.796098 1.03335941
0.796098 1.03335941
0.795789 1.03366770
0.795474 1.03404920
0.795407 1.03262713
0.794737 1.03453139
0.794197 1.03331063
0.795662 1.03457726
0.794632 1.03493399
0.795332 1.03409562
0.795692 1.03582729
0.795818 1.03592279
0.795798 1.03698856
0.796736 1.03440483
0.795948 1.03353481
0.79633 1.03422729
0.797147 1.03344546
0.797324 1.03275735
0.797695 1.03393993
0.79742 1.03525668
0.797048 1.03490743
0.797943 1.03351139
0.797806 1.03284477
0.797881 1.03341247
0.797634 1.03219235
0.796838 1.03100092
0.796633 1.03228256
0.797654 1.03326596
0.797142 1.03354997
0.796038 1.03638586
0.796377 1.03696877
0.796479 1.03709155
0.796916 1.03581827
0.795515 1.03481849
0.795433 1.03366010
0.795556 1.03222097
0.795977 1.03321885
0.79452 1.03411088
0.79452 1.03411088
0.794933 1.03408397
0.794764 1.03338643
0.795517 1.03396485
0.794515 1.03275882
0.794663 1.03053536
0.793789 1.02995554
0.793789 1.02995554
0.793893 1.03048227
0.794224 1.03297622
0.795187 1.03346814
0.795187 1.03346814
0.794678 1.03230489
0.794262 1.03353049
0.794293 1.03239586
0.795071 1.03223448
0.795279 1.03143938
0.795786 1.03169996
0.795714 1.03273890
0.796379 1.03140698
0.796442 1.03188026
0.795219 1.03148489
0.795881 1.03340410
0.795325 1.03413454
0.795991 1.03501474
0.796719 1.03461300
0.796074 1.03476812
0.797569 1.03502856
0.798392 1.03629817
0.798883 1.03844068
0.799446 1.03689784
0.799446 1.03689784
0.800281 1.03705790
0.798595 1.03638568
0.798878 1.03443163
0.798878 1.03443163
0.798496 1.03434304
0.798897 1.03517261
0.799818 1.03770026
0.799818 1.03770026
0.798872 1.03777772
0.80029 1.03756369
0.800039 1.03510432
0.800656 1.03560336
0.800709 1.03657902
0.800464 1.03813455
0.800598 1.03722143
0.799767 1.03877639
0.799857 1.03736689
0.799555 1.03857442
0.799423 1.03696125
0.798974 1.03737421
0.798622 1.03524670
0.798791 1.03604213
0.798137 1.03873396
0.798453 1.03885297
0.798439 1.03859798
0.798139 1.03756121
0.797619 1.03947803
0.798273 1.03818527
0.797562 1.03837598
0.796246 1.03778830
0.79623 1.03718003
0.796099 1.03781407
0.796153 1.03591979
0.797502 1.03630252
0.798988 1.03603165
0.800325 1.03706038
0.799902 1.03871163
0.799902 1.03871163
0.799476 1.03960217
0.797768 1.03950123
0.79772 1.03905992
0.799175 1.03734334
0.800721 1.03531784
0.800035 1.03587439
0.799164 1.03555396
0.799941 1.03691867
0.799246 1.03743217
0.800222 1.03721508
0.800222 1.03721508
0.799335 1.03686750
0.798477 1.03642933
0.797879 1.03722489
0.797879 1.03722489
0.798092 1.03858282
0.797218 1.03895682
0.797348 1.03830845
0.797634 1.03812686
0.797028 1.03761624
0.797092 1.03902903
0.797773 1.04007767
0.797475 1.03905127
0.797031 1.03883678
0.796269 1.04116009
0.796042 1.04021594
0.796081 1.03908162
0.796128 1.03691971
0.796128 1.03691971
0.796575 1.03460275
0.796406 1.03459493
0.7972 1.03430578
0.796943 1.03565890
0.796699 1.03764419
0.797382 1.03721904
0.79777 1.03894572
0.798235 1.04000132
0.79798 1.04128624
0.798403 1.04218865
0.798904 1.04141163
0.798238 1.04173713
0.798472 1.04197660
0.798051 1.04172200
0.799005 1.04144135
0.799879 1.04285726
0.799963 1.04269803
0.800092 1.04182265
0.799702 1.04237462
0.800185 1.04173996
0.800987 1.04153513
0.800914 1.04005008
0.800282 1.03922114
0.799571 1.03903548
0.799323 1.03919562
0.799659 1.03812135
0.799377 1.03667196
0.800421 1.03618489
0.80019 1.03603378
0.799748 1.03542571
0.799411 1.03728738
0.799873 1.03840692
0.799873 1.03840692
0.798868 1.03649565
0.799367 1.03663122
0.79961 1.03703396
0.79916 1.03730614
0.79916 1.03730614
0.79916 1.03730614
0.800001 1.03941715
0.799989 1.03898893
0.800655 1.03931368
0.799684 1.03773163
0.799684 1.03773163
0.799258 1.03635504
0.799258 1.03635504
0.799258 1.03635504
0.798626 1.03688006
0.798783 1.03614058
0.798783 1.03614058
0.798478 1.03728453
0.797954 1.03749696
0.796163 1.03565610
0.796294 1.03542920
0.795615 1.03681544
0.795691 1.03861729
0.795886 1.03882920
0.795617 1.03898932
0.79615 1.03874336
0.79488 1.03794450
0.794203 1.03764879
0.793699 1.03764260
0.793794 1.03729471
0.794784 1.03608120
0.794315 1.03693275
0.795276 1.03596706
0.795543 1.03655619
0.79665 1.03813344
0.795686 1.03849774
0.795872 1.03820119
0.797732 1.03549083
0.798076 1.03416600
0.797276 1.03440466
0.797272 1.03573485
0.797318 1.03633223
0.797318 1.03633223
0.797512 1.03716891
0.797233 1.03850174
0.797443 1.03847531
0.796906 1.03897373
0.797175 1.03895499
0.79654 1.03881728
0.796093 1.03873336
0.79564 1.03906978
0.79592 1.03840335
0.795418 1.03704745
0.795163 1.03576464
0.795163 1.03576464
0.795536 1.03635455
0.794996 1.03685931
0.795693 1.03587236
0.795693 1.03587236
0.795693 1.03587236
0.796341 1.03617270
0.795242 1.03600322
0.794925 1.03457793
0.795544 1.03417532
0.795335 1.03436786
0.795774 1.03367552
0.795935 1.03450025
0.796555 1.03566446
0.796341 1.03640252
0.796367 1.03570489
0.796496 1.03609995
0.79673 1.03699566
0.796135 1.03806091
0.796564 1.04022829
0.795925 1.03971958
0.795925 1.03971958
0.795112 1.04003086
0.794997 1.04084887
0.794812 1.04022675
0.795024 1.04041884
0.794711 1.04089845
0.794208 1.03979967
0.794718 1.03926339
0.793988 1.03855946
0.793978 1.03949057
0.793978 1.03949057
0.794312 1.04038876
0.795964 1.04092239
0.795814 1.03933363
0.795894 1.03981893
0.795351 1.03869795
0.795504 1.03941453
0.794202 1.03989886
0.79473 1.03926483
0.793723 1.03884172
0.793436 1.03928315
0.79354 1.04100184
0.79244 1.04129740
0.792014 1.03939345
0.791843 1.03845722
0.793192 1.03777373
0.793154 1.03608439
0.793714 1.03490683
0.794749 1.03575023
0.796313 1.03525933
0.796825 1.03638685
0.797794 1.03563213
0.797653 1.03690020
0.798063 1.03452555
0.797941 1.03398763
0.799105 1.03283945
0.799105 1.03283945
0.798421 1.03281336
0.796586 1.03311874
0.796843 1.03437104
0.795591 1.03476133
0.795686 1.03396240
0.797075 1.03404578
0.795496 1.03480234
0.795496 1.03480234
0.797952 1.03351664
0.797868 1.03448727
0.798072 1.03398187
0.798933 1.03338231
0.799026 1.03249173
0.797421 1.03347753
0.796714 1.03336402
0.797327 1.03192546
0.795497 1.03375743
0.79603 1.03424626
0.796318 1.03468975
0.796318 1.03468975
0.796021 1.03648581
0.795306 1.03654141
0.795132 1.03743974
0.794861 1.03783148
0.795888 1.03745884
0.797337 1.03618808
0.798686 1.03631905
0.797978 1.03665698
0.797652 1.03434290
0.797652 1.03434290
0.797437 1.03431997
0.797437 1.03431997
0.798595 1.03646690
0.798429 1.03654073
0.79895 1.03454771
0.800099 1.03495646
0.800782 1.03386632
0.798211 1.03543451
0.799385 1.03531160
0.799893 1.03372000
0.799871 1.03369817
0.799818 1.03364837
0.799818 1.03364837
0.800026 1.03505323
0.799776 1.03357905
0.798933 1.03287460
0.799887 1.03445786
0.799247 1.03397005
0.798727 1.03308469
0.798305 1.03164598
0.798305 1.03164598
0.797883 1.03238570
0.797737 1.03357208
0.796092 1.03313451
0.794959 1.03439295
0.795736 1.03557510
0.796356 1.03664428
0.796314 1.03668648
0.796076 1.03769725
0.796911 1.03880560
0.797922 1.03765760
0.797707 1.03544896
0.79861 1.03602136
0.797858 1.03710956
0.797646 1.03789888
0.797966 1.03986707
0.797966 1.03986707
0.799199 1.03997472
0.799457 1.03866875
0.798942 1.03872324
0.798784 1.04016141
0.799317 1.03930104
0.800524 1.03876900
0.801579 1.03934073
0.801276 1.03840083
0.801317 1.03818765
0.801317 1.03818765
0.801319 1.03853872
0.800791 1.03659583
0.800367 1.03683560
0.799088 1.03641717
0.799364 1.03703213
0.799606 1.03643267
0.800439 1.03750049
0.800675 1.03595224
0.800346 1.03784719
0.800736 1.03538596
0.800736 1.03538596
0.801348 1.03610135
0.800295 1.03566177
0.801159 1.03736289
0.803153 1.03882678
0.801449 1.03766268
0.801532 1.03905184
0.801532 1.03905184
0.800258 1.03695817
0.800489 1.03899154
0.800696 1.03958573
0.800706 1.04024246
0.800544 1.03979750
0.802344 1.03881517
0.801021 1.03765845
0.801314 1.03760684
0.799684 1.03653974
0.799111 1.03539457
0.799061 1.03433516
0.798622 1.03617362
0.798622 1.03617362
0.798816 1.03608393
0.797642 1.03717394
0.798199 1.03877085
0.799739 1.03842430
0.799741 1.03790156
0.799868 1.03844070
0.799786 1.04100243
0.79983 1.04048035
0.798844 1.03934713
0.7984 1.03601146
0.799302 1.03830291
0.799992 1.03752386
0.799347 1.03535004
0.79955 1.03480006
0.799613 1.03509148
0.799277 1.03401092
0.79957 1.03356561
0.799335 1.03346936
0.799921 1.03477669
0.80059 1.03401996
0.800582 1.03398217
0.801576 1.03633647
0.800834 1.03628933
0.799429 1.03543561
0.799163 1.03656475
0.800144 1.03666052
0.80053 1.03548763
0.80018 1.03515588
0.799078 1.03499641
0.799319 1.03557418
0.799339 1.03549874
0.798509 1.03549018
0.79875 1.03570784
0.798537 1.03622350
0.797648 1.03608441
0.797845 1.03484768
0.797469 1.03235799
0.798933 1.03279431
0.798081 1.03456304
0.797432 1.03576133
0.797432 1.03576133
0.797466 1.03666465
0.798104 1.03783352
0.798554 1.03685215
0.798028 1.03555250
0.798328 1.03536896
0.79952 1.03453642
0.798873 1.03376510
0.799713 1.03478556
0.799713 1.03478556
0.799439 1.03489753
0.799052 1.03231102
0.798341 1.03338564
0.79775 1.03169835
0.799174 1.03165749
0.79802 1.03122888
0.798764 1.03156967
0.797603 1.03315182
0.797276 1.03295762
0.797419 1.03310621
0.796586 1.03156388
0.796822 1.03223091
0.797224 1.03341221
0.797206 1.03433244
0.797522 1.03277570
0.797302 1.03297248
0.796421 1.03333746
0.798751 1.03404202
0.798597 1.03586997
0.798523 1.03709942
0.799173 1.03962279
0.800082 1.03997825
0.801339 1.03978854
0.80066 1.03889839
0.800822 1.04061389
0.801169 1.03952543
0.801848 1.03845407
0.800543 1.04070907
0.800359 1.04224681
0.80029 1.04163628
0.799044 1.04300780
0.799809 1.04387219
0.800509 1.04271364
0.79974 1.04180474
0.800149 1.04255767
0.800001 1.04418454
0.800193 1.04175295
0.800032 1.03931011
0.8002 1.03738784
0.799187 1.03626005
0.799307 1.03541990
0.797804 1.03678330
0.79889 1.03601706
0.798655 1.03647056
0.799609 1.03506498
0.800392 1.03561810
0.800931 1.03543516
0.800161 1.03476728
0.801555 1.03665528
0.800899 1.03794272
0.801768 1.03888497
0.801768 1.03888497
0.801672 1.03975543
0.801214 1.03962212
0.801041 1.03744479
0.801041 1.03744479
0.800267 1.03578703
0.800089 1.03657926
0.800028 1.03632766
0.800028 1.03632766
0.79961 1.03688712
0.799535 1.03578073
0.79825 1.03835975
0.798754 1.03696016
0.798705 1.03760689
0.798705 1.03760689
0.798635 1.03798491
0.798357 1.03800051
0.799469 1.03754779
0.798994 1.03593224
0.79882 1.03589043
0.798611 1.03495222
0.797612 1.03490388
0.797612 1.03490388
0.798566 1.03245244
0.797671 1.03312248
0.797046 1.03386637
0.797128 1.03360060
0.797864 1.03494448
0.796962 1.03585753
0.797053 1.03452494
0.797657 1.03466163
0.796293 1.03410039
0.796409 1.03502493
0.795418 1.03767629
0.796218 1.03736256
0.796437 1.03819925
0.796246 1.03760133
0.796808 1.03818672
0.797804 1.03796377
0.797828 1.03743354
0.7966 1.03828694
0.79714 1.03933381
0.796147 1.03838512
0.795866 1.03724073
0.795505 1.03618077
0.795921 1.03785860
0.794962 1.03836634
0.795442 1.03961289
0.795103 1.03984757
0.79405 1.04077571
0.794908 1.04025757
0.794948 1.04004867
0.795124 1.03920027
0.794765 1.03789855
0.794918 1.03581023
0.794896 1.03597076
0.79593 1.03746237
0.796715 1.03775453
0.797635 1.03611098
0.796524 1.03627282
0.797084 1.03679172
0.797637 1.03610821
0.798218 1.03894669
0.799623 1.03971597
0.798843 1.04039570
0.799288 1.04077917
0.799089 1.03940078
0.798984 1.03999834
0.79959 1.03841809
0.799111 1.03821563
0.799194 1.03522270
0.799376 1.03674217
0.797874 1.03674856
0.798759 1.03705743
0.797574 1.03804652
0.797004 1.03952344
0.797495 1.03652655
0.797495 1.03652655
0.797574 1.03691710
0.798428 1.03829277
0.798782 1.03606730
0.798024 1.03610888
0.799465 1.03414214
0.799102 1.03480183
0.798978 1.03647866
0.799925 1.03663427
0.799458 1.03687617
0.798696 1.03704851
0.798322 1.03591870
0.79805 1.03522219
0.798027 1.03562747
0.796187 1.03630321
0.79637 1.03629531
0.796511 1.03714404
0.796511 1.03714404
0.797809 1.03827269
0.796902 1.03979205
0.797892 1.03974233
0.798177 1.03864592
0.797435 1.03878389
0.797573 1.03691785
0.797358 1.03482149
0.796924 1.03468557
0.797464 1.03582938
0.797055 1.03648515
0.798372 1.03832031
0.798269 1.03880199
0.799879 1.03792068
0.80003 1.03796640
0.799864 1.03789793
0.800037 1.03776869
0.799971 1.03669227
0.800261 1.03805117
0.800619 1.03779271
0.801121 1.03852917
0.801374 1.04035378
0.801874 1.04146952
0.800623 1.04283336
0.799158 1.04422694
0.799016 1.04364740
0.799324 1.04316362
0.799324 1.04316362
0.798942 1.04349571
0.798097 1.04305860
0.798097 1.04305860
0.798436 1.04202793
0.798524 1.04182000
0.798509 1.04100936
0.798868 1.04013054
0.799514 1.03900310
0.800004 1.03902184
0.799634 1.03970521
0.798912 1.03925892
0.798844 1.03720248
0.79897 1.03941580
0.798773 1.03968559
0.798077 1.03830728
0.798505 1.03764942
0.798733 1.03834220
0.798876 1.03890446
0.798124 1.04020304
0.798482 1.03872493
0.798137 1.03600785
0.799302 1.03585476
0.798379 1.03796842
0.799085 1.03775076
0.798701 1.03732815
0.798009 1.03607575
0.797692 1.03666745
0.79861 1.03748179
0.799141 1.03770920
0.799449 1.03806190
0.799608 1.03697816
0.799283 1.03577973
0.798178 1.03616738
0.799052 1.03665816
0.800072 1.03569203
0.800369 1.03558379
0.799888 1.03599932
0.799191 1.03705228
0.798744 1.03625437
0.798402 1.03537259
0.797843 1.03698224
0.798322 1.03860795
0.798996 1.03730944
0.798509 1.03585798
0.798782 1.03651409
0.798782 1.03651409
0.799245 1.03515894
0.799383 1.03523514
0.799363 1.03409734
0.79953 1.03560682
0.799454 1.03612532
0.799201 1.03719647
0.799287 1.03754983
0.799267 1.03687177
0.800196 1.03812806
0.799531 1.03726128
0.798846 1.03542841
0.800431 1.03745902
0.800142 1.03705592
0.800142 1.03705592
0.800045 1.03644049
0.800609 1.03740076
0.79951 1.03676137
0.799517 1.03581295
0.79996 1.03523795
0.79996 1.03523795
0.799077 1.03641213
0.799476 1.03659685
0.799485 1.03862721
0.799792 1.04011326
0.800135 1.03712842
0.800061 1.03984489
0.799005 1.04162933
0.797927 1.04235613
0.798081 1.04197755
0.799403 1.04229732
0.79918 1.04340674
0.79918 1.04340674
0.799113 1.04462165
0.798986 1.04363501
0.798101 1.04236953
0.797688 1.04355809
0.7977 1.04349491
0.79718 1.04188870
0.797563 1.04082284
0.79826 1.03876806
0.798381 1.03855514
0.798014 1.03888839
0.797998 1.04205984
0.7982 1.04046122
0.798425 1.04226423
0.798153 1.04299281
0.798268 1.04320175
0.798216 1.04233591
0.79815 1.04188311
0.798493 1.04274188
0.798769 1.04338020
0.799179 1.04261191
0.797845 1.04297164
0.798221 1.04190989
0.798404 1.04135470
0.798968 1.03932832
0.799676 1.04009394
0.799676 1.04009394
0.800219 1.03862255
0.800175 1.03739112
0.799643 1.03875451
0.799949 1.03866077
0.798942 1.03896596
0.798478 1.03873281
0.797371 1.03970683
0.797783 1.03995492
0.79786 1.03923845
0.79674 1.03839929
0.797651 1.03917866
0.797651 1.03917866
0.797651 1.03917866
0.796717 1.03643872
0.797223 1.03639235
0.797223 1.03639235
0.797507 1.03835379
0.797678 1.03698018
0.798146 1.03837745
0.797978 1.03812202
0.798069 1.03801248
0.797713 1.03823986
0.796584 1.03836619
0.798596 1.03583191
0.798583 1.03597587
0.799195 1.03564783
0.79946 1.03729509
0.798762 1.03794002
0.797931 1.03836010
0.797427 1.03865727
0.796715 1.03809006
0.796706 1.04008427
0.797483 1.04089562
0.796995 1.04134435
0.796839 1.04103531
0.797168 1.04191810
0.796685 1.04062692
0.796685 1.04062692
0.795627 1.04040200
0.795486 1.04032269
0.795913 1.04156482
0.795913 1.04156482
0.797555 1.03999355
0.797913 1.04079572
0.797869 1.03929945
0.797089 1.03963274
0.79731 1.03850406
0.796688 1.03770842
0.797155 1.03847276
0.797344 1.03823174
0.798277 1.03859700
0.797563 1.03855268
0.796714 1.03846198
0.796951 1.03820223
0.796577 1.03791521
0.79633 1.03800273
0.796935 1.03774669
0.798499 1.03735495
0.799345 1.03841456
0.799118 1.03844917
0.798106 1.03872062
0.797509 1.03906660
0.796833 1.03897616
0.79772 1.04047805
0.796681 1.03871452
0.797383 1.03987269
0.798195 1.04070433
0.798071 1.04035676
0.797677 1.04097372
0.797677 1.04097372
0.798352 1.04250650
0.797725 1.04133023
0.798112 1.04120521
0.798855 1.03955645
0.799494 1.04136835
0.799472 1.03986527
0.800416 1.03902413
0.801081 1.03959560
0.802131 1.03926290
0.800384 1.03966843
0.800204 1.04129968
0.8 1.04087709
0.800042 1.04194191
0.799986 1.04087450
0.800495 1.04066813
0.79973 1.04249071
0.799154 1.03986514
0.799154 1.03986514
0.798685 1.04079536
0.798334 1.04307147
0.79926 1.04068451
0.798232 1.04076243
0.797319 1.03943390
0.796865 1.04091587
0.797069 1.04280209
0.796494 1.04327882
0.795679 1.04313929
0.797868 1.04317608
0.79871 1.04322621
0.799507 1.04296017
0.799376 1.04146850
0.799068 1.03933670
0.799238 1.04060596
0.799238 1.04060596
0.798342 1.03961914
0.797549 1.03807986
0.797549 1.03807986
0.797333 1.03722945
0.798406 1.03748322
0.797923 1.03761218
0.798077 1.03820769
0.797733 1.03893244
0.798118 1.03810133
0.7982 1.04033471
0.797633 1.04017303
0.797015 1.03988047
0.799264 1.03857539
0.798942 1.03876552
0.798488 1.03826764
0.798381 1.04030090
0.798567 1.03869238
0.798158 1.03808887
0.799511 1.03807076
0.800365 1.03615898
0.799979 1.03753957
0.799796 1.03731779
0.798589 1.03736308
0.798691 1.03783585
0.798463 1.03812917
0.797191 1.03694453
0.797068 1.03465532
0.796589 1.03585249
0.797097 1.03694888
0.796867 1.03315099
0.797676 1.03399312
0.798967 1.03464651
0.798282 1.03588196
0.798282 1.03588196
0.797629 1.03672609
0.796331 1.03481488
0.796204 1.03345761
0.795359 1.03307429
0.795629 1.03269956
0.795109 1.03297782
0.795978 1.03189329
0.796895 1.03219656
0.796835 1.03296194
0.798054 1.03334766
0.798054 1.03334766
0.797852 1.03512350
0.7974 1.03532070
0.79699 1.03411722
0.79699 1.03411722
0.796179 1.03426938
0.795834 1.03459351
0.796372 1.03644832
0.797047 1.03530957
0.798057 1.03570206
0.7982 1.03718051
0.799155 1.03582572
0.80034 1.03539032
0.797951 1.03629284
0.798408 1.03751982
0.798409 1.03807705
0.798156 1.03721231
0.797269 1.03696744
0.797098 1.03537880
0.797098 1.03537880
0.797008 1.03685675
0.79644 1.03715906
0.797282 1.03844874
0.797844 1.03852032
0.797264 1.03865562
0.796657 1.03892058
0.797234 1.03782292
0.798086 1.03654453
0.798086 1.03654453
0.797453 1.03559660
0.797957 1.03568506
0.797671 1.03672871
0.799057 1.03678774
0.797824 1.03696066
0.797014 1.03802491
0.797612 1.03817854
0.79692 1.03830728
0.7965 1.03864558
0.797255 1.03602479
0.797431 1.03535177
0.798151 1.03621240
0.798105 1.03560183
0.79768 1.03598077
0.797294 1.03484894
0.797786 1.03269863
0.797794 1.03555796
0.798592 1.03584075
0.797851 1.03514314
0.796923 1.03343352
0.797946 1.03195208
0.797319 1.03056876
0.798422 1.02952511
0.79874 1.03041071
0.798267 1.03128008
0.798267 1.03128008
0.798188 1.03349494
0.799446 1.03329667
0.79839 1.03170042
0.798456 1.03122136
0.798548 1.03263609
0.798491 1.03411864
0.799179 1.03428074
0.798735 1.03484483
0.797836 1.03566837
0.797644 1.03376212
0.797934 1.03409907
0.798242 1.03410480
0.797653 1.03554557
0.797974 1.03613314
0.7982 1.03804996
0.797491 1.03653632
0.798045 1.03468277
0.798399 1.03583241
0.797101 1.03449206
0.795868 1.03543759
0.796584 1.03432545
0.796482 1.03336911
0.796744 1.03229565
0.796198 1.03303844
0.796981 1.03380544
0.797497 1.03286526
0.797192 1.03089868
0.795707 1.03240713
0.794805 1.03374541
0.795206 1.03337292
0.796921 1.03487332
0.797752 1.03522790
0.797074 1.03481376
0.798117 1.03532396
0.798117 1.03532396
0.797991 1.03572717
0.797216 1.03740550
0.797501 1.03674422
0.798443 1.03607010
0.798937 1.03405670
0.800166 1.03525825
0.800483 1.03513656
0.799979 1.03623433
0.79932 1.03595303
0.799198 1.03716737
0.800343 1.03532206
0.800152 1.03648193
0.799049 1.03631142
0.798241 1.03766577
0.798649 1.03801978
0.797504 1.03809092
0.797612 1.03793713
0.796769 1.03904252
0.796209 1.03922039
0.795826 1.03928181
0.795612 1.03891207
0.797187 1.03835142
0.797571 1.03900665
0.797571 1.03900665
0.796594 1.03947351
0.796891 1.03989047
0.797846 1.03847735
0.797762 1.03900868
0.797685 1.04004217
0.79775 1.04033429
0.797154 1.03875049
0.797684 1.03780790
0.796878 1.03883212
0.797658 1.04034633
0.798494 1.03905946
0.798268 1.03909104
0.797467 1.03830532
0.797049 1.03568460
0.796639 1.03503942
0.796505 1.03509042
0.796398 1.03457493
0.797742 1.03337479
0.797741 1.03277766
0.798913 1.03308743
0.798693 1.03278415
0.798288 1.03330179
0.797391 1.03454603
0.797916 1.03463939
0.797632 1.03522488
0.797654 1.03767346
0.796742 1.03736100
0.796351 1.03676624
0.796836 1.03502798
0.798011 1.03375215
0.798884 1.03309097
0.799068 1.03299972
0.799184 1.03348585
0.79955 1.03263180
0.799116 1.03263186
0.800052 1.03367071
0.800473 1.03516227
0.801441 1.03614839
0.800823 1.03531771
0.800607 1.03540716
0.799947 1.03796239
0.800584 1.03844437
0.800241 1.03701962
0.800512 1.03843275
0.8005 1.04045773
0.800343 1.03954613
0.799531 1.03829883
0.799395 1.03776511
0.799382 1.03714273
0.799382 1.03714273
0.797391 1.03785230
0.798698 1.03849035
0.797821 1.03771675
0.797821 1.03771675
0.798184 1.03709687
0.798742 1.03869007
0.799595 1.03963271
0.799397 1.03822550
0.79951 1.03836383
0.799136 1.03765976
0.798971 1.03782126
0.799326 1.03797053
0.79912 1.03733966
0.799031 1.03731531
0.799156 1.03776558
0.799247 1.03783901
0.800386 1.03836601
0.800726 1.03733319
0.801241 1.03746047
0.800623 1.03712099
0.798253 1.03742727
0.798858 1.03790623
0.798259 1.03922269
0.798432 1.04109944
0.798389 1.04289294
0.799767 1.04110077
0.799148 1.04041480
0.798287 1.04090438
0.798243 1.04016560
0.798078 1.04149714
0.798222 1.04184345
0.79869 1.04049852
0.79869 1.04049852
0.79877 1.04005940
0.798835 1.03967402
0.797059 1.03882992
0.797143 1.03900388
0.798152 1.04001565
0.79879 1.04012507
0.79879 1.04012507
0.798387 1.03972739
0.798104 1.04210988
0.799191 1.04127071
0.799028 1.03940495
0.799193 1.03855287
0.801058 1.03952105
0.801665 1.04030430
0.801097 1.03841139
0.800286 1.03868280
0.799893 1.03683351
0.799936 1.03588950
0.799549 1.03896333
0.801075 1.03986306
0.800272 1.03836341
0.801177 1.03910911
0.801277 1.03954440
0.801701 1.03967256
0.80171 1.03870040
0.801615 1.03860608
0.801638 1.03808286
0.801914 1.03707923
0.802395 1.03994056
0.803135 1.03779298
0.802565 1.03747386
0.802565 1.03747386
0.802471 1.03885533
0.801795 1.03861511
0.802427 1.03857031
0.801923 1.03743741
0.801649 1.03784295
0.802123 1.03803159
0.802495 1.03632969
0.8028 1.03605939
0.803429 1.03597235
0.802804 1.03800305
0.801926 1.03736141
0.802774 1.03830189
0.802073 1.03888857
0.802005 1.03780915
0.80192 1.03952898
0.801879 1.04055658
0.801416 1.03980774
0.802217 1.03998449
0.801435 1.03918522
0.800921 1.03798818
0.800921 1.03798818
0.800314 1.03710246
0.800514 1.03700729
0.801239 1.03797456
0.801881 1.03852939
0.800206 1.03683135
0.799281 1.03625569
0.799281 1.03625569
0.799033 1.03603588
0.79852 1.03729307
0.797807 1.03833125
0.798729 1.03738881
0.798796 1.03702719
0.798184 1.03769463
0.798267 1.03804303
0.798278 1.03710422
0.798257 1.03622836
0.798524 1.03752304
0.797808 1.03845889
0.797808 1.03845889
0.797329 1.03678663
0.79771 1.03819804
0.797996 1.03843747
0.7982 1.03895697
0.797878 1.04009543
0.798087 1.03923260
0.798631 1.03859351
0.799436 1.03874412
0.799436 1.03874412
0.800121 1.03707186
0.799922 1.03827314
0.799469 1.03877762
0.799793 1.03739541
0.800302 1.03757993
0.800302 1.03757993
0.800289 1.03714712
0.799322 1.03687084
0.798835 1.03881482
0.798503 1.03732879
0.797853 1.03486517
0.796514 1.03496193
0.796927 1.03572285
0.796927 1.03572285
0.798333 1.03465333
0.79859 1.03586136
0.79938 1.03651168
0.799488 1.03643279
0.798981 1.03777577
0.798614 1.03752348
0.799645 1.03755630
0.799892 1.03793798
0.799696 1.03748597
0.798794 1.03762546
0.798794 1.03762546
0.799454 1.03892594
0.799621 1.03991477
0.800533 1.03895484
0.800118 1.03757027
0.799965 1.03869539
0.799523 1.04007643
0.800302 1.03888112
0.799495 1.03918877
0.799691 1.04179608
0.79927 1.04147229
0.799192 1.04036039
0.799503 1.04210986
0.799674 1.04141395
0.799826 1.03978727
0.800529 1.03961939
0.800092 1.03829724
0.800001 1.03797835
0.800377 1.03809816
0.800349 1.03907120
0.798812 1.04004761
0.798965 1.03749587
0.799762 1.03696624
0.799965 1.03677788
0.799936 1.03752224
0.798658 1.03684173
0.798176 1.03899047
0.798421 1.03977008
0.798411 1.03984597
0.797917 1.03805255
0.798762 1.03678182
0.799641 1.03577891
0.798535 1.03817317
0.798274 1.03828233
0.798283 1.03714558
0.797648 1.03811504
0.798742 1.03887671
0.798025 1.03898310
0.79824 1.03796107
0.79826 1.03491061
0.797197 1.03479989
0.797627 1.03487087
0.798526 1.03666164
0.797608 1.03870410
0.797464 1.03992774
0.798238 1.03963478
0.798583 1.03955066
0.799084 1.03788994
0.799314 1.04008430
0.800907 1.03951467
0.801629 1.03975710
0.80234 1.03895572
0.800813 1.03835701
0.799657 1.03877936
0.800387 1.03690081
0.799579 1.03551767
0.79865 1.03671448
0.798068 1.03622932
0.798524 1.03470164
0.797999 1.03483489
0.798689 1.03405749
0.79777 1.03438058
0.797836 1.03231257
0.797651 1.03558877
0.798364 1.03536438
0.797615 1.03633407
0.797615 1.03633407
0.796251 1.03784663
0.796411 1.03926826
0.797358 1.03808346
0.798492 1.03553620
0.799304 1.03521939
0.799292 1.03477010
0.799059 1.03543146
0.798971 1.03512932
0.800048 1.03393387
0.799596 1.03505941
0.800451 1.03605213
0.800348 1.03731911
0.800348 1.03731911
0.800935 1.03942518
0.802938 1.04038439
0.802179 1.04035865
0.802161 1.04026488
0.801721 1.04008572
0.801738 1.04054597
0.801834 1.04086294
0.800829 1.03924842
0.800088 1.03928419
0.80037 1.03975041
0.800921 1.03944931
0.801456 1.04107956
0.802309 1.03939093
0.801931 1.03894294
0.801396 1.03729225
0.802583 1.03600801
0.803016 1.03562246
0.803016 1.03562246
0.802924 1.03459730
0.803458 1.03486014
0.805515 1.03481207
0.806491 1.03432084
0.805558 1.03542735
0.804981 1.03552323
0.80346 1.03669616
0.80346 1.03669616
0.802411 1.03742105
0.801938 1.03639678
0.800931 1.03757438
0.800704 1.03885616
0.800795 1.03959334
0.801035 1.04095310
0.800342 1.03780553
0.800899 1.03739309
0.799107 1.03825814
0.799485 1.04042815
0.799611 1.04147803
0.799581 1.04015112
0.799566 1.03877606
0.798628 1.04018232
0.800292 1.03922414
0.799439 1.03792272
0.799088 1.03891959
0.80062 1.03981082
0.800806 1.03975272
0.800732 1.03930106
0.800897 1.04071140
0.800445 1.04052437
0.79981 1.04206166
0.800502 1.04105109
0.800842 1.04217001
0.799994 1.04237995
0.797893 1.04268486
0.798525 1.04279884
0.79812 1.04131823
0.79802 1.04219509
0.798397 1.03984827
0.797614 1.04057867
0.797639 1.04160196
0.798252 1.04201026
0.798311 1.04150127
0.799117 1.04092778
0.800495 1.04197086
0.800639 1.04290648
0.800733 1.04275396
0.801803 1.04155023
0.802185 1.04053017
0.80259 1.03973996
0.801939 1.03944189
0.801952 1.03987733
0.801791 1.04013551
0.801849 1.03950509
0.802381 1.04109945
0.801752 1.04091559
0.802078 1.04051915
0.800036 1.04013734
0.79998 1.03962962
0.799771 1.03906552
0.800098 1.03715756
0.801057 1.03641100
0.800814 1.03640788
0.80071 1.03822474
0.799035 1.03793723
0.799609 1.03674447
0.80005 1.03581398
0.80005 1.03581398
0.800253 1.03527892
0.798204 1.03623270
0.796469 1.03513212
0.795516 1.03340313
0.794001 1.03509056
0.793754 1.03265034
0.79449 1.03240800
0.795671 1.03153917
0.796304 1.03266780
0.798191 1.03445154
0.798191 1.03445154
0.797555 1.03461911
0.79695 1.03639828
0.797171 1.03421367
0.797047 1.03542338
0.797047 1.03542338
0.797873 1.03399574
0.798205 1.03517643
0.799975 1.03351158
0.799845 1.03429161
0.799178 1.03421867
0.79748 1.03433017
0.797389 1.03468889
0.798611 1.03513381
0.798312 1.03469791
0.797952 1.03591545
0.797425 1.03563466
0.798302 1.03671850
0.79898 1.03799256
0.798167 1.03850263
0.798614 1.03827712
0.799379 1.03898149
0.798539 1.03894997
0.799664 1.03767779
0.800294 1.03757883
0.800951 1.03735266
0.799487 1.03745474
0.799076 1.03780801
0.798114 1.03710477
0.799039 1.03627270
0.800382 1.03436734
0.800405 1.03483577
0.799891 1.03559283
0.799891 1.03559283
0.799459 1.03605624
0.800719 1.03657776
0.799139 1.03551632
0.798118 1.03621503
0.797137 1.03504552
0.796885 1.03548945
0.796097 1.03631783
0.795684 1.03562925
0.795122 1.03457481
0.796455 1.03587113
0.795777 1.03564707
0.795708 1.03545602
0.795674 1.03323449
0.795674 1.03323449
0.794906 1.03457384
0.79575 1.03397298
0.796958 1.03555850
0.79777 1.03558661
0.798694 1.03483073
0.79938 1.03637561
0.798974 1.03683926
0.797915 1.03592455
0.79769 1.03417143
0.79798 1.03666275
0.798071 1.03712400
0.798543 1.03714129
0.798986 1.03700016
0.799155 1.03750037
0.7986 1.03590314
0.797958 1.03726410
0.79827 1.03724056
0.796911 1.03854599
0.795539 1.03945520
0.794813 1.03838202
0.79597 1.03760646
0.796094 1.03815288
0.796854 1.03747101
0.796009 1.03687067
0.795898 1.03535185
0.795898 1.03535185
0.797836 1.03606542
0.798744 1.03421567
0.799821 1.03502889
0.80006 1.03530543
0.800722 1.03420266
0.80004 1.03611534
0.800032 1.03638023
0.79975 1.03507974
0.799314 1.03330211
0.799446 1.03374603
0.799446 1.03374603
0.798564 1.03263225
0.79789 1.03200618
0.797675 1.03335950
0.797745 1.03372602
0.798296 1.03396930
0.798557 1.03420902
0.798812 1.03420341
0.798557 1.03498117
0.798245 1.03506540
0.797895 1.03548659
0.797887 1.03736967
0.798422 1.03724924
0.7973 1.03794292
0.7973 1.03794292
0.796873 1.03522970
0.797715 1.03344386
0.79693 1.03320532
0.79693 1.03320532
0.796959 1.03304889
0.798016 1.03289458
0.7973 1.03443197
0.79659 1.03421208
0.796255 1.03281229
0.795752 1.03416526
0.795119 1.03306446
0.795119 1.03306446
0.793711 1.03368948
0.795785 1.03399921
0.795608 1.03233186
0.796413 1.03299243
0.796517 1.03225410
0.797632 1.03306221
0.797788 1.03236073
0.797217 1.03419200
0.796928 1.03476292
0.796853 1.03329146
0.796524 1.03292883
0.795401 1.03097204
0.796162 1.03205253
0.796652 1.03227445
0.796809 1.03370861
0.797018 1.03437450
0.796825 1.03603800
0.797615 1.03601111
0.798796 1.03568303
0.799118 1.03592067
0.798691 1.03550905
0.799185 1.03633667
0.799317 1.03815327
0.798831 1.03688129
0.798711 1.03646031
0.798163 1.03314280
0.79788 1.03240329
0.797722 1.03380552
0.797999 1.03654215
0.797848 1.03528247
0.797308 1.03817905
0.797308 1.03776939
0.797148 1.03941947
0.797234 1.03889153
0.79811 1.03767463
0.798948 1.03766305
0.798317 1.03483245
0.798233 1.03534618
0.798475 1.03697840
0.798731 1.03508361
0.798752 1.03569791
0.798395 1.03428163
0.799133 1.03390775
0.799109 1.03408504
0.79881 1.03407251
0.79839 1.03292847
0.79854 1.03224808
0.79932 1.03227345
0.799428 1.03193942
0.799603 1.03217413
0.79935 1.03430926
0.798592 1.03418053
0.798975 1.03380626
0.798484 1.03467791
0.799527 1.03601500
0.799231 1.03366366
0.799231 1.03366366
0.800037 1.03183089
0.800036 1.03141854
0.800411 1.03201149
0.80028 1.03214074
0.800798 1.03363513
0.800629 1.03381857
0.800679 1.03628267
0.800506 1.03779072
0.79933 1.03797442
0.798968 1.03469808
0.798469 1.03665251
0.797644 1.03670356
0.797392 1.03555087
0.798626 1.03572289
0.799431 1.03741753
0.799714 1.03955633
0.79891 1.03746018
0.798079 1.03798203
0.797947 1.03919119
0.79729 1.03773944
0.797967 1.03999199
0.797721 1.04038187
0.796658 1.03878613
0.797697 1.03969238
0.797694 1.03926917
0.797793 1.03764062
0.798946 1.03935697
0.798946 1.03935697
0.799849 1.03880584
0.800411 1.03883193
0.800393 1.03604104
0.799389 1.03717702
0.798905 1.03698005
0.798151 1.03755382
0.798193 1.03593835
0.798015 1.03728890
0.79782 1.03843490
0.798832 1.03729082
0.799824 1.03754043
0.798627 1.03750841
0.798627 1.03750841
0.797274 1.03686227
0.796926 1.03628279
0.796436 1.03650976
0.796436 1.03650976
0.798064 1.03513667
0.798339 1.03432530
0.797004 1.03306617
0.798055 1.03332083
0.798692 1.03416616
0.797807 1.03457984
0.798931 1.03685983
0.799062 1.03821291
0.800163 1.03884502
0.800891 1.03833948
0.801215 1.03905202
0.800423 1.03787315
0.800744 1.03832317
0.800744 1.03832317
0.80085 1.03967125
0.801 1.04037771
0.801 1.04037771
0.800147 1.04022771
0.799247 1.04156081
0.798621 1.04145969
0.798929 1.03936827
0.800538 1.04035985
0.800538 1.04035985
0.801503 1.04058865
0.802338 1.03966724
0.801533 1.04035727
0.801808 1.03899047
0.801845 1.04017160
0.801994 1.04103174
0.801994 1.04103174
0.801669 1.04012052
0.801668 1.03973992
0.801499 1.03854309
0.802543 1.03871357
0.801497 1.03929003
0.801817 1.03887700
0.801436 1.03838701
0.801436 1.03838701
0.802411 1.03750746
0.802576 1.03684072
0.801394 1.03616384
0.801452 1.03657563
0.801841 1.03365523
0.800467 1.03272680
0.799523 1.03242529
0.799257 1.03366025
0.798777 1.03268315
0.79745 1.03204258
0.796107 1.03106254
0.796374 1.03397413
0.795353 1.03595886
0.796297 1.03569562
0.796352 1.03572388
0.796377 1.03770519
0.797064 1.03758419
0.796656 1.03696786
0.795495 1.03706369
0.796842 1.03567466
0.796318 1.03730595
0.796267 1.03893822
0.795695 1.03865468
0.795066 1.03672039
0.795502 1.03734161
0.795502 1.03734161
0.79497 1.03720168
0.795479 1.03571036
0.795811 1.03612564
0.796146 1.03565595
0.79585 1.03606563
0.796132 1.03455722
0.796552 1.03436044
0.796028 1.03328653
0.796228 1.03276949
0.796982 1.03555781
0.795619 1.03504476
0.796884 1.03473171
0.797372 1.03434092
0.79665 1.03471405
0.796669 1.03579209
0.796669 1.03579209
0.796378 1.03523490
0.795967 1.03421276
0.795967 1.03421276
0.796139 1.03514158
0.797076 1.03744021
0.795546 1.03817670
0.797134 1.03945320
0.795709 1.03840637
0.795873 1.03942123
0.797054 1.04083417
0.797022 1.04104882
0.797182 1.04053640
0.797182 1.04053640
0.796679 1.04080023
0.796679 1.04080023
0.797752 1.04266241
0.796813 1.04350376
0.79797 1.04286232
0.798244 1.04219567
0.798518 1.04492045
0.799396 1.04559001
0.799776 1.04423402
0.799997 1.04236232
0.80111 1.04280392
0.800822 1.04240357
0.799963 1.04075449
0.799685 1.03978821
0.799395 1.04105663
0.798746 1.04039231
0.799244 1.03902460
0.799593 1.04002004
0.799965 1.03827829
0.799965 1.03827829
0.799614 1.04023702
0.799627 1.03966311
0.801346 1.04032163
0.801384 1.03980895
0.801497 1.03878997
0.800881 1.03875249
0.800872 1.03925647
0.801167 1.03941973
0.799629 1.03857289
0.79979 1.03818307
0.799426 1.03761491
0.798081 1.03609954
0.7983 1.03629751
0.799197 1.03663217
0.798108 1.03636769
0.799125 1.03651819
0.798501 1.03622591
0.797644 1.03851017
0.797505 1.03726860
0.796529 1.03835894
0.796318 1.03790163
0.796486 1.03607632
0.797698 1.03677190
0.797132 1.03633785
0.79791 1.03664394
0.798217 1.03653732
0.79807 1.03451121
0.797401 1.03619580
0.796422 1.03425225
0.796783 1.03563631
0.795848 1.03586186
0.795848 1.03586186
0.79495 1.03727316
0.795374 1.03791193
0.795374 1.03791193
0.795646 1.04037472
0.795646 1.04037472
0.79535 1.03995945
0.795804 1.04054891
0.796685 1.04190991
0.794712 1.04178291
0.795036 1.04222296
0.794956 1.04129667
0.797061 1.04272411
0.796768 1.04287431
0.796581 1.04281599
0.796604 1.04170061
0.796408 1.03973083
0.797371 1.04026030
0.796693 1.04082222
0.797084 1.04011045
0.797084 1.04011045
0.797574 1.04140551
0.797302 1.03919161
0.796763 1.03981439
0.796984 1.03921090
0.796642 1.03921985
0.797753 1.04079695
0.797017 1.04121600
0.797017 1.04121600
0.797607 1.04279009
0.79774 1.04199112
0.79797 1.04168473
0.79841 1.04312995
0.798127 1.04292396
0.797109 1.04385651
0.797514 1.04279646
0.797204 1.04304947
0.79714 1.04238075
0.79788 1.04291581
0.797296 1.04105062
0.797617 1.03935383
0.797617 1.03935383
0.799043 1.03802472
0.799043 1.03802472
0.798976 1.03662606
0.798134 1.03573066
0.798653 1.03532726
0.798843 1.03581310
0.799812 1.03550278
0.799555 1.03647813
0.798805 1.03577971
0.799698 1.03547774
0.799828 1.03669016
0.79945 1.03762339
0.799174 1.03744476
0.799174 1.03744476
0.798316 1.03959740
0.797881 1.04100630
0.797881 1.04100630
0.798211 1.04097550
0.798759 1.03989123
0.798412 1.03936108
0.797978 1.03969010
0.797689 1.03878323
0.79883 1.03830596
0.798637 1.03962958
0.797962 1.03970471
0.797475 1.03998062
0.798037 1.03967832
0.798366 1.03903927
0.799069 1.03909022
0.797428 1.03911136
0.798424 1.03766888
0.798172 1.03785054
0.797487 1.03524909
0.797331 1.03641215
0.797303 1.03577851
0.796797 1.03427952
0.796053 1.03314716
0.795484 1.03267752
0.797176 1.03429496
0.79837 1.03290103
0.798115 1.03207360
0.798469 1.03150295
0.798532 1.03119957
0.798383 1.03385190
0.799489 1.03397094
0.800593 1.03496362
0.800155 1.03510591
0.799081 1.03486772
0.798478 1.03506116
0.798698 1.03501365
0.798443 1.03417380
0.798797 1.03514188
0.798303 1.03590734
0.798212 1.03393355
0.797849 1.03329570
0.797647 1.03411425
0.79842 1.03492610
0.798493 1.03680000
0.797581 1.03969972
0.798674 1.04109152
0.798598 1.03919929
0.798598 1.03919929
0.798797 1.03924854
0.79984 1.03822376
0.799424 1.03628121
0.798934 1.03568120
0.798564 1.03399395
0.798564 1.03399395
0.798527 1.03302404
0.799894 1.03262615
0.799713 1.03353769
0.799457 1.03404831
0.799576 1.03402280
0.799279 1.03461607
0.79745 1.03292102
0.79792 1.03371240
0.797268 1.03694590
0.796094 1.03781381
0.797128 1.03890865
0.797145 1.03628043
0.797145 1.03628043
0.797119 1.03586242
0.796948 1.03709008
0.797696 1.03598182
0.796261 1.03728521
0.796544 1.03712816
0.796142 1.03674437
0.796142 1.03674437
0.797117 1.03652308
0.796646 1.03489404
0.795674 1.03494831
0.795886 1.03492833
0.795886 1.03492833
0.796002 1.03504553
0.794652 1.03631522
0.795551 1.03824159
0.79708 1.03949289
0.796024 1.04069301
0.796884 1.04229476
0.795598 1.04193211
0.796512 1.04239340
0.796232 1.04014664
0.796165 1.04065169
0.797176 1.03999365
0.797105 1.04053044
0.797231 1.03985899
0.797478 1.04149675
0.797171 1.04270167
0.796251 1.04229406
0.796387 1.04407775
0.79739 1.04396246
0.79807 1.04364946
0.797811 1.04338135
0.798401 1.04399513
0.79846 1.04211607
0.7973 1.04202960
0.79819 1.04212787
0.79774 1.04107273
0.797045 1.04044475
0.797013 1.03903799
0.796822 1.03941207
0.797235 1.03908735
0.797253 1.04082444
0.797133 1.03986665
0.797334 1.04063942
0.796007 1.03958893
0.796687 1.03863102
0.796352 1.03853066
0.796955 1.03716397
0.797485 1.03592467
0.796106 1.03776863
0.796451 1.03891158
0.796241 1.03961197
0.796876 1.03747537
0.797174 1.03883651
0.797174 1.03883651
0.797032 1.03898258
0.795997 1.03652334
0.796912 1.03497562
0.797398 1.03482724
0.797905 1.03293521
0.797277 1.03160792
0.796363 1.03208025
0.79604 1.03101789
0.796275 1.02959969
0.795216 1.02918163
0.795076 1.03034851
0.795664 1.03080931
0.794043 1.03153649
0.794083 1.03201752
0.794876 1.03079075
0.795369 1.02900228
0.794892 1.03134707
0.794119 1.03165660
0.794872 1.03334123
0.794213 1.03247534
0.795736 1.03350565
0.795196 1.03398952
0.796127 1.03483315
0.794781 1.03524003
0.793446 1.03474506
0.794612 1.03425291
0.794328 1.03275565
0.794553 1.03303049
0.795488 1.03339503
0.79605 1.03217450
0.796089 1.03341604
0.796089 1.03341604
0.796708 1.03228857
0.79672 1.03310202
0.796591 1.03455961
0.796648 1.03440876
0.796654 1.03496693
0.796234 1.03561690
0.796572 1.03760761
0.796911 1.03648122
0.796821 1.03655055
0.796821 1.03655055
0.796876 1.03429360
0.798322 1.03512897
0.798672 1.03408894
0.798851 1.03431853
0.799877 1.03452869
0.799452 1.03435788
0.798746 1.03549341
0.798741 1.03611218
0.79862 1.03648706
0.79988 1.03716264
0.800003 1.03575620
0.800686 1.03584651
0.800317 1.03650801
0.798621 1.03654285
0.797862 1.03675537
0.799221 1.03643494
0.799639 1.03745498
0.798768 1.03695497
0.798886 1.03623092
0.797297 1.03619855
0.796512 1.03520742
0.797346 1.03647772
0.797866 1.03548427
0.797002 1.03541989
0.796978 1.03450884
0.797674 1.03431914
0.798454 1.03364409
0.798753 1.03425683
0.798789 1.03450314
0.799099 1.03461413
0.799482 1.03435531
0.800668 1.03402985
0.800854 1.03616198
0.800923 1.03498550
0.801513 1.03580189
0.801513 1.03580189
0.800896 1.03541835
0.801284 1.03644656
0.80188 1.03802045
0.80064 1.03550327
0.801217 1.03693431
0.80024 1.03731582
0.799953 1.03810782
0.799953 1.03810782
0.800599 1.03743480
0.80253 1.03715459
0.801884 1.03938222
0.801516 1.03658172
0.801516 1.03658172
0.801562 1.03706091
0.801562 1.03706091
0.800649 1.03770944
0.800632 1.03731866
0.800114 1.04084777
0.800203 1.04176638
0.799267 1.04168778
0.79953 1.04111844
0.800799 1.04092136
0.79955 1.03891190
0.798556 1.03637957
0.798788 1.03699771
0.798713 1.03495507
0.800554 1.03390010
0.800058 1.03625905
0.800515 1.03706324
0.79944 1.03586464
0.798544 1.03647099
0.799324 1.03514972
0.79764 1.03754607
0.798 1.03771496
0.798583 1.03681014
0.799809 1.03715859
0.799809 1.03715859
0.79957 1.03673323
0.79957 1.03673323
0.799508 1.03645693
0.798938 1.03576380
0.799725 1.03809807
0.799179 1.03742012
0.799179 1.03742012
0.799188 1.03706264
0.798041 1.03822549
0.798278 1.03944482
0.798001 1.04024971
0.797983 1.04183267
0.798588 1.04324350
0.798588 1.04324350
0.798377 1.04341234
0.798163 1.04257501
0.798816 1.04344890
0.798648 1.04280795
0.796634 1.04139034
0.796574 1.04384849
0.797328 1.04153336
0.79801 1.03873246
0.798367 1.03685236
0.798945 1.03540831
0.798237 1.03678738
0.798371 1.03681540
0.798549 1.03673983
0.797268 1.03664361
0.798098 1.03774173
0.797436 1.03688611
0.797436 1.03688611
0.79755 1.03812802
0.798076 1.03817418
0.797432 1.03764926
0.797432 1.03764926
0.796799 1.03741072
0.797334 1.03556861
0.797236 1.03650886
0.797892 1.03526796
0.798063 1.03403488
0.79766 1.03516081
0.796937 1.03357683
0.798022 1.03453992
0.797159 1.03404785
0.796 1.03255572
0.79588 1.03290127
0.795221 1.03320977
0.795703 1.03459079
0.795032 1.03527469
0.795032 1.03527469
0.796108 1.03404149
0.796218 1.03360574
0.79582 1.03371473
0.797433 1.03199114
0.797264 1.03336763
0.79717 1.03404052
0.796237 1.03415117
0.796697 1.03497515
0.797111 1.03506292
0.796311 1.03641686
0.79593 1.03749978
0.795545 1.03561937
0.796256 1.03469520
0.796601 1.03799380
0.796712 1.03590556
0.797962 1.03797685
0.796671 1.03787510
0.796522 1.03965560
0.796263 1.03946680
0.796218 1.03898832
0.794964 1.03829965
0.794997 1.03644462
0.794715 1.03636134
0.795073 1.03394417
0.794674 1.03525916
0.794995 1.03511358
0.794179 1.03471114
0.794936 1.03283841
0.79635 1.03392477
0.797157 1.03588493
0.796784 1.03646891
0.796213 1.03671104
0.796605 1.03811351
0.795518 1.03513856
0.796191 1.03570081
0.796412 1.03734594
0.796601 1.03622287
0.795369 1.03656054
0.796715 1.03652389
0.796437 1.03531880
0.795943 1.03639758
0.796132 1.03630477
0.796169 1.03700443
0.795989 1.03727727
0.796111 1.03583910
0.796773 1.03590097
0.797718 1.03552388
0.79726 1.03679853
0.797095 1.03487254
0.797834 1.03294571
0.799229 1.03263162
0.798369 1.03271857
0.79777 1.03174443
0.796866 1.03121973
0.797096 1.03152456
0.797096 1.03152456
0.79716 1.03169403
0.796894 1.03060841
0.795437 1.03065751
0.796404 1.03168451
0.797251 1.03129106
0.797342 1.03168256
0.796262 1.03179242
0.796566 1.02952557
0.796566 1.02952557
0.796389 1.03109055
0.795056 1.03120861
0.795056 1.03120861
0.794617 1.03151099
0.795305 1.03196275
0.794863 1.03132276
0.795291 1.03052207
0.7961 1.03188531
0.796329 1.03172352
0.796262 1.03274467
0.796131 1.03338650
0.796913 1.03321681
0.795841 1.03216771
0.794833 1.03339000
0.794953 1.03492928
0.795596 1.03473574
0.796588 1.03432500
0.797869 1.03277881
0.797958 1.03424620
0.798018 1.03462291
0.797766 1.03706546
0.797024 1.03588057
0.797313 1.03882184
0.79788 1.03775845
0.796817 1.03625868
0.796097 1.03558621
0.79657 1.03616533
0.796222 1.03575393
0.795595 1.03554792
0.794513 1.03533027
0.796099 1.03509451
0.796099 1.03509451
0.796735 1.03698906
0.797826 1.03713198
0.797705 1.03586611
0.798346 1.03540314
0.798739 1.03712073
0.798238 1.03611890
0.798299 1.03466077
0.798359 1.03555293
0.798888 1.03420040
0.799419 1.03438815
0.799056 1.03499001
0.797923 1.03631872
0.798374 1.03684064
0.798181 1.03724657
0.797717 1.03576697
0.798283 1.03510413
0.798283 1.03510413
0.797708 1.03510441
0.798081 1.03340802
0.798754 1.03568839
0.798739 1.03537229
0.798513 1.03477984
0.799062 1.03574439
0.799006 1.03506276
0.798955 1.03509564
0.798955 1.03509564
0.799722 1.03677853
0.79865 1.03699279
0.798969 1.03708632
0.798969 1.03708632
0.799102 1.03697966
0.799869 1.03670863
0.798862 1.03812395
0.79934 1.03909562
0.798772 1.03984900
0.799106 1.04107276
0.798923 1.03996881
0.798752 1.04118900
0.799115 1.04036430
0.799115 1.04036430
0.798774 1.03967240
0.799892 1.04051971
0.799947 1.03855444
0.799677 1.03897927
0.800709 1.03793032
0.800956 1.03835440
0.800072 1.03766261
0.800212 1.03686722
0.800587 1.03647565
0.800526 1.03558329
0.80142 1.03436825
0.800711 1.03488135
0.800182 1.03584374
0.800116 1.03508058
0.800834 1.03662310
0.800917 1.03706700
0.800628 1.03946792
0.802438 1.03895997
0.802305 1.03955666
0.801535 1.04036178
0.802673 1.03828003
0.801907 1.03800171
0.800388 1.03718200
0.800531 1.03540704
0.800772 1.03574932
0.801453 1.03657360
0.799701 1.03559876
0.799192 1.03632612
0.799244 1.03675255
0.80008 1.03738723
0.799975 1.03512686
0.800176 1.03580656
0.79933 1.03651941
0.798094 1.03738886
0.796577 1.03773317
0.797223 1.03619586
0.797468 1.03509807
0.797468 1.03509807
0.796854 1.03491188
0.796393 1.03489900
0.796629 1.03408187
0.795207 1.03378433
0.795401 1.03455268
0.795568 1.03457409
0.79546 1.03533193
0.795312 1.03636819
0.795528 1.03762622
0.795317 1.03857128
0.796143 1.03685173
0.795152 1.03549901
0.795133 1.03500588
0.794757 1.03366186
0.794842 1.03308429
0.796127 1.03233365
0.795248 1.03261034
0.796311 1.03257738
0.795723 1.03484264
0.79715 1.03603402
0.796644 1.03525255
0.796887 1.03458913
0.795501 1.03553929
0.795658 1.03630862
0.795245 1.03459641
0.793822 1.03326515
0.794714 1.03325756
0.79642 1.03345155
0.796104 1.03266102
0.796403 1.03056189
0.797071 1.03051198
0.796682 1.02969474
0.796386 1.03113324
0.796401 1.02925459
0.796914 1.02789135
0.796914 1.02789135
0.7974 1.03016350
0.797796 1.03115311
0.797796 1.03115311
0.798644 1.03082285
0.798296 1.03160302
0.798216 1.03303858
0.797818 1.03492352
0.797818 1.03492352
0.797999 1.03527720
0.797367 1.03521167
0.797571 1.03404990
0.797151 1.03429538
0.796795 1.03511910
0.797487 1.03413120
0.798295 1.03498550
0.800229 1.03548592
0.799923 1.03451571
0.799059 1.03467983
0.798466 1.03344771
0.797457 1.03362630
0.797356 1.03405246
0.796713 1.03492770
0.796997 1.03483236
0.797558 1.03295377
0.7977 1.03485596
0.798154 1.03473960
0.798729 1.03619352
0.798148 1.03704873
0.797525 1.03639138
0.796926 1.03593251
0.796926 1.03593251
0.797865 1.03683126
0.797329 1.03572257
0.797687 1.03605352
0.797687 1.03605352
0.797949 1.03527979
0.797949 1.03527979
0.798466 1.03379230
0.798445 1.03363973
0.799271 1.03468538
0.79904 1.03403814
0.798286 1.03360069
0.797702 1.03259125
0.798485 1.03221071
0.798099 1.03432228
0.798452 1.03351358
0.798397 1.03258213
0.797304 1.03355118
0.796884 1.03368109
0.796679 1.03276994
0.796912 1.03312998
0.795716 1.03472694
0.795953 1.03407908
0.796342 1.03436130
0.796417 1.03221208
0.796085 1.03439233
0.795541 1.03568492
0.795947 1.03622013
0.795809 1.03654048
0.796771 1.03460810
0.797434 1.03562236
0.797505 1.03755703
0.796814 1.03952312
0.797404 1.03916706
0.797114 1.04049550
0.797005 1.03928875
0.796909 1.03946589
0.79649 1.04000520
0.79574 1.03840559
0.795302 1.03759825
0.795066 1.03894401
0.794346 1.04061014
0.795412 1.04139406
0.795481 1.03900981
0.797198 1.03848786
0.798562 1.03796243
0.798188 1.03734497
0.797817 1.03751624
0.797529 1.03806085
0.798189 1.03710884
0.797633 1.03819354
0.797668 1.03820579
0.797939 1.04012229
0.797725 1.03957521
0.797002 1.03903118
0.796835 1.03798698
0.797005 1.03834056
0.798059 1.03800948
0.797745 1.03663216
0.797166 1.03686752
0.796527 1.03640795
0.79687 1.03622942
0.797446 1.03640730
0.797889 1.03764927
0.798362 1.03670289
0.797679 1.03695279
0.798071 1.03633784
0.797877 1.03825857
0.797176 1.03751786
0.7973 1.03974743
0.7978 1.03996023
0.7978 1.03996023
0.796699 1.03811037
0.796841 1.03826718
0.798081 1.03672205
0.798081 1.03672205
0.797033 1.03916392
0.796221 1.04008177
0.797231 1.03995595
0.796287 1.03894770
0.795962 1.03934628
0.796449 1.03991737
0.795655 1.03917005
0.795579 1.03728620
0.796032 1.03766903
0.797623 1.03819965
0.797386 1.03840461
0.796239 1.03902972
0.795887 1.03867871
0.796745 1.03877822
0.795268 1.03962717
0.795035 1.03929927
0.795192 1.03688314
0.795537 1.03652973
0.795913 1.03494028
0.795913 1.03494028
0.794359 1.03499770
0.794344 1.03351577
0.794027 1.03460470
0.794223 1.03543519
0.793767 1.03584325
0.793767 1.03584325
0.794584 1.03687135
0.794039 1.03644235
0.793766 1.03611783
0.794825 1.03692186
0.795913 1.03867473
0.796568 1.03877601
0.796486 1.04116857
0.796486 1.04116857
0.796486 1.04116857
0.796242 1.04177687
0.795944 1.04202715
0.797213 1.04209495
0.797776 1.04080628
0.798073 1.04023307
0.798437 1.03957383
0.798986 1.03996779
0.799808 1.03810122
0.799708 1.03596542
0.799145 1.03638543
0.799807 1.03655539
0.799505 1.03843741
0.799638 1.03851434
0.800969 1.04017770
0.801903 1.04098086
0.802106 1.04010969
0.801143 1.04001545
0.80105 1.03968431
0.801263 1.03986899
0.800834 1.03894729
0.801038 1.03971753
0.801116 1.03975809
0.801058 1.04105482
0.800508 1.04124558
0.800888 1.04035176
0.800411 1.04002747
0.799173 1.04200101
0.798152 1.04138990
0.797939 1.03877162
0.797791 1.03797861
0.796396 1.03677082
0.796863 1.03579268
0.7975 1.03733677
0.79773 1.03762900
0.798108 1.03866610
0.796086 1.03921542
0.797097 1.04076831
0.796893 1.04299735
0.797368 1.04228660
0.797368 1.04228660
0.797349 1.04225473
0.796933 1.04231213
0.79621 1.04310964
0.797464 1.04113557
0.797464 1.04113557
0.797891 1.04163573
0.798906 1.04060942
0.798384 1.04077112
0.798639 1.03929064
0.797773 1.03888100
0.797782 1.03821661
0.79774 1.04108847
0.797299 1.04034527
0.798404 1.03955157
0.798375 1.03769826
0.799802 1.03841937
0.799802 1.03841937
0.799402 1.04022920
0.800759 1.03977037
0.801026 1.04065042
0.802438 1.04073744
0.801497 1.04184954
0.801237 1.04137160
0.801585 1.04032211
0.800484 1.04310508
0.800484 1.04310508
0.799922 1.04147733
0.799299 1.04108388
0.799366 1.04088885
0.800378 1.03960683
0.799679 1.03961365
0.799712 1.04234014
0.797535 1.04144519
0.797697 1.04278192
0.797032 1.04473665
0.797687 1.04343630
0.79794 1.04330146
0.79857 1.04305056
0.799111 1.04258903
0.80045 1.04159858
0.800585 1.04055572
0.800576 1.03855865
0.801621 1.03697718
0.802566 1.03895054
0.802767 1.03796772
0.802913 1.03802719
0.802982 1.03922049
0.802982 1.03922049
0.802269 1.03691755
0.801467 1.03663249
0.801188 1.03554659
0.801197 1.03574376
0.80108 1.03713706
0.801146 1.03673358
0.801153 1.03686006
0.801153 1.03686006
0.801569 1.03602362
0.80134 1.03656148
0.801318 1.03627082
0.801093 1.03706255
0.801711 1.03626222
0.801711 1.03626222
0.802183 1.03742201
0.802315 1.03709672
0.80166 1.03726083
0.80168 1.03708461
0.80007 1.03686347
0.80007 1.03686347
0.801 1.03696316
0.800656 1.03685152
0.799771 1.03638411
0.799366 1.03690840
0.799366 1.03690840
0.798724 1.03586985
0.798817 1.03685959
0.800314 1.03743538
0.800314 1.03743538
0.799636 1.03462465
0.799122 1.03550424
0.799128 1.03486903
0.798656 1.03528875
0.79787 1.03414699
0.797782 1.03388886
0.798349 1.03655991
0.798745 1.03596475
0.798117 1.03817029
0.798898 1.03903638
0.798897 1.03926010
0.79834 1.03753229
0.798735 1.03554282
0.798498 1.03529108
0.79878 1.03656486
0.799619 1.03779122
0.799848 1.03784944
0.799933 1.03895695
0.799197 1.03930709
0.799294 1.03892401
0.798779 1.04029775
0.798893 1.03954523
0.799821 1.03994597
0.800355 1.03867951
0.8006 1.03891229
0.801693 1.03868553
0.802838 1.03833623
0.803542 1.03850921
0.803245 1.03812656
0.803198 1.03842204
0.802497 1.03841210
0.803368 1.03790336
0.802618 1.03709877
0.80211 1.03710162
0.801056 1.03798076
0.800767 1.03820729
0.801185 1.03863154
0.801473 1.03827473
0.800113 1.03761567
0.800834 1.03829747
0.800499 1.03801773
0.800194 1.03821174
0.800009 1.03590866
0.800907 1.03474612
0.801364 1.03543281
0.801504 1.03627626
0.801143 1.03674849
0.801115 1.03810154
0.801514 1.03759625
0.801059 1.03803290
0.800486 1.03977915
0.801285 1.03899375
0.800729 1.04077892
0.800604 1.04132659
0.801568 1.04158267
0.802588 1.04050995
0.802303 1.04058818
0.803298 1.04102450
0.803785 1.04068600
0.803358 1.03997898
0.803239 1.04117830
0.803504 1.04279866
0.802879 1.04350905
0.804468 1.04222626
0.803876 1.04186923
0.804325 1.04217776
0.804325 1.04217776
0.804325 1.04217776
0.80297 1.04490732
0.801222 1.04413993
0.800341 1.04438653
0.800728 1.04695521
0.800034 1.04767808
0.800877 1.04441805
0.799667 1.04463051
0.799667 1.04463051
0.800419 1.04243083
0.800671 1.04100552
0.800139 1.04118200
0.799699 1.04023590
0.799566 1.03907141
0.799736 1.04019665
0.800092 1.04002566
0.799766 1.03924343
0.799747 1.03732202
0.799121 1.03856323
0.799228 1.03901279
0.799772 1.04091070
0.801007 1.04212414
0.800594 1.04232962
0.800825 1.04273580
0.800142 1.04275017
0.801004 1.04345334
0.800878 1.04427439
0.800819 1.04462500
0.802431 1.04302256
0.801898 1.04354099
0.801578 1.04379690
0.801107 1.04184823
0.800215 1.04500455
0.798924 1.04448241
0.798924 1.04448241
0.798924 1.04448241
0.799397 1.04460437
0.799709 1.04331566
0.798797 1.04356091
0.798797 1.04356091
0.797755 1.04169943
0.798753 1.04181150
0.799185 1.04278557
0.799252 1.04331370
0.800063 1.04369441
0.799675 1.04377119
0.799491 1.04371271
0.800691 1.04194014
0.800776 1.04077682
0.800776 1.04077682
0.801366 1.04031822
0.80147 1.04055559
0.80147 1.04055559
0.802488 1.04012005
0.801795 1.03778537
0.801756 1.03799854
0.801684 1.03600362
0.800215 1.03627755
0.8 1.03599192
0.799967 1.03595666
0.800622 1.03681976
0.800371 1.03640081
0.80224 1.03766879
0.801991 1.03874286
0.801734 1.03940904
0.801563 1.03934525
0.802123 1.03915594
0.80195 1.03767496
0.802973 1.03802827
0.803195 1.03633567
0.803979 1.03877353
0.804211 1.03992624
0.803345 1.04081837
0.803281 1.04242794
0.802832 1.04132069
0.80169 1.04398943
0.802818 1.04254136
0.802978 1.04243716
0.801593 1.04143025
0.802115 1.03969986
0.802205 1.03996462
0.799735 1.03805924
0.800519 1.03744787
0.800752 1.03929465
0.800113 1.03906476
0.800937 1.04094403
0.800322 1.04144501
0.800246 1.04224495
0.800246 1.04224495
0.799123 1.04019634
0.79778 1.03808654
0.797942 1.03735603
0.79844 1.03792588
0.799128 1.03828844
0.79817 1.03833647
0.799134 1.03918851
0.797249 1.03938840
0.796495 1.03947563
0.796495 1.03947563
0.795666 1.03815049
0.796453 1.03823263
0.796601 1.03957644
0.796984 1.03908490
0.797485 1.03932790
0.798052 1.03846829
0.79862 1.03750884
0.799328 1.03770413
0.799228 1.03835002
0.798764 1.03995001
0.799872 1.03912930
0.798195 1.03852589
0.797413 1.03959967
0.798262 1.03934446
0.799469 1.04097981
0.799469 1.04097981
0.798978 1.04118238
0.798339 1.04101233
0.798127 1.04002924
0.798324 1.03917465
0.798758 1.03992918
0.798758 1.03992918
0.799446 1.03840443
0.798637 1.03783910
0.79812 1.03885576
0.797296 1.03931330
0.798058 1.03794908
0.797277 1.03464611
0.797744 1.03262827
0.797708 1.03477318
0.797971 1.03526623
0.799474 1.03748267
0.799963 1.03353057
0.799292 1.03384868
0.799006 1.03609918
0.797761 1.03496679
0.79751 1.03435638
0.796681 1.03471375
0.796696 1.03600715
0.796292 1.03516935
0.795824 1.03633177
0.796402 1.03809163
0.796829 1.03577635
0.797452 1.03630388
0.797544 1.03623446
0.797958 1.03679783
0.797305 1.03710419
0.797305 1.03710419
0.797568 1.03659778
0.797434 1.03530838
0.79809 1.03679327
0.7987 1.03865598
0.7987 1.03865598
0.79894 1.03849423
0.798892 1.03839704
0.799441 1.03976533
0.799075 1.03862567
0.798954 1.03911723
0.79784 1.03724001
0.797817 1.03737295
0.797378 1.03628819
0.797611 1.03681464
0.797611 1.03681464
0.797921 1.03856851
0.797477 1.03627607
0.796591 1.03597136
0.795741 1.03514743
0.795741 1.03514743
0.79611 1.03760744
0.797106 1.03728977
0.797106 1.03728977
0.797773 1.03562211
0.798068 1.03537588
0.798298 1.03470721
0.798089 1.03358596
0.798464 1.03497076
0.79868 1.03554868
0.799208 1.03642519
0.798881 1.03587314
0.79894 1.03458035
0.79894 1.03458035
0.798355 1.03540963
0.7994 1.03530487
0.799731 1.03560926
0.800518 1.03486321
0.800388 1.03478632
0.80083 1.03356065
0.799729 1.03226785
