0.00177088
0.00686878
0.00686878
0.00686878
0.0149476
0.0149476
0.0149476
0.0149476
0.0149476
0.0149476
0.0149476
0.0256657
0.0256657
0.0387395
0.0387395
0.0535946
0.0535946
0.0535946
0.070405
0.0882478
0.0882478
0.107486
0.107486
0.127082
0.147528
0.147528
0.168121
0.189145
0.209831
0.231764
0.231764
0.231764
0.253097
0.253097
0.274228
0.296406
0.317006
0.337853
0.358396
0.37825
0.399114
0.418648
0.43455
0.451258
0.468374
0.487236
0.50282
0.521101
0.535144
0.548528
0.562549
0.574871
0.586994
0.597991
0.609374
0.621326
0.636516
0.647459
0.656688
0.669633
0.680411
0.689244
0.698666
0.710967
0.721561
0.730419
0.737926
0.745028
0.753088
0.762136
0.771455
0.778786
0.787482
0.793729
0.801635
0.811915
0.81882
0.823298
0.831427
0.836596
0.842757
0.846387
0.853923
0.860754
0.867097
0.873914
0.878024
0.884703
0.886475
0.891957
0.893242
0.897136
0.903447
0.909123
0.910882
0.913778
0.913778
0.916658
0.922172
0.924587
0.927657
0.928006
0.931478
0.936697
0.939735
0.94326
0.950169
0.951705
0.953311
0.953769
0.952989
0.955163
0.95229
0.95229
0.95076
0.951326
0.957064
0.965083
0.968993
0.972014
0.972062
0.973497
0.97268
0.971537
0.975416
0.976842
0.977444
0.977869
0.977969
0.975814
0.977305
0.978119
0.980493
0.986986
0.987371
0.989017
0.991158
0.995629
0.994903
0.997162
0.997675
0.995661
0.996934
0.999499
1.00389
1.0054
1.00205
1.00511
1.00334
1.00462
1.00456
1.00626
1.00718
1.00885
1.01027
1.01037
1.01298
1.01328
1.01705
1.01833
1.01574
1.01901
1.01923
1.01724
1.01938
1.01938
1.021
1.021
1.02408
1.02659
1.02521
1.0236
1.02357
1.02115
1.02231
1.02471
1.02835
1.02751
1.02681
1.02681
1.02728
1.0273
1.02625
1.02659
1.02576
1.02248
1.02152
1.01912
1.01912
1.02298
1.02489
1.02395
1.02559
1.02632
1.02512
1.02353
1.02479
1.02602
1.02403
1.02521
1.03124
1.03124
1.0312
1.03194
1.03415
1.03581
1.03175
1.03417
1.03417
1.03239
1.03298
1.03583
1.0381
1.03705
1.03674
1.03674
1.03598
1.03568
1.03721
1.03756
1.03951
1.03855
1.03695
1.03746
1.04051
1.04333
1.0421
1.03893
1.03694
1.03694
1.03552
1.03214
1.03214
1.0354
1.03497
1.03557
1.03635
1.0393
1.0397
1.04094
1.04341
1.04341
1.04272
1.03937
1.03906
1.03901
1.04071
1.03778
1.03636
1.03388
1.03179
1.0286
1.02783
1.02783
1.03347
1.03082
1.03579
1.03792
1.04426
1.04297
1.04204
1.0399
1.03883
1.0381
1.03847
1.03865
1.03865
1.03723
1.03819
1.03714
1.03836
1.03921
1.04022
1.03957
1.03823
1.03726
1.04111
1.0404
1.03938
1.0397
1.04085
1.03732
1.03962
1.03919
1.03886
1.04172
1.04112
1.03947
1.03777
1.03804
1.03725
1.03926
1.04097
1.04106
1.04707
1.04455
1.04222
1.04273
1.03878
1.03895
1.03986
1.04059
1.04019
1.03983
1.04005
1.03899
1.04055
1.04266
1.04234
1.04138
1.03628
1.0383
1.03852
1.03875
1.0366
1.0361
1.03548
1.03429
1.03638
1.03583
1.03765
1.03631
1.03864
1.0365
1.03783
1.0383
1.03949
1.04019
1.03901
1.04123
1.04123
1.04227
1.0432
1.03944
1.03812
1.03935
1.04415
1.04459
1.04483
1.04486
1.04401
1.0431
1.04313
1.03668
1.03751
1.03379
1.03513
1.03513
1.03814
1.03959
1.04141
1.04211
1.04211
1.04358
1.04249
1.04141
1.03933
1.04062
1.04281
1.04704
1.04891
1.04791
1.04855
1.05139
1.0483
1.04586
1.04429
1.04429
1.04107
1.04016
1.04048
1.04048
1.03921
1.03797
1.03967
1.04249
1.04324
1.04626
1.04496
1.045
1.04283
1.04168
1.04401
1.04515
1.04746
1.04673
1.04411
1.04164
1.03857
1.04159
1.04213
1.04338
1.04337
1.0418
1.04274
1.04427
1.0466
1.04623
1.04802
1.0455
1.04499
1.04606
1.04682
1.04811
1.04847
1.05095
1.0487
1.04526
1.04791
1.04631
1.05177
1.04851
1.04571
1.04489
1.04604
1.04593
1.04283
1.0433
1.04458
1.04453
1.04453
1.04061
1.04032
1.04032
1.0416
1.04473
1.04235
1.04229
1.04301
1.04095
1.04147
1.04154
1.04154
1.03543
1.03639
1.03667
1.03675
1.04049
1.0402
1.03738
1.03805
1.03585
1.03434
1.03292
1.03292
1.03491
1.03571
1.0376
1.03888
1.03888
1.03883
1.03883
1.03876
1.03524
1.03828
1.04103
1.04103
1.04336
1.04336
1.04254
1.04085
1.04085
1.04053
1.03764
1.03714
1.03482
1.03392
1.03439
1.03456
1.03297
1.03585
1.03807
1.04269
1.04109
1.03805
1.03927
1.0397
1.04199
1.04241
1.04241
1.04078
1.04078
1.04246
1.04523
1.04751
1.04739
1.04704
1.04642
1.04802
1.04437
1.04409
1.04149
1.04119
1.03962
1.03876
1.04237
1.04201
1.04413
1.04282
1.04181
1.04355
1.04316
1.04399
1.0432
1.04158
1.04279
1.04082
1.04358
1.04208
1.04017
1.04169
1.04131
1.04123
1.04023
1.04072
1.04085
1.04159
1.04067
1.04092
1.04253
1.04147
1.04161
1.04187
1.04164
1.04407
1.04438
1.04109
1.04191
1.04193
1.04366
1.04465
1.04757
1.04982
1.04793
1.0444
1.03926
1.03916
1.04148
1.03961
1.04136
1.04078
1.0431
1.04006
1.03967
1.03951
1.03989
1.03994
1.03994
1.04169
1.04169
1.04098
1.04062
1.04294
1.04375
1.04373
1.0439
1.0464
1.04575
1.04575
1.04395
1.0448
1.04068
1.04209
1.04268
1.04296
1.04511
1.04308
1.04452
1.04711
1.04435
1.04296
1.04372
1.04351
1.04155
1.04169
1.04255
1.03749
1.03776
1.03404
1.03404
1.03652
1.036
1.0355
1.03585
1.03585
1.03678
1.0357
1.03425
1.03577
1.03376
1.03325
1.03572
1.03572
1.03719
1.03607
1.03607
1.03555
1.03899
1.03861
1.03671
1.03253
1.03267
1.03267
1.03287
1.03388
1.03417
1.037
1.03804
1.03829
1.03998
1.0416
1.04321
1.04281
1.04258
1.04138
1.04437
1.04082
1.04209
1.04605
1.04424
1.04522
1.04291
1.04281
1.03998
1.03705
1.03832
1.03654
1.03873
1.03779
1.03779
1.04161
1.04209
1.0455
1.04546
1.04546
1.04657
1.04664
1.04636
1.04325
1.03865
1.03865
1.04035
1.04048
1.04056
1.04113
1.0409
1.04167
1.04173
1.04257
1.04216
1.04145
1.04173
1.0394
1.0365
1.03841
1.03844
1.03714
1.03859
1.0394
1.04154
1.04119
1.04256
1.04209
1.04208
1.04688
1.04871
1.049
1.05084
1.04895
1.04878
1.0476
1.0476
1.04636
1.04768
1.05101
1.05072
1.04965
1.04896
1.05088
1.05075
1.05008
1.04838
1.04819
1.04992
1.04828
1.04876
1.04819
1.04456
1.04327
1.0455
1.04874
1.04783
1.04806
1.04494
1.04237
1.04398
1.04398
1.04439
1.04172
1.04279
1.04418
1.04316
1.04684
1.04429
1.04089
1.04131
1.04275
1.04756
1.04716
1.0443
1.0443
1.04177
1.04288
1.04199
1.04238
1.04238
1.04297
1.04568
1.04661
1.04618
1.04998
1.05086
1.04908
1.05132
1.05029
1.04911
1.05071
1.05257
1.05132
1.05095
1.05168
1.05399
1.05369
1.05399
1.05309
1.04888
1.04718
1.04291
1.04153
1.04117
1.03983
1.04045
1.04365
1.04222
1.04297
1.04346
1.04907
1.04908
1.04926
1.05058
1.0506
1.05187
1.0527
1.05029
1.05114
1.05015
1.05185
1.05082
1.05082
1.05181
1.0523
1.04802
1.04872
1.04509
1.04724
1.04647
1.04705
1.04857
1.04657
1.04634
1.04792
1.04585
1.04686
1.04655
1.04531
1.04438
1.04446
1.04781
1.04847
1.05168
1.04992
1.04995
1.04969
1.05024
1.05019
1.0503
1.0477
1.04756
1.04756
1.04726
1.04726
1.04394
1.04299
1.04035
1.03726
1.03784
1.03806
1.03891
1.04234
1.04267
1.04001
1.04172
1.04151
1.04201
1.04026
1.04134
1.04134
1.03937
1.03707
1.03678
1.03717
1.03548
1.03711
1.03815
1.03595
1.03664
1.03741
1.03703
1.03623
1.03484
1.03392
1.03273
1.03481
1.03804
1.03692
1.03598
1.03823
1.04115
1.03913
1.03983
1.04008
1.03685
1.03657
1.03727
1.03944
1.03929
1.04147
1.0427
1.0427
1.04575
1.04639
1.04407
1.04858
1.04554
1.0456
1.0456
1.04441
1.04343
1.04098
1.04358
1.04358
1.04312
1.04696
1.04282
1.04282
1.04056
1.03955
1.03955
1.04113
1.03872
1.04137
1.03969
1.03684
1.03762
1.03762
1.03577
1.03912
1.04234
1.04117
1.04307
1.04312
1.04401
1.0427
1.04089
1.04217
1.04558
1.04306
1.04174
1.0403
1.04206
1.04102
1.04068
1.03959
1.03867
1.04125
1.04008
1.04487
1.04304
1.04405
1.04292
1.04154
1.04031
1.03878
1.03915
1.0385
1.0387
1.0387
1.0396
1.03932
1.0417
1.0417
1.04396
1.04047
1.04291
1.04388
1.04176
1.04124
1.0418
1.04378
1.04246
1.04247
1.04058
1.03864
1.03798
1.04084
1.04084
1.03993
1.04235
1.04011
1.03864
1.03727
1.03828
1.037
1.04146
1.04126
1.04263
1.04162
1.04162
1.0424
1.04464
1.04355
1.04293
1.04293
1.04331
1.04331
1.04414
1.04188
1.04175
1.04403
1.04671
1.0461
1.0461
1.04509
1.0457
1.04652
1.04652
1.04879
1.04695
1.04686
1.04654
1.04489
1.04353
1.04402
1.04402
1.04835
1.05158
1.0536
1.05605
1.05683
1.05448
1.05585
1.05585
1.05313
1.05425
1.05256
1.05024
1.0486
1.04891
1.04564
1.04324
1.04173
1.04187
1.04079
1.04289
1.04289
1.04392
1.04406
1.04281
1.04693
1.04777
1.04764
1.04566
1.04217
1.043
1.04302
1.04249
1.04098
1.04008
1.03844
1.04061
1.04191
1.04275
1.04023
1.04137
1.04084
1.04218
1.04113
1.03783
1.04027
1.04027
1.04018
1.04142
1.04011
1.04004
1.03713
1.03652
1.03871
1.03736
1.03988
1.04326
1.0442
1.04802
1.04957
1.04916
1.0513
1.04896
1.04851
1.04573
1.04442
1.04442
1.04565
1.04244
1.04101
1.04414
1.0447
1.04541
1.04614
1.04536
1.04293
1.04308
1.04275
1.04047
1.03932
1.03983
1.03983
1.03913
1.04062
1.03805
1.03858
1.04029
1.03679
1.03679
1.03938
1.04059
1.04231
1.04244
1.04306
1.04222
1.04272
1.04155
1.03924
1.03978
1.03934
1.042
1.04123
1.04019
1.04064
1.04007
1.03768
1.04003
1.04246
1.04373
1.0432
1.04337
1.04305
1.04234
1.04014
1.04329
1.04153
1.04172
1.04147
1.04147
1.04147
1.04064
1.04216
1.04216
1.03964
1.04068
1.04604
1.04767
1.0494
1.05043
1.05043
1.05069
1.0469
1.04271
1.04298
1.04246
1.04203
1.04361
1.04312
1.03915
1.04112
1.03957
1.04141
1.04232
1.04247
1.04291
1.04257
1.04396
1.04718
1.04725
1.04665
1.04841
1.0464
1.04696
1.04527
1.04604
1.04299
1.04283
1.04283
1.04273
1.04456
1.047
1.047
1.04523
1.04226
1.04128
1.04541
1.0444
1.04252
1.04035
1.04465
1.04733
1.04909
1.05085
1.05085
1.05085
1.04949
1.04952
1.05169
1.05234
1.04924
1.04928
1.05019
1.05042
1.04758
1.04646
1.04427
1.04655
1.04531
1.04459
1.04114
1.03635
1.03634
1.03759
1.03731
1.04115
1.0389
1.04067
1.04199
1.04264
1.04001
1.04111
1.04465
1.04364
1.04489
1.04468
1.04341
1.04378
1.0438
1.0438
1.04319
1.04291
1.04406
1.04371
1.04706
1.04699
1.04766
1.04273
1.04396
1.04038
1.04177
1.04294
1.04451
1.04602
1.04803
1.04866
1.04718
1.04473
1.0442
1.04675
1.04693
1.04693
1.04316
1.04236
1.04061
1.0367
1.03464
1.03478
1.0387
1.04191
1.0422
1.04407
1.04629
1.04838
1.04225
1.04411
1.0417
1.04485
1.04485
1.04485
1.04476
1.04292
1.04452
1.04421
1.04715
1.04769
1.04762
1.04504
1.04721
1.04869
1.05025
1.0527
1.04974
1.04966
1.04913
1.04379
1.03735
1.03721
1.03874
1.03888
1.04288
1.04269
1.04096
1.03702
1.03427
1.03678
1.04006
1.04006
1.042
1.04103
1.03956
1.0379
1.03846
1.03921
1.04058
1.04068
1.04114
1.04284
1.04179
1.04202
1.04156
1.04098
1.04155
1.04132
1.04121
1.04232
1.0427
1.04533
1.0429
1.04203
1.04228
1.04179
1.0418
1.04272
1.04131
1.04149
1.04181
1.04155
1.03922
1.03637
1.03792
1.03634
1.03436
1.03216
1.03562
1.03555
1.03467
1.03367
1.03293
1.03143
1.03415
1.03415
1.03417
1.03408
1.03843
1.03639
1.03867
1.03838
1.04079
1.04028
1.0439
1.0439
1.04473
1.04494
1.04283
1.04244
1.04299
1.04299
1.04034
1.04382
1.04337
1.04337
1.0427
1.04375
1.03957
1.04041
1.043
1.0452
1.04815
1.04214
1.0394
1.03616
1.03623
1.0383
1.0353
1.03442
1.03189
1.02874
1.03097
1.03282
1.03452
1.03009
1.03026
1.02954
1.02954
1.0317
1.03374
1.03546
1.03623
1.03511
1.03415
1.03544
1.03544
1.03735
1.03776
1.03864
1.03851
1.04092
1.04157
1.04157
1.04252
1.04476
1.04206
1.04128
1.04128
1.0418
1.03994
1.03859
1.04021
1.04065
1.04129
1.04064
1.04432
1.04282
1.04338
1.04503
1.04567
1.04531
1.04888
1.04984
1.04984
1.04854
1.04785
1.04516
1.04285
1.04192
1.04192
1.04002
1.04336
1.04222
1.04051
1.04051
1.04016
1.03648
1.03161
1.03161
1.03148
1.03745
1.04317
1.04554
1.04669
1.04544
1.04404
1.04617
1.04322
1.04184
1.04184
1.04226
1.04131
1.04131
1.04548
1.04334
1.04576
1.04583
1.04448
1.04518
1.04385
1.04735
1.04514
1.04261
1.03847
1.03658
1.03658
1.03812
1.0393
1.0393
1.04285
1.04094
1.04211
1.04242
1.04242
1.04242
1.04389
1.04377
1.04387
1.04342
1.04275
1.04559
1.04813
1.05015
1.04933
1.04804
1.04593
1.04543
1.04543
1.04603
1.04947
1.04763
1.04868
1.04868
1.04543
1.04394
1.04354
1.04218
1.03709
1.04064
1.0393
1.03875
1.03642
1.03782
1.03981
1.03978
1.0415
1.04267
1.04167
1.0397
1.04278
1.0421
1.04223
1.04175
1.04327
1.0433
1.04652
1.04568
1.05007
1.05224
1.05332
1.05332
1.04984
1.05067
1.05047
1.05047
1.05221
1.0531
1.05564
1.0534
1.0534
1.05215
1.05031
1.04792
1.0447
1.04355
1.04355
1.04727
1.046
1.04637
1.04597
1.04642
1.04642
1.04558
1.04592
1.04851
1.04902
1.05312
1.05012
1.04919
1.04695
1.04608
1.0457
1.04412
1.04295
1.04511
1.04539
1.04528
1.04357
1.04233
1.04026
1.03909
1.04119
1.03912
1.03921
1.04109
1.04268
1.04162
1.04228
1.04376
1.04081
1.04017
1.0421
1.04441
1.04468
1.04306
1.04452
1.04534
1.04534
1.04534
1.04435
1.04663
1.04776
1.04614
1.04357
1.04164
1.04247
1.04219
1.03966
1.03549
1.03181
1.03453
1.03644
1.03712
1.0422
1.0422
1.04085
1.04085
1.0423
1.04286
1.04173
1.04116
1.03733
1.03739
1.03826
1.04236
1.04266
1.04326
1.0439
1.04377
1.0433
1.04446
1.04277
1.0435
1.04423
1.0455
1.04387
1.04143
1.03811
1.03961
1.0389
1.03596
1.03443
1.03443
1.0325
1.0325
1.03388
1.0346
1.0373
1.03685
1.0403
1.04516
1.04255
1.04516
1.04278
1.04273
1.04166
1.04075
1.03931
1.03931
1.03633
1.03656
1.03794
1.03984
1.04285
1.04013
1.03772
1.03842
1.04193
1.04198
1.04475
1.04613
1.04603
1.04596
1.04391
1.0443
1.0443
1.04384
1.04213
1.04087
1.04183
1.04357
1.04357
1.04216
1.04243
1.04544
1.04428
1.04393
1.04461
1.04492
1.04664
1.046
1.04963
1.05145
1.05142
1.04998
1.05019
1.05275
1.05275
1.05279
1.05493
1.05338
1.05096
1.05096
1.05096
1.05075
1.04972
1.04533
1.04731
1.04577
1.04503
1.04528
1.04053
1.04366
1.04289
1.042
1.04228
1.03973
1.04283
1.03995
1.03888
1.03663
1.03729
1.0395
1.03942
1.03991
1.03968
1.03946
1.04474
1.04691
1.04615
1.04375
1.04344
1.04291
1.04221
1.04015
1.04331
1.04466
1.0451
1.04565
1.04579
1.04593
1.04781
1.04599
1.04717
1.04691
1.05001
1.05178
1.05219
1.04786
1.05064
1.0523
1.0523
1.05433
1.05362
1.05157
1.05255
1.05184
1.04803
1.04702
1.04606
1.04744
1.04724
1.04706
1.04406
1.044
1.04346
1.0425
1.04097
1.04126
1.0442
1.046
1.046
1.04654
1.04654
1.05144
1.05003
1.05075
1.05032
1.05054
1.04913
1.04703
1.04735
1.04543
1.04889
1.04603
1.04487
1.04364
1.04342
1.04756
1.0459
1.04594
1.0416
1.04423
1.04762
1.04598
1.04734
1.04634
1.04634
1.04712
1.04476
1.0416
1.04392
1.04153
1.04313
1.04134
1.04117
1.03972
1.04182
1.03811
1.03944
1.03897
1.0376
1.03774
1.03774
1.0365
1.03509
1.03618
1.03579
1.03788
1.038
1.03871
1.03825
1.03624
1.03783
1.03857
1.04142
1.04192
1.04402
1.04438
1.04654
1.04654
1.04409
1.04322
1.0427
1.04132
1.04023
1.04341
1.04306
1.04216
1.04191
1.04191
1.04203
1.03956
1.0405
1.04052
1.04052
1.03936
1.04287
1.04141
1.0422
1.0422
1.04105
1.04038
1.03998
1.0387
1.03638
1.03699
1.04013
1.04228
1.04351
1.04314
1.03932
1.03906
1.03812
1.04163
1.04099
1.04239
1.04006
1.04146
1.04466
1.04654
1.04571
1.05062
1.04975
1.04657
1.04396
1.04689
1.04745
1.04766
1.04766
1.04766
1.0451
1.043
1.04449
1.04668
1.04777
1.04872
1.04938
1.04871
1.04936
1.04619
1.04724
1.04886
1.04741
1.04678
1.04811
1.04603
1.04875
1.04757
1.04845
1.04999
1.05122
1.04844
1.048
1.04813
1.04491
1.04704
1.04952
1.04952
1.05227
1.05041
1.04953
1.0501
1.05074
1.05177
1.05118
1.04905
1.04729
1.04297
1.04289
1.04191
1.04101
1.04197
1.03988
1.03963
1.04079
1.04205
1.04306
1.04024
1.04082
1.03961
1.04057
1.04065
1.04065
1.03863
1.03833
1.04217
1.04097
1.03916
1.03768
1.03748
1.04224
1.04043
1.03986
1.03975
1.03987
1.0396
1.04087
1.04448
1.0433
1.04222
1.04121
1.04187
1.03967
1.04126
1.0398
1.04036
1.04028
1.04028
1.03857
1.04373
1.04181
1.04144
1.04309
1.04005
1.03947
1.04075
1.04418
1.0439
1.04107
1.04207
1.03904
1.04005
1.04092
1.03954
1.03864
1.0373
1.03765
1.03637
1.03513
1.03513
1.03346
1.03232
1.03344
1.03378
1.03423
1.03216
1.03565
1.03433
1.03293
1.03069
1.03019
1.03611
1.03788
1.03727
1.03933
1.03841
1.04091
1.04034
1.03756
1.03582
1.0357
1.03635
1.0381
1.04264
1.04097
1.04215
1.04261
1.04364
1.04654
1.04668
1.04623
1.04564
1.04433
1.0446
1.04222
1.04312
1.0437
1.04508
1.04228
1.04826
1.04902
1.04328
1.04111
1.0421
1.04551
1.04436
1.0413
1.04313
1.04355
1.04827
1.04855
1.04709
1.04883
1.04991
1.04871
1.04526
1.04644
1.04327
1.04327
1.04568
1.0452
1.04628
1.04126
1.04275
1.04193
1.04436
1.04245
1.04061
1.04181
1.04108
1.03936
1.04036
1.04365
1.04312
1.04364
1.04364
1.04087
1.03914
1.04016
1.04103
1.03878
1.03813
1.0375
1.0387
1.0453
1.04411
1.04632
1.045
1.04654
1.04654
1.04538
1.04392
1.04491
1.04763
1.04651
1.04105
1.04315
1.04154
1.04215
1.04162
1.04106
1.04106
1.04236
1.04452
1.04607
1.04409
1.04307
1.04312
1.04562
1.04803
1.0477
1.05078
1.04915
1.04869
1.04876
1.04892
1.05034
1.04709
1.04479
1.04208
1.04314
1.04657
1.04627
1.04668
1.04484
1.04661
1.04428
1.04305
1.04308
1.04155
1.04311
1.04069
1.03976
1.04008
1.04195
1.03951
1.03978
1.03955
1.03955
1.04471
1.04725
1.04589
1.04764
1.04505
1.04757
1.04977
1.04852
1.04852
1.05186
1.05279
1.0515
1.04959
1.04788
1.0471
1.04865
1.04883
1.05042
1.04957
1.04794
1.05035
1.04913
1.04889
1.04649
1.04376
1.04274
1.04478
1.04419
1.04775
1.04204
1.04132
1.0384
1.04069
1.04226
1.0433
1.04493
1.04319
1.04191
1.04084
1.04391
1.04538
1.04389
1.04079
1.03904
1.03914
1.0369
1.03656
1.03733
1.03927
1.04032
1.04012
1.04364
1.04249
1.04437
1.04113
1.04414
1.04537
1.0443
1.04329
1.04254
1.04209
1.04438
1.04597
1.04185
1.03937
1.03717
1.03467
1.03694
1.0373
1.03899
1.0396
1.0396
1.041
1.04247
1.03867
1.0434
1.04371
1.04368
1.04286
1.03973
1.04097
1.04019
1.03797
1.03538
1.03538
1.03507
1.03507
1.03779
1.03779
1.03724
1.03738
1.03792
1.0382
1.04067
1.04067
1.04377
1.04296
1.04574
1.04899
1.05086
1.04671
1.04671
1.04663
1.04913
1.04728
1.04975
1.04823
1.0482
1.05123
1.04905
1.04802
1.04749
1.04577
1.04311
1.04164
1.04209
1.04127
1.04335
1.04335
1.04129
1.04003
1.04195
1.04063
1.03933
1.04037
1.03976
1.03731
1.03949
1.03822
1.0382
1.03904
1.03703
1.03909
1.0372
1.03609
1.0362
1.0362
1.03514
1.0339
1.03468
1.03803
1.03512
1.03385
1.03818
1.04075
1.04078
1.04296
1.03919
1.04117
1.04117
1.03784
1.04052
1.03829
1.03663
1.0373
1.03631
1.03709
1.03617
1.03482
1.03407
1.03754
1.03803
1.03474
1.03974
1.0402
1.03905
1.03992
1.04215
1.03961
1.03925
1.04134
1.04252
1.03895
1.03795
1.04185
1.04618
1.04393
1.04133
1.04328
1.04157
1.04248
1.04248
1.03969
1.03787
1.03852
1.03908
1.04182
1.04377
1.04342
1.04322
1.04382
1.04352
1.04352
1.03898
1.04179
1.04264
1.04324
1.03929
1.03756
1.03801
1.03832
1.0381
1.0381
1.03761
1.04023
1.03999
1.03999
1.03966
1.04019
1.03965
1.03781
1.03595
1.03962
1.03641
1.03869
1.03936
1.03942
1.04116
1.04382
1.04102
1.04114
1.04281
1.04396
1.04463
1.04372
1.04162
1.0438
1.04329
1.04372
1.04273
1.04029
1.03966
1.04165
1.0407
1.03836
1.03816
1.03827
1.03902
1.03553
1.03467
1.03494
1.0358
1.03243
1.03243
1.03486
1.03514
1.03515
1.03278
1.03385
1.03038
1.03038
1.029
1.02914
1.03173
1.03173
1.02985
1.0295
1.03143
1.03414
1.03494
1.03567
1.03429
1.03846
1.0394
1.03568
1.0369
1.03458
1.03677
1.03967
1.03758
1.04036
1.04288
1.04338
1.04427
1.04427
1.04578
1.04222
1.04347
1.04347
1.04396
1.04496
1.04741
1.04741
1.04361
1.04737
1.04645
1.04743
1.04797
1.04728
1.04839
1.04561
1.04516
1.04532
1.04559
1.04428
1.04304
1.0439
1.04156
1.04294
1.04381
1.04222
1.04082
1.04339
1.04229
1.03765
1.03783
1.03757
1.03826
1.04296
1.04648
1.05034
1.05048
1.05048
1.04915
1.04425
1.04452
1.04759
1.05173
1.05019
1.04634
1.04717
1.04422
1.04711
1.04711
1.04432
1.04184
1.04061
1.04061
1.04146
1.03937
1.04052
1.04109
1.04077
1.04144
1.04265
1.042
1.04075
1.03826
1.03762
1.037
1.03658
1.03658
1.03813
1.03835
1.04028
1.03992
1.03871
1.03996
1.04067
1.04311
1.04308
1.04486
1.04653
1.04367
1.04391
1.04322
1.04493
1.04638
1.04666
1.04704
1.04597
1.04749
1.04841
1.04772
1.04664
1.04468
1.04351
1.0447
1.04586
1.04793
1.04735
1.04631
1.04422
1.04479
1.04479
1.04067
1.04285
1.04351
1.04243
1.04243
1.04243
1.04583
1.04652
1.0496
1.04703
1.04703
1.04531
1.04531
1.04531
1.04309
1.04379
1.04379
1.04279
1.04155
1.03778
1.03772
1.03613
1.03532
1.03592
1.03475
1.03604
1.03256
1.03043
1.02853
1.03062
1.03196
1.03013
1.03363
1.03466
1.03811
1.03503
1.03562
1.04106
1.04042
1.03816
1.03777
1.03876
1.03876
1.03886
1.03825
1.03744
1.03537
1.03595
1.0346
1.03478
1.0337
1.03459
1.03546
1.03397
1.03397
1.03461
1.03475
1.03572
1.03572
1.03572
1.03739
1.03404
1.03243
1.03563
1.0355
1.03762
1.03757
1.04106
1.04005
1.04001
1.04159
1.04144
1.03873
1.0391
1.03792
1.03792
1.03476
1.03419
1.03508
1.03595
1.03501
1.0337
1.03463
1.03194
1.03161
1.03161
1.03322
1.03646
1.03739
1.0383
1.03758
1.03701
1.03399
1.0353
1.03226
1.02965
1.03031
1.02887
1.02684
1.02713
1.03159
1.03046
1.03123
1.03357
1.03661
1.03852
1.04048
1.04066
1.0418
1.0414
1.04549
1.04549
1.04444
1.03953
1.04054
1.03678
1.03672
1.04081
1.03854
1.03854
1.0442
1.04475
1.04563
1.0476
1.04599
1.04146
1.03876
1.04049
1.03596
1.03673
1.03673
1.03673
1.03607
1.03505
1.03344
1.03344
1.03617
1.04112
1.04452
1.04205
1.04072
1.04072
1.04174
1.04174
1.04408
1.04276
1.04492
1.04673
1.04836
1.04002
1.04313
1.04422
1.04454
1.04406
1.04406
1.04457
1.04425
1.04139
1.0443
1.04173
1.04134
1.04034
1.04034
1.0393
1.03806
1.03342
1.0317
1.03488
1.03647
1.03759
1.03773
1.04013
1.04164
1.042
1.04466
1.04137
1.04191
1.04142
1.04142
1.04472
1.04364
1.04299
1.04309
1.04297
1.04676
1.04993
1.04903
1.04917
1.04917
1.04927
1.04843
1.04729
1.04377
1.04479
1.04488
1.04727
1.04885
1.04691
1.04888
1.04888
1.05044
1.04707
1.04941
1.05531
1.05044
1.05071
1.05071
1.04799
1.04822
1.04903
1.04869
1.04801
1.0521
1.04889
1.04898
1.04443
1.04262
1.0415
1.04018
1.04018
1.04069
1.03792
1.04108
1.04589
1.04502
1.04706
1.04593
1.04618
1.04251
1.04106
1.04285
1.04552
1.04526
1.04579
1.04585
1.04504
1.04602
1.04517
1.04681
1.04793
1.04954
1.05245
1.05009
1.04566
1.04357
1.04554
1.04743
1.04509
1.04222
1.04395
1.04436
1.0424
1.04411
1.04396
1.04073
1.04018
1.03903
1.04329
1.0411
1.04088
1.04088
1.04088
1.04198
1.04201
1.04195
1.04274
1.0462
1.04446
1.04649
1.04649
1.04627
1.04632
1.0426
1.04135
1.04501
1.04272
1.0454
1.04202
1.0407
1.04121
1.03733
1.0372
1.03818
1.03778
1.03747
1.0366
1.03492
1.04204
1.04209
1.04202
1.04303
1.04532
1.04945
1.04725
1.0471
1.04713
1.04853
1.04442
1.04436
1.0441
1.04302
1.0444
1.04621
1.0447
1.04482
1.04452
1.04401
1.04345
1.04409
1.04121
1.04065
1.03761
1.04125
1.0403
1.0429
1.04721
1.04812
1.04553
1.04829
1.04669
1.05044
1.05044
1.04879
1.04783
1.04788
1.04788
1.04611
1.04641
1.04618
1.04618
1.04519
1.04488
1.0418
1.04441
1.04473
1.04473
1.04411
1.04302
1.04502
1.04367
1.04286
1.04274
1.03963
1.03963
1.04363
1.04087
1.03867
1.03892
1.04155
1.03898
1.03875
1.03883
1.03504
1.03541
1.03212
1.03588
1.03813
1.03792
1.03952
1.04117
1.0414
1.03831
1.03915
1.03668
1.03584
1.03445
1.03641
1.03376
1.03462
1.03416
1.03106
1.03402
1.03408
1.03597
1.03272
1.03357
1.03398
1.03664
1.03755
1.04069
1.03779
1.03943
1.04016
1.04268
1.04613
1.04232
1.04349
1.04348
1.04238
1.0444
1.04293
1.04304
1.04456
1.0407
1.04194
1.03851
1.03644
1.03871
1.03871
1.03699
1.03994
1.04202
1.04053
1.04538
1.04442
1.04314
1.04535
1.04441
1.04138
1.04069
1.04231
1.04307
1.03823
1.0376
1.03727
1.03727
1.04229
1.0393
1.04094
1.04118
1.03904
1.0394
1.03875
1.0374
1.03962
1.03799
1.04083
1.03998
1.04492
1.04482
1.04385
1.04411
1.04481
1.04671
1.04678
1.04896
1.05043
1.05303
1.05063
1.0475
1.04738
1.04731
1.04731
1.04637
1.04594
1.04594
1.04781
1.0459
1.046
1.047
1.04836
1.04906
1.04795
1.04575
1.04435
1.04586
1.04525
1.04125
1.04354
1.0445
1.04679
1.04463
1.0447
1.04356
1.04647
1.04365
1.04621
1.04549
1.0431
1.04235
1.04437
1.04531
1.0454
1.04446
1.04512
1.04196
1.04364
1.04657
1.04728
1.04581
1.0433
1.0416
1.04157
1.04014
1.04043
1.04159
1.03987
1.04057
1.04057
1.04274
1.0426
1.04197
1.04215
1.0431
1.0436
1.04347
1.04434
1.04672
1.04413
1.04207
1.04671
1.04453
1.04453
1.04469
1.04561
1.04108
1.04108
1.04231
1.04231
1.04159
1.0423
1.04268
1.0427
1.04372
1.04368
1.04076
1.03837
1.03814
1.04139
1.04037
1.04037
1.04038
1.04062
1.03859
1.03742
1.03781
1.03832
1.04005
1.042
1.04232
1.04139
1.04082
1.04112
1.04171
1.04206
1.04103
1.04136
1.04141
1.04356
1.0434
1.04446
1.04192
1.04266
1.04301
1.04522
1.04745
1.04745
1.04892
1.04804
1.04633
1.04568
1.04267
1.04218
1.0392
1.0402
1.03936
1.03596
1.03832
1.03832
1.03832
1.03692
1.03965
1.03965
1.03973
1.04023
1.0413
1.041
1.04042
1.03916
1.03663
1.04273
1.04307
1.04388
1.04418
1.04191
1.03968
1.03881
1.03616
1.03783
1.04033
1.03965
1.03762
1.03896
1.03729
1.03729
1.03388
1.03313
1.0357
1.0357
1.04008
1.04071
1.03968
1.03837
1.0393
1.03707
1.03841
1.03689
1.04009
1.03948
1.03797
1.03888
1.03679
1.03678
1.0387
1.0429
1.04596
1.04653
1.04258
1.03984
1.03876
1.04114
1.03753
1.0391
1.0417
1.04085
1.03966
1.03966
1.04196
1.0418
1.04067
1.04275
1.04543
1.04423
1.04783
1.04915
1.05179
1.04736
1.0478
1.04854
1.04926
1.04833
1.05028
1.04821
1.04803
1.04803
1.04472
1.04356
1.04723
1.04457
1.04206
1.04011
1.04208
1.03949
1.03797
1.04379
1.0443
1.04492
1.04471
1.04224
1.0438
1.0438
1.04091
1.03768
1.03768
1.03757
1.04032
1.0393
1.03902
1.03849
1.03925
1.04144
1.04102
1.03715
1.04335
1.04407
1.04182
1.04211
1.04182
1.04071
1.04271
1.04547
1.04379
1.04331
1.04016
1.04057
1.04058
1.03671
1.03622
1.03593
1.03807
1.0366
1.03775
1.04214
1.04177
1.04177
1.04005
1.03697
1.03537
1.03374
1.0352
1.03401
1.03675
1.03781
1.03776
1.04192
1.04192
1.04033
1.03955
1.0392
1.0392
1.03634
1.03482
1.03565
1.03704
1.0401
1.04189
1.04436
1.04819
1.04235
1.04221
1.04337
1.04287
1.03968
1.03903
1.03903
1.03943
1.03837
1.03916
1.04165
1.03927
1.03741
1.03929
1.03943
1.03943
1.03939
1.04095
1.03946
1.04295
1.03985
1.03763
1.03915
1.0368
1.03604
1.03788
1.03895
1.03951
1.0392
1.03836
1.03705
1.038
1.03949
1.0418
1.04015
1.03749
1.04038
1.03923
1.04225
1.04275
1.04192
1.04192
1.04018
1.04276
1.0409
1.03994
1.04083
1.04158
1.04398
1.04329
1.04105
1.04009
1.03968
1.04088
1.03858
1.04029
1.04222
1.03861
1.04136
1.04116
1.03819
1.03541
1.03625
1.03619
1.03619
1.03401
1.03766
1.03997
1.03914
1.03573
1.03246
1.03411
1.03799
1.04105
1.03844
1.04164
1.04164
1.04163
1.03879
1.0391
1.04037
1.04243
1.04565
1.04647
1.04724
1.04639
1.04544
1.04681
1.04676
1.04428
1.04163
1.04345
1.04028
1.04031
1.0387
1.03736
1.03694
1.03523
1.03996
1.04042
1.04042
1.0376
1.03785
1.04005
1.04097
1.04106
1.04097
1.03963
1.0416
1.0393
1.0407
1.0417
1.04197
1.03965
1.03972
1.03805
1.03762
1.03569
1.03992
1.03952
1.04253
1.04124
1.0407
1.03924
1.04109
1.04046
1.04102
1.03886
1.03613
1.0385
1.0427
1.04462
1.04484
1.04573
1.04797
1.04574
1.04704
1.04882
1.04959
1.04802
1.04788
1.04644
1.04777
1.04617
1.04826
1.0479
1.04766
1.04596
1.04574
1.04609
1.04609
1.04065
1.04454
1.04248
1.04248
1.04245
1.0424
1.04484
1.04444
1.04498
1.04373
1.04318
1.04369
1.04416
1.04392
1.04412
1.04583
1.0489
1.04889
1.04983
1.04733
1.04219
1.04317
1.03996
1.0414
1.0401
1.04509
1.04301
1.04049
1.04076
1.04088
1.04078
1.0419
1.0419
1.0426
1.04151
1.03631
1.0377
1.04044
1.04256
1.04256
1.04144
1.04023
1.04419
1.04318
1.04423
1.04857
1.0491
1.04755
1.04573
1.04395
1.0442
1.04222
1.04825
1.04527
1.0472
1.04836
1.04971
1.04968
1.04929
1.05059
1.0518
1.0518
1.05382
1.05398
1.05398
1.05315
1.05038
1.05156
1.05076
1.05023
1.05146
1.05246
1.05274
1.0542
1.05177
1.04885
1.05144
1.04923
1.04977
1.05111
1.05053
1.04928
1.05212
1.05075
1.04843
1.04843
1.04716
1.04771
1.04815
1.0496
1.04502
1.04295
1.04295
1.04301
1.04111
1.03787
1.04123
1.04067
1.04002
1.04093
1.04146
1.04179
1.04337
1.04177
1.04177
1.03956
1.04038
1.04148
1.0425
1.04301
1.04226
1.04235
1.04441
1.04441
1.04562
1.04515
1.04366
1.04577
1.04763
1.04763
1.04837
1.04408
1.04239
1.04238
1.04161
1.03825
1.03826
1.03826
1.04228
1.04204
1.04386
1.04469
1.04359
1.04269
1.04409
1.04396
1.04329
1.04121
1.04121
1.04282
1.04337
1.0454
1.04565
1.04721
1.04542
1.04646
1.0443
1.04674
1.04429
1.04426
1.04473
1.04414
1.04476
1.04722
1.04725
1.04644
1.04656
1.0469
1.04395
1.04361
1.04485
1.04606
1.04598
1.04336
1.04164
1.04297
1.04365
1.04213
1.04423
1.04727
1.04426
1.04354
1.04429
1.0437
1.04774
1.04568
1.04562
1.04526
1.04238
1.04482
1.04602
1.04352
1.04244
1.04313
1.04449
1.04641
1.04707
1.05241
1.05356
1.05417
1.05029
1.04633
1.04829
1.04526
1.04405
1.04359
1.04426
1.04305
1.04499
1.04248
1.0416
1.04095
1.04327
1.04168
1.04168
1.03777
1.0375
1.03961
1.04178
1.04291
1.0441
1.04374
1.04349
1.04442
1.04134
1.04362
1.04433
1.04433
1.04693
1.05277
1.05089
1.04967
1.04774
1.0491
1.04868
1.04599
1.04411
1.046
1.04742
1.0492
1.05122
1.04994
1.04771
1.05102
1.05342
1.05342
1.05285
1.05357
1.05907
1.06227
1.05964
1.05864
1.05444
1.05444
1.05163
1.05034
1.04769
1.04854
1.04916
1.04955
1.04854
1.04816
1.04358
1.04443
1.04444
1.04452
1.04403
1.0415
1.046
1.04392
1.04296
1.04687
1.04662
1.0475
1.04875
1.04978
1.04822
1.04942
1.04947
1.04581
1.04067
1.0419
1.04275
1.04267
1.04461
1.04311
1.0434
1.04498
1.04353
1.04503
1.04703
1.04661
1.04755
1.04968
1.05123
1.05329
1.05129
1.05008
1.04924
1.0495
1.05166
1.0504
1.05071
1.04407
1.04379
1.04276
1.04239
1.04541
1.04629
1.0468
1.04153
1.04218
1.04348
1.04348
1.04601
1.04158
1.03662
1.03389
1.03026
1.03051
1.03285
1.03578
1.0371
1.04197
1.04197
1.03941
1.03738
1.03811
1.03868
1.03868
1.04145
1.04085
1.04586
1.04678
1.04595
1.04255
1.04226
1.04615
1.04511
1.0448
1.04282
1.04465
1.04608
1.04518
1.04645
1.04835
1.0445
1.04761
1.04839
1.04856
1.0457
1.04529
1.04335
1.04587
1.04853
1.04799
1.0464
1.0464
1.04581
1.05013
1.04593
1.0437
1.04084
1.04099
1.04077
1.03897
1.03735
1.04125
1.03927
1.03904
1.03841
1.03841
1.03685
1.0397
1.04255
1.04323
1.04572
1.04692
1.04546
1.04281
1.04172
1.04195
1.04178
1.0438
1.04549
1.04531
1.04502
1.04221
1.04288
1.04021
1.03655
1.03566
1.03787
1.03766
1.0387
1.03848
1.03658
1.03658
1.04052
1.04257
1.04552
1.04571
1.04888
1.04783
1.04548
1.04505
1.0437
1.04435
1.04435
1.0417
1.03978
1.03941
1.04061
1.04362
1.04457
1.04373
1.04202
1.04144
1.03994
1.04113
1.04164
1.03874
1.03874
1.03789
1.04066
1.03903
1.03903
1.03814
1.04082
1.03975
1.03782
1.03608
1.03541
1.03225
1.03225
1.029
1.03519
1.03488
1.03731
1.0369
1.04098
1.04256
1.04088
1.04045
1.04076
1.03875
1.03591
1.03786
1.03786
1.04039
1.03924
1.04086
1.04271
1.04505
1.0465
1.04382
1.04592
1.04594
1.04389
1.04375
1.04148
1.04085
1.0405
1.04088
1.04034
1.03942
1.03862
1.03931
1.04056
1.04174
1.04358
1.04138
1.03998
1.04166
1.04229
1.04124
1.0391
1.04142
1.04131
1.04012
1.03972
1.04141
1.04468
1.04494
1.0456
1.04377
1.04278
1.04427
1.04358
1.0463
1.04475
1.04475
1.04631
1.04676
1.04743
1.04689
1.04706
1.04725
1.04657
1.04752
1.04549
1.04352
1.04142
1.03874
1.03919
1.04415
1.0477
1.04857
1.04551
1.04301
1.04203
1.04002
1.04103
1.0391
1.03578
1.03913
1.03945
1.03872
1.04241
1.04241
1.04575
1.04838
1.0476
1.04541
1.04325
1.04186
1.04141
1.0416
1.04125
1.04421
1.04567
1.04209
1.04209
1.03802
1.03821
1.03748
1.03748
1.04151
1.04286
1.0388
1.04224
1.04417
1.04172
1.04498
1.04524
1.04712
1.04925
1.04989
1.04772
1.04831
1.04831
1.04865
1.04843
1.04843
1.04604
1.04444
1.04397
1.04217
1.04677
1.04677
1.04839
1.05132
1.05021
1.0513
1.05098
1.04996
1.04996
1.04885
1.04904
1.04799
1.05085
1.04887
1.05083
1.05035
1.05035
1.05261
1.05268
1.04983
1.05068
1.05105
1.04742
1.04518
1.0457
1.04331
1.04008
1.03656
1.03666
1.03414
1.03736
1.03747
1.03818
1.03939
1.03881
1.03478
1.04014
1.03893
1.03803
1.03573
1.0342
1.03629
1.03629
1.034
1.03363
1.03403
1.0344
1.03484
1.03459
1.03637
1.03515
1.03647
1.03819
1.03443
1.0375
1.0385
1.03809
1.0382
1.0382
1.03705
1.03676
1.03676
1.0374
1.04002
1.03539
1.03796
1.03308
1.03505
1.03825
1.0387
1.04063
1.04063
1.03829
1.03829
1.04263
1.03927
1.04056
1.04185
1.04182
1.04375
1.04559
1.04649
1.04927
1.04876
1.04637
1.04452
1.04459
1.04237
1.04378
1.04489
1.04602
1.04602
1.04514
1.04525
1.04976
1.04855
1.04935
1.04657
1.04729
1.0481
1.04397
1.04491
1.04469
1.04105
1.04002
1.04135
1.03861
1.04175
1.03967
1.03755
1.03805
1.0352
1.03506
1.03475
1.03872
1.03724
1.03931
1.04008
1.04037
1.03866
1.0374
1.03853
1.03505
1.03505
1.03244
1.03446
1.03446
1.03588
1.03588
1.03426
1.03617
1.03897
1.03371
1.03579
1.03489
1.04104
1.03921
1.03878
1.03778
1.03692
1.03885
1.03745
1.03831
1.03831
1.04083
1.03944
1.03745
1.03756
1.03856
1.04115
1.03935
1.03935
1.04172
1.0411
1.04099
1.04044
1.03971
1.0374
1.03868
1.03889
1.03761
1.04079
1.0368
1.03688
1.03688
1.04068
1.04068
1.0408
1.03898
1.03999
1.0396
1.04256
1.04226
1.04122
1.04403
1.04504
1.04465
1.04519
1.04519
1.04347
1.04179
1.04179
1.04347
1.04402
1.04331
1.04113
1.04011
1.04375
1.04312
1.04109
1.04076
1.04242
1.04299
1.04649
1.04134
1.04374
1.04311
1.04091
1.04044
1.03967
1.03718
1.03481
1.034
1.03798
1.04104
1.04071
1.04164
1.04142
1.03991
1.04328
1.04544
1.0454
1.04171
1.03974
1.03967
1.03872
1.03964
1.03817
1.03793
1.03841
1.03741
1.0408
1.041
1.03758
1.04052
1.03934
1.03934
1.04033
1.04337
1.04251
1.04084
1.03985
1.03985
1.04049
1.04287
1.04355
1.04207
1.04281
1.04205
1.03818
1.04
1.03842
1.0352
1.03836
1.03784
1.03784
1.03658
1.0372
1.03895
1.03608
1.03737
1.03689
1.03689
1.03993
1.03838
1.03552
1.03638
1.03638
1.03782
1.03514
1.03669
1.0408
1.03821
1.0392
1.03715
1.03784
1.03677
1.03674
1.03965
1.03908
1.03948
1.03985
1.0387
1.03641
1.03824
1.0401
1.04232
1.04157
1.04371
1.04429
1.04094
1.04197
1.04114
1.04014
1.03973
1.03993
1.04115
1.04169
1.04173
1.04179
1.037
1.03832
1.03948
1.03964
1.04019
1.03565
1.03773
1.03666
1.03871
1.04087
1.04087
1.03941
1.03643
1.03934
1.0409
1.04139
1.0405
1.03925
1.03732
1.03735
1.0342
1.03359
1.03472
1.02962
1.02961
1.0322
1.03364
1.03367
1.0332
1.03526
1.03315
1.03642
1.0353
1.0384
1.03488
1.03173
1.03486
1.03331
1.0346
1.03798
1.03923
1.03907
1.03907
1.04038
1.03995
1.03943
1.03845
1.03893
1.03687
1.03831
1.03907
1.03771
1.03771
1.03699
1.04055
1.04073
1.04151
1.04425
1.04259
1.04164
1.0425
1.04139
1.04481
1.04439
1.04667
1.04596
1.04145
1.03965
1.04311
1.04415
1.04435
1.04576
1.04089
1.03855
1.03959
1.04218
1.03909
1.03716
1.03878
1.03989
1.04117
1.04158
1.04306
1.04378
1.04728
1.04728
1.04761
1.04753
1.04753
1.04428
1.04533
1.04844
1.04658
1.04732
1.04514
1.04376
1.04376
1.04571
1.05182
1.04887
1.04852
1.04852
1.04874
1.04874
1.04631
1.04586
1.04454
1.04538
1.04314
1.04414
1.04758
1.04392
1.04102
1.04101
1.04093
1.04505
1.04413
1.04569
1.04258
1.04024
1.0419
1.03831
1.04069
1.04191
1.04515
1.04515
1.04349
1.04349
1.04325
1.04255
1.04403
1.04443
1.04443
1.04467
1.04225
1.04351
1.04381
1.04321
1.04351
1.04351
1.04439
1.0424
1.04534
1.04455
1.04058
1.03963
1.04109
1.04153
1.04288
1.04315
1.04242
1.04273
1.04244
1.0398
1.04218
1.04002
1.04002
1.04165
1.04232
1.041
1.041
1.04015
1.04197
1.04221
1.04464
1.04571
1.0449
1.04213
1.04528
1.0428
1.03889
1.03939
1.03928
1.03896
1.03817
1.03817
1.04059
1.04103
1.04034
1.04311
1.04217
1.03976
1.03669
1.03968
1.04207
1.03903
1.03656
1.03656
1.0381
1.03929
1.03988
1.04401
1.04141
1.04017
1.04019
1.03801
1.0337
1.03401
1.03251
1.03287
1.03262
1.03383
1.03084
1.0334
1.03719
1.04017
1.03952
1.03817
1.03819
1.03547
1.03796
1.03839
1.03903
1.03611
1.03865
1.03738
1.03591
1.03596
1.03568
1.03475
1.03591
1.03914
1.04111
1.04021
1.03986
1.042
1.04521
1.04467
1.04289
1.0401
1.04059
1.04059
1.04184
1.04084
1.03628
1.03747
1.03857
1.0383
1.03588
1.03681
1.03681
1.03746
1.03409
1.03409
1.03205
1.03619
1.035
1.03573
1.03778
1.03891
1.03874
1.03767
1.03952
1.03607
1.03419
1.03412
1.03558
1.03771
1.04075
1.04172
1.04241
1.04148
1.0387
1.03876
1.03924
1.03691
1.03563
1.03539
1.03513
1.0341
1.03107
1.03614
1.03614
1.03738
1.04105
1.03956
1.0414
1.04198
1.03989
1.04134
1.04107
1.0425
1.04388
1.04331
1.04142
1.04164
1.04177
1.03918
1.03998
1.03998
1.03966
1.041
1.04293
1.04287
1.04192
1.04388
1.04368
1.04378
1.04378
1.04529
1.04229
1.04272
1.04272
1.04327
1.04504
1.0418
1.04384
1.0433
1.04384
1.0433
1.04237
1.04386
1.04386
1.04104
1.04417
1.04514
1.04445
1.04684
1.04665
1.04463
1.04523
1.04458
1.0461
1.04851
1.04595
1.0454
1.0458
1.04671
1.0486
1.0477
1.05243
1.05187
1.04976
1.05273
1.05086
1.04627
1.04768
1.04943
1.05189
1.04806
1.04553
1.0458
1.04532
1.04381
1.04635
1.04385
1.04126
1.03758
1.03839
1.03976
1.03976
1.03782
1.03685
1.03699
1.03398
1.03409
1.03482
1.03375
1.03321
1.03397
1.03428
1.03544
1.03438
1.03462
1.03334
1.03318
1.03571
1.03445
1.03809
1.03735
1.04074
1.03992
1.04058
1.03757
1.03719
1.03605
1.03282
1.03584
1.04091
1.03949
1.0399
1.04103
1.04039
1.03985
1.03944
1.04145
1.04145
1.04229
1.04485
1.04485
1.04728
1.04583
1.04463
1.04359
1.04359
1.04349
1.04042
1.04187
1.04104
1.03881
1.04007
1.04247
1.04678
1.04611
1.04324
1.04275
1.04078
1.04117
1.03978
1.04017
1.04205
1.04308
1.04425
1.0463
1.04444
1.0426
1.04122
1.04122
1.04257
1.04003
1.04179
1.04179
1.04028
1.04028
1.04154
1.04165
1.04321
1.04245
1.04186
1.03997
1.04171
1.04218
1.04368
1.04506
1.04243
1.04228
1.04095
1.04208
1.0386
1.03777
1.03907
1.03926
1.03806
1.03731
1.0368
1.03653
1.03901
1.04152
1.0421
1.03938
1.04039
1.04045
1.0403
1.03957
1.03905
1.03727
1.03585
1.03478
1.03144
1.03527
1.03588
1.03972
1.04386
1.04325
1.04275
1.0404
1.04252
1.04066
1.04084
1.0415
1.04253
1.04076
1.03981
1.04145
1.04337
1.04286
1.0416
1.04044
1.04089
1.04389
1.04507
1.04558
1.04376
1.04598
1.04527
1.0418
1.04144
1.04362
1.04362
1.04013
1.04014
1.04403
1.04403
1.04153
1.04039
1.04182
1.03887
1.037
1.03839
1.03691
1.03607
1.03833
1.04355
1.04171
1.03862
1.03757
1.04007
1.03657
1.03619
1.0358
1.03655
1.03707
1.03707
1.03317
1.03184
1.0314
1.03174
1.031
1.031
1.0315
1.02965
1.0286
1.03086
1.03427
1.03612
1.03616
1.03616
1.03616
1.035
1.03598
1.039
1.04034
1.0413
1.04345
1.04419
1.04595
1.04543
1.04517
1.045
1.04412
1.04449
1.04742
1.04798
1.05015
1.04898
1.04874
1.04909
1.04805
1.04819
1.04892
1.04722
1.04572
1.04746
1.04523
1.04178
1.03926
1.0385
1.0378
1.03452
1.03601
1.03752
1.03836
1.03859
1.03347
1.03616
1.03611
1.03755
1.03755
1.03855
1.03801
1.03634
1.03945
1.03945
1.04285
1.04592
1.04568
1.04609
1.04429
1.04457
1.04261
1.04128
1.04293
1.04331
1.04632
1.04632
1.04389
1.0471
1.0478
1.05087
1.04685
1.04702
1.04945
1.04625
1.04625
1.0455
1.04353
1.04379
1.04647
1.04342
1.04372
1.03729
1.03935
1.03727
1.03921
1.04044
1.04157
1.04361
1.0474
1.04785
1.04932
1.0519
1.05424
1.05448
1.05295
1.05354
1.05354
1.05261
1.05072
1.04834
1.04863
1.04752
1.0474
1.04832
1.04832
1.0504
1.04958
1.04931
1.04852
1.05019
1.05019
1.05172
1.05186
1.05045
1.05052
1.04641
1.04641
1.04849
1.04669
1.04386
1.04337
1.04337
1.04245
1.04291
1.04604
1.04604
1.04294
1.04207
1.04284
1.04209
1.03951
1.03923
1.03976
1.04057
1.04041
1.04297
1.04309
1.04251
1.0444
1.04401
1.04524
1.04803
1.04724
1.04701
1.0443
1.04498
1.04331
1.04376
1.04579
1.04805
1.04804
1.05137
1.05498
1.05554
1.05614
1.0552
1.05272
1.05461
1.05172
1.05024
1.04759
1.04628
1.0477
1.04965
1.04704
1.04843
1.04761
1.04548
1.04413
1.04644
1.0468
1.04812
1.04597
1.04538
1.04587
1.04534
1.04441
1.04668
1.04515
1.04465
1.04699
1.04982
1.04974
1.05293
1.05439
1.0533
1.05163
1.05452
1.05375
1.05701
1.05597
1.05578
1.05578
1.05578
1.05147
1.04611
1.04529
1.04731
1.04645
1.04709
1.04497
1.04497
1.04615
1.04686
1.04662
1.0446
1.04473
1.04517
1.04568
1.04399
1.04375
1.04173
1.04194
1.04388
1.04728
1.04632
1.0457
1.04455
1.04657
1.04523
1.04497
1.05037
1.04781
1.04674
1.04649
1.04492
1.04026
1.04026
1.04026
1.04162
1.04317
1.04172
1.04172
1.03998
1.04282
1.04365
1.0446
1.04548
1.04461
1.04277
1.0462
1.04675
1.04675
1.04809
1.04823
1.04823
1.05049
1.04718
1.04832
1.04776
1.04475
1.04532
1.04577
1.04777
1.04601
1.05025
1.05019
1.04956
1.04887
1.05126
1.05019
1.05322
1.05296
1.05557
1.05584
1.05356
1.05339
1.05195
1.04771
1.05056
1.05255
1.04843
1.04881
1.04889
1.04223
1.0453
1.04679
1.04519
1.04764
1.04726
1.04653
1.04653
1.04339
1.03979
1.03989
1.04131
1.04258
1.04083
1.04374
1.0387
1.03715
1.03715
1.03579
1.0378
1.0389
1.0409
1.04163
1.04148
1.04254
1.04412
1.04468
1.04372
1.04701
1.04105
1.03906
1.04105
1.04444
1.04444
1.04195
1.03976
1.03948
1.03941
1.03925
1.03925
1.04106
1.03876
1.03831
1.03679
1.04078
1.03993
1.04178
1.04074
1.04041
1.04368
1.04468
1.04336
1.0425
1.0412
1.04136
1.03811
1.03813
1.03837
1.03697
1.03759
1.03858
1.04021
1.04045
1.04141
1.0398
1.0398
1.04074
1.04069
1.0423
1.04337
1.04337
1.04353
1.0447
1.04571
1.0457
1.04647
1.04331
1.04315
1.04219
1.0411
1.0411
1.04232
1.04094
1.03944
1.03715
1.03715
1.03779
1.0408
1.0408
1.04149
1.04174
1.04209
1.03982
1.04052
1.04081
1.04301
1.04264
1.04249
1.04249
1.04122
1.04346
1.04406
1.04663
1.04628
1.047
1.04473
