0.00175665
0.00175665
0.00681552
0.00681552
0.00681552
0.0149588
0.0149588
0.0149588
0.0149588
0.0149588
0.0258586
0.0258586
0.0391897
0.0547396
0.0720229
0.0914986
0.0914986
0.0914986
0.0914986
0.0914986
0.112459
0.112459
0.112459
0.112459
0.134198
0.134198
0.134198
0.134198
0.158055
0.158055
0.182908
0.20901
0.20901
0.20901
0.23629
0.23629
0.2645
0.293513
0.293513
0.32268
0.353
0.384718
0.384718
0.417996
0.451353
0.483807
0.483807
0.51803
0.551417
0.587233
0.623246
0.659588
0.69421
0.730272
0.767285
0.806668
0.840967
0.877249
0.913644
0.950646
0.950646
0.987801
1.02402
1.06119
1.09671
1.13407
1.16971
1.20543
1.2413
1.27959
1.31532
1.35086
1.35086
1.38726
1.42021
1.42021
1.45427
1.48742
1.5202
1.55086
1.55086
1.58326
1.61354
1.64378
1.67202
1.70235
1.70235
1.73668
1.7658
1.7658
1.79791
1.83015
1.86334
1.88646
1.91229
1.93679
1.96257
1.98357
2.00701
2.02894
2.05063
2.07721
2.09752
2.12028
2.14194
2.14194
2.16124
2.18174
2.20167
2.22067
2.24066
2.26178
2.26178
2.28183
2.29704
2.31365
2.32678
2.34507
2.36325
2.37997
2.39922
2.4146
2.42588
2.44127
2.45467
2.47155
2.48548
2.50112
2.50112
2.51553
2.52972
2.54142
2.55095
2.56746
2.58049
2.58955
2.60382
2.61642
2.62478
2.63747
2.63747
2.64834
2.65725
2.66725
2.67309
2.68221
2.69516
2.69835
2.70268
2.71148
2.71775
2.72759
2.73567
2.73567
2.73567
2.73819
2.74311
2.75296
2.76126
2.76126
2.77204
2.78095
2.78251
2.79176
2.80307
2.80852
2.81667
2.82039
2.8322
2.83841
2.83841
2.8436
2.84919
2.8525
2.85866
2.8661
2.87085
2.87573
2.87347
2.88178
2.88919
2.89
2.89331
2.89656
2.90358
2.91082
2.91565
2.92255
2.92543
2.92794
2.92794
2.93229
2.93699
2.94376
2.94763
2.94932
2.95512
2.9565
2.96167
2.96196
2.96196
2.96438
2.96918
2.97015
2.97614
2.98336
2.98968
2.99496
2.99652
2.99902
3.00002
3.00404
3.00678
3.00566
3.00109
3.00761
3.01114
3.01556
3.02197
3.02413
3.0258
3.0258
3.03166
3.03683
3.04364
3.04574
3.04915
3.04687
3.04914
3.05166
3.05367
3.05586
3.05001
3.05336
3.05416
3.05217
3.05217
3.0535
3.05999
3.06463
3.07435
3.07615
3.07451
3.07946
3.08309
3.07994
3.08244
3.08354
3.08111
3.0831
3.0831
3.08461
3.09283
3.09522
3.09311
3.09414
3.096
3.09951
3.09776
3.09613
3.09552
3.09402
3.09778
3.092
3.09103
3.08694
3.08501
3.08953
3.08931
3.09255
3.08841
3.08969
3.08884
3.08977
3.09184
3.08281
3.08879
3.09486
3.09624
3.09624
3.1009
3.10627
3.10749
3.10725
3.11486
3.11848
3.1124
3.11513
3.1169
3.12016
3.12032
3.11983
3.11573
3.11329
3.1176
3.11554
3.11175
3.11231
3.10998
3.1126
3.11816
3.12025
3.12541
3.12977
3.13227
3.13728
3.13468
3.13052
3.13298
3.13402
3.13444
3.13921
3.13612
3.13554
3.13528
3.14016
3.14548
3.14963
3.15134
3.15083
3.15195
3.14952
3.15202
3.15543
3.15784
3.15549
3.15968
3.1585
3.15844
3.1578
3.15938
3.15853
3.15571
3.15091
3.15364
3.15889
3.15984
3.16059
3.16096
3.15607
3.15607
3.15463
3.15294
3.15565
3.1524
3.1554
3.15839
3.16106
3.16955
3.17099
3.17214
3.1667
3.16157
3.17025
3.17523
3.1748
3.17649
3.17806
3.17354
3.17545
3.18123
3.1802
3.18057
3.17651
3.17801
3.17044
3.17044
3.16969
3.16856
3.16595
3.16544
3.16408
3.1627
3.16241
3.16057
3.16317
3.16317
3.16183
3.16489
3.16231
3.16231
3.16265
3.16691
3.16768
3.16768
3.16659
3.16997
3.17746
3.17652
3.18108
3.18631
3.18137
3.18336
3.18193
3.18022
3.18022
3.17556
3.18187
3.17639
3.17301
3.17544
3.18062
3.18329
3.17983
3.18161
3.18371
3.17386
3.17671
3.1795
3.17872
3.16889
3.16071
3.16027
3.16064
3.16608
3.17165
3.18205
3.18276
3.18276
3.1804
3.17898
3.17797
3.18076
3.18302
3.1821
3.18411
3.18723
3.18489
3.18466
3.17633
3.17749
3.17643
3.18071
3.18071
3.17813
3.17773
3.1824
3.18897
3.18505
3.18569
3.17891
3.17799
3.17357
3.17456
3.1776
3.17521
3.18318
3.18541
3.18188
3.18262
3.18385
3.17874
3.1788
3.1809
3.17831
3.17936
3.17985
3.17882
3.17569
3.17924
3.17189
3.17189
3.16996
3.17209
3.18457
3.18155
3.18399
3.1863
3.18711
3.1804
3.1831
3.18574
3.1862
3.1873
3.1873
3.19218
3.18587
3.18219
3.18747
3.18494
3.19029
3.18755
3.18243
3.18613
3.19221
3.19214
3.1929
3.19547
3.19449
3.20278
3.20015
3.20179
3.19962
3.20084
3.19865
3.20212
3.20216
3.20078
3.20256
3.20139
3.20721
3.20349
3.20548
3.20223
3.20432
3.20442
3.2026
3.20567
3.2061
3.20778
3.20626
3.20829
3.20941
3.20332
3.20284
3.20596
3.20366
3.19466
3.19703
3.19388
3.19388
3.19416
3.18965
3.19175
3.19175
3.19331
3.19078
3.19079
3.18578
3.18397
3.18678
3.18537
3.18909
3.18626
3.18575
3.19129
3.19145
3.18781
3.18781
3.18995
3.18995
3.19257
3.19401
3.18636
3.188
3.18229
3.18405
3.18184
3.18184
3.18359
3.18277
3.18195
3.18195
3.18681
3.18214
3.18348
3.18136
3.18069
3.18416
3.18939
3.18173
3.18501
3.18028
3.17478
3.1764
3.17218
3.18011
3.18009
3.17969
3.17668
3.17485
3.17339
3.17366
3.17248
3.17431
3.17208
3.17718
3.18797
3.18797
3.1811
3.18362
3.17881
3.18155
3.18149
3.18434
3.18323
3.18489
3.18727
3.1821
3.18183
3.17601
3.17463
3.17973
3.18245
3.18227
3.18744
3.1864
3.18713
3.18752
3.18439
3.17794
3.17768
3.18032
3.17594
3.17776
3.18571
3.18903
3.18888
3.18888
3.18615
3.18317
3.18285
3.17871
3.17802
3.17939
3.18379
3.18335
3.18657
3.19197
3.20011
3.19793
3.19562
3.19795
3.19915
3.19265
3.19571
3.19108
3.19108
3.19188
3.18696
3.19428
3.19357
3.1918
3.19496
3.20118
3.20612
3.19916
3.20146
3.19714
3.19483
3.19473
3.19596
3.19601
3.1923
3.19212
3.19293
3.19278
3.18687
3.18646
3.19229
3.19029
3.19911
3.19483
3.19717
3.20183
3.20004
3.20511
3.20588
3.2052
3.19859
3.1993
3.19832
3.19832
3.19724
3.19792
3.19883
3.19588
3.19399
3.1978
3.19972
3.19643
3.19289
3.19289
3.19842
3.20344
3.2027
3.20328
3.19759
3.19203
3.19613
3.19993
3.19742
3.19466
3.19466
3.19327
3.19099
3.19619
3.19512
3.19646
3.19646
3.19372
3.19372
3.19748
3.20377
3.1977
3.19472
3.19915
3.19769
3.20118
3.20654
3.20654
3.20289
3.19982
3.202
3.20502
3.20388
3.20183
3.19933
3.19512
3.19394
3.19641
3.195
3.19255
3.1955
3.19224
3.19236
3.19138
3.19517
3.19853
3.19853
3.19478
3.18959
3.19205
3.19836
3.19904
3.198
3.198
3.19977
3.19977
3.19691
3.19755
3.19891
3.19843
3.19843
3.19752
3.19752
3.19752
3.20081
3.19541
3.19344
3.19383
3.19252
3.1967
3.18959
3.20093
3.20406
3.20491
3.20174
3.20055
3.19985
3.19749
3.19986
3.20244
3.2049
3.20086
3.19914
3.19948
3.1998
3.19819
3.19744
3.20113
3.1952
3.19446
3.19366
3.19354
3.18976
3.19007
3.18893
3.18991
3.20016
3.19773
3.19365
3.19112
3.1933
3.19016
3.19226
3.18695
3.18442
3.18717
3.18755
3.19172
3.19069
3.19069
3.18802
3.18868
3.18834
3.18754
3.18882
3.18318
3.1882
3.18286
3.18499
3.19017
3.19277
3.18856
3.1843
3.1861
3.1861
3.18605
3.18939
3.19078
3.18704
3.18943
3.19694
3.19329
3.19696
3.19932
3.19282
3.19476
3.20053
3.19702
3.1945
3.1928
3.1928
3.19674
3.19634
3.19936
3.19644
3.20021
3.19553
3.19553
3.19152
3.19343
3.19436
3.1941
3.19497
3.18804
3.19271
3.19122
3.19186
3.18969
3.18993
3.18934
3.18363
3.18637
3.18742
3.18904
3.18639
3.18639
3.19299
3.18854
3.18684
3.18142
3.18118
3.18185
3.18593
3.18336
3.18679
3.18917
3.18853
3.19188
3.18997
3.18516
3.19007
3.19185
3.19716
3.19338
3.19091
3.19157
3.18985
3.19043
3.19496
3.19442
3.19579
3.19579
3.188
3.18813
3.18537
3.18872
3.18912
3.18692
3.18174
3.18166
3.17999
3.18017
3.17598
3.17605
3.17088
3.17542
3.18116
3.18017
3.1855
3.19125
3.19011
3.1896
3.19072
3.19108
3.19209
3.19209
3.19353
3.19353
3.19674
3.20056
3.19975
3.19861
3.1999
3.20152
3.19722
3.19722
3.20353
3.20409
3.19935
3.19199
3.18541
3.19133
3.18977
3.18566
3.18299
3.18095
3.18165
3.18196
3.18842
3.18973
3.19416
3.18754
3.1841
3.18565
3.19205
3.19109
3.18887
3.19318
3.19394
3.1995
3.20088
3.20007
3.19684
3.19069
3.19222
3.19451
3.1957
3.20283
3.20262
3.20087
3.20034
3.19687
3.19646
3.19442
3.19327
3.1961
3.19451
3.18909
3.18717
3.1857
3.19171
3.18856
3.18852
3.19241
3.19241
3.1901
3.19378
3.19227
3.18645
3.18553
3.18553
3.19136
3.19568
3.19568
3.19426
3.19809
3.19475
3.19677
3.19218
3.19004
3.18578
3.17795
3.17795
3.17826
3.18196
3.18196
3.17989
3.17872
3.17413
3.17192
3.1742
3.17545
3.1735
3.17333
3.1724
3.1699
3.1699
3.17545
3.17902
3.17466
3.17459
3.17067
3.17423
3.17423
3.17861
3.18047
3.18112
3.1852
3.18467
3.17776
3.17005
3.16409
3.16651
3.16685
3.16956
3.16896
3.1653
3.16752
3.16752
3.16727
3.16857
3.17231
3.1739
3.17488
3.18021
3.17923
3.17073
3.16634
3.16418
3.17286
3.17564
3.17594
3.17308
3.17501
3.17552
3.17913
3.17913
3.17922
3.17778
3.17972
3.17768
3.17864
3.18335
3.18179
3.18422
3.18009
3.17802
3.17805
3.17937
3.17967
3.18074
3.18141
3.19031
3.19286
3.18639
3.1922
3.19376
3.19376
3.18968
3.19408
3.19705
3.19471
3.19471
3.19757
3.19248
3.19724
3.19514
3.19359
3.19521
3.19521
3.2006
3.20243
3.20243
3.20341
3.20277
3.20408
3.20408
3.19933
3.19754
3.20085
3.20104
3.20161
3.19957
3.19693
3.19287
3.19431
3.19305
3.19772
3.19772
3.19153
3.19637
3.20324
3.19821
3.20502
3.20231
3.20231
3.19812
3.19888
3.20307
3.20509
3.19744
3.19481
3.19481
3.19373
3.19236
3.19088
3.19121
3.19768
3.19198
3.19423
3.19279
3.19279
3.18888
3.18392
3.1902
3.1902
3.18991
3.18991
3.19066
3.18642
3.19004
3.19772
3.19974
3.1956
3.1971
3.1958
3.19796
3.19946
3.19795
3.19688
3.20368
3.20568
3.20363
3.2016
3.19766
3.19682
3.19848
3.19848
3.19405
3.196
3.196
3.19792
3.20125
3.19819
3.19884
3.19767
3.19439
3.19439
3.20058
3.20368
3.20791
3.21135
3.20702
3.21115
3.21115
3.21442
3.20576
3.20396
3.20396
3.20337
3.21193
3.21219
3.20645
3.2083
3.2081
3.20708
3.20708
3.20686
3.20348
3.20748
3.20167
3.19783
3.1993
3.1993
3.20014
3.20014
3.19348
3.19132
3.18803
3.18982
3.18982
3.1888
3.19135
3.192
3.19073
3.18639
3.18361
3.18666
3.18879
3.18267
3.18267
3.18572
3.18955
3.18773
3.18773
3.1868
3.19798
3.20082
3.19598
3.19598
3.2009
3.20621
3.20102
3.19747
3.20046
3.20014
3.19739
3.19753
3.19753
3.19959
3.19909
3.19691
3.19728
3.19812
3.19991
3.19684
3.19246
3.19619
3.19727
3.19393
3.19219
3.19251
3.19612
3.20434
3.20675
3.20532
3.20532
3.20846
3.20846
3.20637
3.20156
3.20325
3.20431
3.20746
3.2058
3.20408
3.2045
3.20234
3.20789
3.20661
3.20346
3.19778
3.19819
3.20469
3.20629
3.20173
3.19157
3.19146
3.18677
3.18662
3.18655
3.18839
3.18803
3.18746
3.18825
3.18754
3.18754
3.18663
3.19084
3.19406
3.19887
3.2027
3.2008
3.20666
3.20567
3.21011
3.21046
3.21912
3.21221
3.21327
3.21109
3.21411
3.20893
3.20873
3.20614
3.19965
3.20002
3.20365
3.20913
3.20913
3.21446
3.21303
3.21407
3.21042
3.20976
3.20462
3.20295
3.20547
3.20871
3.2036
3.20742
3.20874
3.21325
3.21144
3.20916
3.20863
3.20916
3.20916
3.20891
3.21301
3.21133
3.21245
3.21245
3.21367
3.2123
3.20981
3.20337
3.20337
3.19869
3.20082
3.20283
3.20522
3.21011
3.21011
3.20764
3.20379
3.20687
3.20687
3.20388
3.19532
3.19088
3.18423
3.18786
3.19116
3.19119
3.19287
3.19568
3.19028
3.1898
3.19265
3.19132
3.19132
3.19188
3.19574
3.19637
3.18933
3.18896
3.17809
3.1775
3.18076
3.17832
3.17433
3.17594
3.18521
3.18331
3.17894
3.17894
3.17845
3.18182
3.18363
3.18329
3.18911
3.19237
3.18847
3.18654
3.18859
3.18859
3.18995
3.19127
3.18825
3.18825
3.18431
3.18268
3.18268
3.18711
3.18939
3.19515
3.19032
3.19032
3.18359
3.1815
3.18741
3.18478
3.18986
3.19157
3.18704
3.18793
3.1854
3.1836
3.18446
3.18156
3.19141
3.18957
3.19022
3.19127
3.18607
3.18515
3.18195
3.18225
3.18664
3.19252
3.1932
3.19512
3.19509
3.18987
3.18615
3.1868
3.1942
3.19035
3.18797
3.18805
3.18533
3.18463
3.18631
3.18764
3.18616
3.18616
3.18979
3.18695
3.1871
3.18345
3.19301
3.18849
3.18891
3.18982
3.19698
3.19589
3.19752
3.19656
3.19634
3.19818
3.19377
3.19377
3.19388
3.19454
3.19601
3.20198
3.20658
3.20096
3.20441
3.20441
3.21126
3.2083
3.20701
3.21192
3.20833
3.20826
3.20197
3.20197
3.201
3.19618
3.19475
3.19475
3.19397
3.19186
3.19308
3.19308
3.18831
3.19704
3.19207
3.19174
3.19174
3.19174
3.19208
3.19354
3.1872
3.18662
3.18829
3.18965
3.18916
3.18642
3.18616
3.18582
3.19052
3.18566
3.18609
3.18493
3.17629
3.18365
3.18541
3.18188
3.17978
3.18365
3.1898
3.18975
3.18975
3.18904
3.18513
3.18724
3.18861
3.18504
3.17885
3.17334
3.16757
3.17006
3.17416
3.17515
3.17942
3.17942
3.17528
3.18198
3.18164
3.18451
3.18451
3.18348
3.18348
3.17994
3.18132
3.18665
3.18839
3.19383
3.1979
3.19902
3.1968
3.19795
3.19795
3.20318
3.20364
3.20441
3.20879
3.20623
3.20824
3.20889
3.2097
3.20402
3.20472
3.20472
3.20443
3.19973
3.20203
3.20116
3.20125
3.20125
3.20224
3.20571
3.20301
3.20496
3.20094
3.20044
3.20187
3.2037
3.20427
3.20424
3.20424
3.20624
3.20521
3.20521
3.20398
3.20398
3.20192
3.20192
3.20376
3.19736
3.2037
3.20517
3.20754
3.20173
3.19949
3.19274
3.19127
3.19127
3.19135
3.19777
3.20062
3.19963
3.1946
3.19583
3.18849
3.18552
3.18729
3.18743
3.18879
3.18745
3.18703
3.18602
3.18888
3.19218
3.1962
3.18948
3.19292
3.19094
3.18916
3.19106
3.19152
3.1887
3.18845
3.18921
3.18661
3.18921
3.18921
3.1877
3.19018
3.18459
3.19148
3.19078
3.18901
3.1936
3.18884
3.1891
3.18999
3.18729
3.18537
3.18713
3.19265
3.19265
3.19225
3.19145
3.18808
3.18645
3.17832
3.17189
3.17563
3.17892
3.18015
3.18207
3.18517
3.18249
3.18136
3.18235
3.18207
3.18207
3.18231
3.18591
3.18591
3.18492
3.18424
3.18684
3.18853
3.18749
3.18853
3.19292
3.201
3.19148
3.19337
3.19795
3.19795
3.19613
3.19501
3.19552
3.19945
3.20361
3.20159
3.20354
3.20114
3.19683
3.20146
3.20156
3.20163
3.19893
3.19867
3.20381
3.20135
3.1981
3.19201
3.19161
3.18374
3.18628
3.18575
3.18497
3.18808
3.18962
3.18818
3.18928
3.19421
3.1928
3.19672
3.19672
3.19914
3.18999
3.19367
3.19367
3.1965
3.20054
3.1989
3.20259
3.20259
3.20378
3.20075
3.19417
3.19164
3.1877
3.19073
3.19351
3.19495
3.19457
3.19717
3.19693
3.19811
3.19835
3.20228
3.19905
3.19574
3.19383
3.20069
3.20069
3.20063
3.19734
3.19775
3.20078
3.19783
3.19458
3.19404
3.19346
3.19455
3.19046
3.18742
3.182
3.18067
3.17706
3.18242
3.18702
3.18609
3.18512
3.18512
3.19017
3.19094
3.1936
3.19292
3.18988
3.19321
3.19047
3.19101
3.19329
3.19636
3.19645
3.18786
3.18842
3.18611
3.18732
3.18499
3.18332
3.18546
3.1892
3.18709
3.18709
3.18887
3.18556
3.18292
3.18388
3.18592
3.18678
3.19487
3.19555
3.19417
3.1931
3.19695
3.19615
3.20197
3.19533
3.19739
3.19326
3.19165
3.19765
3.19847
3.20004
3.20215
3.19492
3.1957
3.19408
3.19017
3.18839
3.18856
3.19458
3.19458
3.19458
3.19907
3.1975
3.20153
3.19949
3.19994
3.2014
3.20307
3.19975
3.19436
3.19555
3.19526
3.18802
3.18244
3.18096
3.18027
3.18027
3.18226
3.18285
3.18285
3.1842
3.18253
3.18323
3.17863
3.18461
3.18969
3.19132
3.19283
3.19979
3.19959
3.20104
3.20104
3.20154
3.20643
3.20209
3.19982
3.19982
3.19835
3.20481
3.20571
3.19937
3.19843
3.20091
3.20141
3.20517
3.20462
3.2051
3.19919
3.18569
3.19041
3.19478
3.18768
3.1899
3.19134
3.19515
3.19799
3.20142
3.20018
3.1975
3.19681
3.19527
3.19981
3.1955
3.19831
3.19531
3.19769
3.1995
3.19735
3.19435
3.19921
3.19486
3.19486
3.19486
3.19453
3.19002
3.19073
3.19351
3.19623
3.19623
3.19615
3.18904
3.19105
3.19105
3.1883
3.19022
3.18996
3.19472
3.19501
3.1972
3.19119
3.19513
3.19552
3.19567
3.19288
3.19288
3.19684
3.19155
3.19618
3.19675
3.194
3.191
3.191
3.1886
3.18824
3.19396
3.19595
3.20356
3.20238
3.20783
3.2108
3.20699
3.21172
3.21267
3.21147
3.20935
3.20887
3.20358
3.20697
3.20541
3.21285
3.20935
3.21087
3.21087
3.20498
3.21026
3.21048
3.21789
3.21363
3.20932
3.21474
3.21474
3.21476
3.21476
3.20854
3.21076
3.21076
3.20968
3.20606
3.20606
3.20131
3.2076
3.21082
3.21243
3.21638
3.21554
3.20477
3.20532
3.203
3.20488
3.2109
3.20701
3.20553
3.20743
3.20926
3.20009
3.20442
3.2043
3.20049
3.19715
3.19495
3.19573
3.19681
3.19123
3.19107
3.19649
3.20028
3.20109
3.20267
3.20058
3.20058
3.20058
3.20058
3.20058
3.19549
3.20212
3.20212
3.21194
3.214
3.21476
3.2171
3.21079
3.21326
3.20884
3.20904
3.20529
3.20216
3.20319
3.20319
3.19771
3.19255
3.19082
3.18826
3.18884
3.18553
3.19086
3.18888
3.1885
3.19194
3.19002
3.19013
3.19397
3.1906
3.18531
3.18087
3.18334
3.18514
3.18514
3.18431
3.18391
3.18391
3.18586
3.18907
3.18679
3.18904
3.19771
3.19932
3.20071
3.19419
3.18843
3.18843
3.18849
3.19114
3.19424
3.19701
3.19671
3.19362
3.19489
3.19605
3.19664
3.19239
3.19559
3.19485
3.19503
3.19893
3.19746
3.19587
3.19765
3.19765
3.19494
3.18962
3.19044
3.18816
3.18624
3.18909
3.19288
3.19288
3.18951
3.18436
3.17976
3.17816
3.17816
3.18839
3.18655
3.18381
3.17976
3.17976
3.18101
3.17945
3.17344
3.17029
3.17706
3.17628
3.18343
3.19028
3.19028
3.18513
3.18491
3.18303
3.18283
3.1829
3.18215
3.18172
3.18437
3.18437
3.18164
3.18045
3.1804
3.17676
3.18149
3.1851
3.18674
3.18691
3.18471
3.18776
3.19224
3.19356
3.19265
3.18984
3.18447
3.18604
3.19408
3.19202
3.19611
3.19597
3.19496
3.19482
3.19137
3.19663
3.19945
3.20095
3.20143
3.19348
3.19675
3.19246
3.19167
3.18633
3.19008
3.19226
3.19253
3.19197
3.19068
3.19775
3.20029
3.1935
3.19791
3.19791
3.20278
3.20238
3.19392
3.19392
3.1933
3.19216
3.19216
3.19227
3.19682
3.19286
3.19534
3.19841
3.19958
3.20196
3.2017
3.20339
3.20543
3.20775
3.2083
3.21001
3.20614
3.20755
3.20611
3.20408
3.19896
3.19615
3.20194
3.20513
3.20391
3.20333
3.19949
3.20395
3.20256
3.20256
3.19852
3.19967
3.204
3.20278
3.20205
3.20308
3.20152
3.20165
3.20141
3.19855
3.19422
3.19568
3.19989
3.19268
3.19101
3.19284
3.19809
3.20364
3.20662
3.20601
3.20826
3.20585
3.20421
3.20421
3.20265
3.20174
3.20556
3.20821
3.20821
3.20821
3.19751
3.19964
3.19832
3.19832
3.19145
3.19604
3.19689
3.19636
3.19425
3.19674
3.19864
3.19723
3.19723
3.19714
3.19998
3.19886
3.19922
3.1968
3.20158
3.20081
3.20545
3.20545
3.20381
3.20342
3.20599
3.20628
3.20388
3.20436
3.20638
3.20549
3.20522
3.20514
3.19915
3.19915
3.2035
3.20232
3.2045
3.2043
3.19995
3.20799
3.20843
3.2074
3.2074
3.20725
3.20786
3.20359
3.20397
3.20654
3.21396
3.21716
3.21671
3.2155
3.21541
3.22093
3.22378
3.22122
3.22302
3.21694
3.21304
3.21605
3.21605
3.20787
3.20403
3.20255
3.1991
3.19471
3.19633
3.19453
3.19768
3.19875
3.2001
3.19564
3.19564
3.20238
3.20663
3.20577
3.21013
3.21013
3.21107
3.21076
3.20384
3.20781
3.20326
3.20202
3.20103
3.20103
3.2028
3.20128
3.19972
3.20578
3.2079
3.20716
3.21565
3.2104
3.21197
3.20864
3.2108
3.2108
3.21764
3.21431
3.21836
3.21531
3.21368
3.21236
3.20708
3.20711
3.20601
3.20419
3.20869
3.20397
3.2062
3.19783
3.20315
3.20012
3.19734
3.19281
3.19399
3.19345
3.19226
3.19364
3.19713
3.19614
3.1898
3.19194
3.19126
3.19583
3.19179
3.19032
3.19162
3.19162
3.19414
3.19583
3.19051
3.189
3.1923
3.18737
3.18911
3.1965
3.19624
3.19343
3.1926
3.1948
3.19314
3.19314
3.19394
3.1939
3.19306
3.19227
3.19194
3.1886
3.1872
3.19033
3.19196
3.18691
3.18751
3.19197
3.19355
3.19355
3.19319
3.19618
3.19961
3.19789
3.19225
3.19575
3.19575
3.19222
3.19174
3.19174
3.18909
3.18682
3.19428
3.18195
3.18451
3.18721
3.19039
3.18542
3.18845
3.19169
3.19019
3.1905
3.19474
3.19457
3.19457
3.19997
3.19279
3.19551
3.19102
3.18655
3.18539
3.1856
3.1899
3.18712
3.19253
3.19413
3.19724
3.19613
3.19725
3.19161
3.19302
3.19297
3.1959
3.19282
3.19195
3.18693
3.18461
3.18184
3.17625
3.18175
3.18605
3.19065
3.19178
3.19106
3.19106
3.19139
3.18664
3.18187
3.18356
3.17758
3.17318
3.16909
3.17754
3.17913
3.18282
3.17799
3.17454
3.17743
3.17406
3.17826
3.17826
3.18021
3.18018
3.18907
3.1915
3.19421
3.19088
3.18699
3.18442
3.18442
3.18559
3.18521
3.18352
3.18133
3.18347
3.18835
3.19281
3.19209
3.19387
3.19021
3.19422
3.18711
3.18528
3.18327
3.18218
3.18142
3.18554
3.18742
3.18663
3.18437
3.1806
3.17765
3.18036
3.17847
3.17818
3.17948
3.1768
3.1768
3.18254
3.18645
3.18306
3.17959
3.18501
3.18479
3.18444
3.18657
3.18177
3.18212
3.18297
3.1814
3.1814
3.17846
3.17519
3.17847
3.17902
3.18198
3.18518
3.18349
3.18597
3.18732
3.18661
3.1893
3.18967
3.18941
3.18941
3.18392
3.18801
3.18988
3.18798
3.18798
3.18642
3.18898
3.19281
3.19389
3.19829
3.19587
3.19958
3.19882
3.2016
3.19508
3.19508
3.19508
3.1918
3.19363
3.19131
3.19473
3.19654
3.19235
3.18699
3.18699
3.1906
3.18524
3.18324
3.18807
3.19143
3.19417
3.19032
3.18614
3.18335
3.18012
3.18056
3.18056
3.18056
3.1763
3.18118
3.18042
3.18068
3.18193
3.18172
3.17825
3.17444
3.17323
3.17396
3.17471
3.17442
3.18595
3.18668
3.18668
3.1917
3.19594
3.19284
3.19344
3.19233
3.18538
3.17884
3.17199
3.17846
3.17828
3.18118
3.18456
3.18825
3.18548
3.18548
3.1835
3.18431
3.18973
3.19246
3.19446
3.19188
3.19188
3.19702
3.19263
3.19066
3.19368
3.19853
3.1988
3.20501
3.20084
3.20663
3.20401
3.20249
3.19704
3.19541
3.19709
3.19925
3.20338
3.20338
3.20048
3.19883
3.19405
3.19737
3.19547
3.19928
3.19938
3.1967
3.19458
3.19102
3.18763
3.18749
3.18507
3.18328
3.17951
3.17951
3.18096
3.18096
3.18038
3.18557
3.18297
3.18602
3.188
3.18619
3.18685
3.18786
3.18764
3.19794
3.19975
3.1969
3.19931
3.19991
3.20131
3.20674
3.20674
3.20704
3.20932
3.20693
3.20488
3.19603
3.1908
3.18357
3.18357
3.186
3.17919
3.17919
3.18171
3.18229
3.18155
3.18184
3.18496
3.18617
3.1814
3.18394
3.18154
3.17696
3.17524
3.17524
3.1821
3.18067
3.18067
3.18239
3.18566
3.18369
3.18532
3.1877
3.18862
3.18862
3.186
3.18417
3.18943
3.18943
3.18642
3.18696
3.19317
3.18752
3.18903
3.18522
3.18689
3.18753
3.18969
3.18969
3.18969
3.18978
3.18978
3.19504
3.19851
3.19851
3.20138
3.19645
3.19386
3.19839
3.20268
3.19673
3.19855
3.19855
3.1901
3.19335
3.19786
3.19954
3.20242
3.20242
3.20469
3.21047
3.20997
3.21486
3.20881
3.21232
3.21797
3.2162
3.22108
3.21803
3.21763
3.21453
3.21336
3.21323
3.22334
3.22313
3.21968
3.21806
3.21081
3.20722
3.20101
3.2049
3.21089
3.21089
3.20245
3.20331
3.2028
3.19965
3.19555
3.19219
3.1919
3.19118
3.19598
3.19781
3.19999
3.19354
3.19354
3.19093
3.19125
3.18455
3.18236
3.18248
3.1886
3.19199
3.19271
3.1898
3.19221
3.1851
3.18811
3.18496
3.18496
3.18463
3.18666
3.18614
3.18133
3.17602
3.17602
3.17533
3.17759
3.17515
3.17917
3.17581
3.17959
3.17377
3.1721
3.17747
3.17989
3.1858
3.18743
3.1904
3.18363
3.1806
3.17657
3.18043
3.18202
3.18344
3.18344
3.17698
3.17793
3.18044
3.1811
3.1864
3.18598
3.18684
3.19423
3.19091
3.19134
3.18925
3.18837
3.18783
3.18575
3.18556
3.18907
3.18907
3.18664
3.18606
3.19001
3.19055
3.18729
3.18531
3.18442
3.18228
3.18288
3.18052
3.18417
3.18529
3.18736
3.1945
3.19605
3.20386
3.19874
3.20155
3.20574
3.19851
3.19563
3.19563
3.19397
3.19455
3.19713
3.1938
3.19572
3.1948
3.1977
3.19983
3.19974
3.19892
3.19791
3.19933
3.20091
3.19565
3.19712
3.19604
3.19601
3.19692
3.19849
3.19498
3.19766
3.20043
3.20461
3.20455
3.20463
3.2059
3.20445
3.21119
3.21581
3.21459
3.21482
3.2143
3.21408
3.21232
3.211
3.21096
3.20913
3.20584
3.20584
3.20363
3.20665
3.20848
3.20625
3.20912
3.20899
3.20668
3.20887
3.20789
3.20408
3.20073
3.20049
3.19615
3.18828
3.18217
3.17773
3.18304
3.18528
3.18471
3.18341
3.18055
3.1782
3.18288
3.18653
3.18774
3.18774
3.1816
3.18073
3.18009
3.18399
3.183
3.183
3.18195
3.18216
3.18629
3.18427
3.17955
3.17373
3.16934
3.16934
3.17069
3.17093
3.17581
3.18477
3.18185
3.17881
3.18331
3.18357
3.18712
3.18201
3.18202
3.17884
3.18458
3.18081
3.17719
3.17741
3.17512
3.17517
3.17696
3.17526
3.16953
3.17197
3.17148
3.17131
3.16919
3.17438
3.17438
3.17198
3.17502
3.17353
3.1748
3.17322
3.16966
3.17538
3.17446
3.1745
3.17285
3.17651
3.17712
3.18005
3.18142
3.18637
3.19099
3.19336
3.19527
3.19544
3.19866
3.19956
3.19889
3.19186
3.19111
3.18893
3.19309
3.19397
3.20292
3.20315
3.20315
3.20423
3.20563
3.20099
3.19815
3.19683
3.19807
3.20009
3.20511
3.20479
3.20147
3.2044
3.20444
3.20724
3.2028
3.20429
3.20797
3.20475
3.20704
3.21054
3.21306
3.20815
3.2059
3.20832
3.20133
3.20212
3.19866
3.2093
3.20663
3.20733
3.20107
3.19544
3.19804
3.19691
3.19883
3.19334
3.18971
3.18971
3.18299
3.1857
3.18434
3.17841
3.17841
3.17718
3.1736
3.1736
3.17813
3.18536
3.1815
3.18632
3.1882
3.18194
3.18015
3.18605
3.18834
3.19257
3.19449
3.19104
3.19104
3.19122
3.19167
3.18826
3.18683
3.18683
3.19044
3.1937
3.19977
3.20158
3.20158
3.19952
3.20093
3.20085
3.20521
3.20246
3.20212
3.20212
3.20246
3.20096
3.19894
3.19894
3.20015
3.19958
3.19402
3.19457
3.20634
3.2066
3.20593
3.20705
3.20706
3.19912
3.20261
3.20425
3.20018
3.20018
3.20475
3.20235
3.20235
3.20147
3.20542
3.20542
3.19826
3.19899
3.19823
3.19823
3.20271
3.20271
3.20174
3.19942
3.20373
3.20071
3.19751
3.20606
3.20656
3.20018
3.20333
3.20636
3.20589
3.20759
3.20832
3.21246
3.20813
3.20922
3.20579
3.20403
3.20229
3.19584
3.2001
3.19868
3.20169
3.19822
3.20076
3.20076
3.19972
3.20132
3.19843
3.19507
3.1952
3.18962
3.187
3.187
3.18959
3.18805
3.18891
3.18866
3.18499
3.18922
3.18948
3.19165
3.18995
3.18797
3.18874
3.19306
3.19695
3.19204
3.19119
3.19418
3.19418
3.19407
3.19399
3.19487
3.2005
3.20014
3.201
3.20585
3.20409
3.20751
3.20446
3.2088
3.2112
3.20851
3.20171
3.20037
3.19664
3.19241
3.19311
3.19311
3.19618
3.19514
3.19794
3.19452
3.19854
3.19659
3.19659
3.19402
3.19392
3.19433
3.19226
3.19226
3.19694
3.19749
3.19119
3.18753
3.18596
3.19145
3.19947
3.20154
3.20183
3.20028
3.2006
3.2015
3.19993
3.20419
3.20746
3.20299
3.19816
3.19696
3.19574
3.19246
3.19078
3.19643
3.19759
3.20118
3.20127
3.20066
3.19891
3.20165
3.20312
3.20349
3.20693
3.2055
3.20708
3.21054
3.21099
3.21903
3.21786
3.21339
3.21355
3.21441
3.21163
3.21402
3.20723
3.20591
3.20656
3.20727
3.20434
3.19672
3.19449
3.19449
3.19226
3.19226
3.19511
3.19771
3.19771
3.19771
3.19632
3.19596
3.18892
3.19425
3.18663
3.18547
3.19013
3.19134
3.19204
3.19838
3.19922
3.20106
3.20067
3.20415
3.19883
3.2038
3.20044
3.19499
3.20009
3.19939
3.19307
3.1881
3.18707
3.19211
3.19211
3.18836
3.18763
3.18328
3.18657
3.18454
3.18779
3.18224
3.18224
3.18485
3.18495
3.18697
3.1872
3.18804
3.19544
3.19822
3.18862
3.19167
3.18988
3.18719
3.18599
3.18222
3.18597
3.19255
3.19139
3.18393
3.18359
3.18359
3.18232
3.18664
3.19197
3.19472
3.19398
3.19583
3.20013
3.20013
3.2018
3.19501
3.20283
3.20895
3.21028
3.20522
3.20522
3.21544
3.21057
3.20599
3.21225
3.20926
3.20705
3.20934
3.20379
3.20268
3.20881
3.20608
3.20551
3.20219
3.20115
3.2
3.20214
3.19993
3.19931
3.2011
3.2011
3.19916
3.19413
3.19384
3.19526
3.19031
3.19071
3.19071
3.19125
3.18972
3.19111
3.18954
3.19426
3.19426
3.1927
3.19521
3.20443
3.20474
3.20653
3.20236
3.19949
3.20067
3.19715
3.19953
3.20022
3.1989
3.20419
3.20363
3.19878
3.19782
3.20074
3.20104
3.19627
3.19372
3.19427
3.19404
3.19473
3.20192
3.1927
3.19386
3.19489
3.18607
3.1887
3.19212
3.19241
3.19241
3.19312
3.19153
3.1893
3.19139
3.19054
3.18947
3.18696
3.18737
3.18502
3.18267
3.18477
3.18478
3.18309
3.18954
3.18905
3.18707
3.18428
3.19123
3.18938
3.1858
3.19318
3.19318
3.19789
3.19789
3.20034
3.20186
3.19954
3.20066
3.19984
3.19857
3.19667
3.19408
3.19513
3.19408
3.19692
3.19609
3.1925
3.19325
3.1901
3.1901
3.18925
3.19694
3.19449
3.19539
3.19673
3.19543
3.19388
3.19388
3.19287
3.19731
3.19912
3.20332
3.20131
3.20132
3.2008
3.19494
3.19694
3.19029
3.19343
3.19466
3.19466
3.19717
3.1932
3.19487
3.19431
3.19306
3.19888
3.19287
3.19295
3.18919
3.18528
3.18576
3.187
3.1918
3.18717
3.18717
3.19111
3.19328
3.19328
3.19802
3.20111
3.20439
3.20497
3.20337
3.19836
3.19997
3.20323
3.2001
3.19864
3.20092
3.20082
3.20455
3.20614
3.20614
3.20547
3.20547
3.2074
3.20322
3.19773
3.20715
3.20009
3.20486
3.20173
3.20143
3.19777
3.18956
3.1907
3.18741
3.1936
3.19937
3.19634
3.19566
3.20067
3.19826
3.20462
3.19903
3.19395
3.20088
3.20325
3.20587
3.20567
3.1997
3.19718
3.19678
3.19155
3.19645
3.19354
3.18616
3.19034
3.18743
3.19079
3.19079
3.19252
3.19165
3.19533
3.19731
3.19887
3.19835
3.1886
3.19772
3.20199
3.20569
3.20687
3.20811
3.20811
3.21505
3.21414
3.21302
3.20864
3.21032
3.21032
3.20606
3.20985
3.20907
3.20912
3.20912
3.20546
3.19714
3.19616
3.19102
3.18378
3.18418
3.1821
3.18037
3.18517
3.1843
3.17833
3.18662
3.19324
3.19139
3.1886
3.19107
3.187
3.1949
3.19165
3.19165
3.18797
3.18693
3.18845
3.18697
3.18697
3.18484
3.18994
3.19014
3.1905
3.18918
3.19124
3.19165
3.19319
3.19768
3.19444
3.19722
3.19749
3.20021
3.19552
3.19731
3.193
3.19239
3.19336
3.1939
3.18876
3.19041
3.18483
3.18645
3.18827
3.19151
3.19706
3.20541
3.2027
3.20118
3.20221
3.20275
3.20983
3.20825
3.21282
3.21282
3.21282
3.21744
3.21575
3.21327
3.21123
3.2083
3.20861
3.20861
3.20711
3.20634
3.20136
3.20487
3.20476
3.2024
3.20081
3.20174
3.205
3.20675
3.20773
3.20742
3.20898
3.20898
3.2095
3.2095
3.20425
3.20003
3.20074
3.20001
3.19604
3.19787
3.19758
3.19925
3.1953
3.19606
3.19338
3.19559
3.19559
3.20068
3.20068
3.20223
3.19753
3.2016
3.2016
3.2009
3.19588
3.1939
3.19544
3.19759
3.19255
3.18968
3.19151
3.18917
3.18737
3.18891
3.19749
3.19302
3.18979
3.18983
3.18413
3.18498
3.18498
3.18883
3.19326
3.19822
3.19567
3.19254
3.19807
3.19429
3.19728
3.19613
3.19382
3.19507
3.19499
3.19449
3.19514
3.19218
3.19158
3.19482
3.19246
3.19229
3.19343
3.19238
3.18823
3.18596
3.18587
3.18587
3.18304
3.18454
3.18714
3.19402
3.19168
3.18896
3.19064
3.19213
3.19407
3.19407
3.19365
3.19302
3.19006
3.18981
3.18981
3.18897
3.18618
3.18371
3.18519
3.18794
3.18512
3.18471
3.19091
3.19091
3.18177
3.17776
3.18133
3.18453
3.17073
3.17073
3.17434
3.17293
3.17233
3.17536
3.18325
3.18325
3.17892
3.17833
3.17917
3.175
3.17034
3.16832
3.17115
3.17122
3.17685
3.17787
3.17707
3.17707
3.17917
3.18112
3.17973
3.17973
3.18101
3.17622
3.1722
3.17244
3.16962
3.17126
3.16911
3.16904
3.17416
3.17726
3.18554
3.1874
3.18172
3.17811
3.17933
3.17933
3.17829
3.17555
3.17305
3.1749
3.1774
3.18212
3.1808
3.1868
3.19245
3.19245
3.18991
3.18991
3.18877
3.18223
3.1795
3.18416
3.18469
3.18896
3.18883
3.18838
3.18838
3.18981
3.18977
3.18977
3.18977
3.1919
3.18515
3.18785
3.18198
3.18458
3.18469
3.18263
3.18072
3.18801
3.18623
3.18605
3.18194
3.18438
3.18438
3.18421
3.18421
3.18421
3.18421
3.18421
3.18118
3.18563
3.1855
3.18184
3.18265
3.18265
3.17525
3.18127
3.18127
3.18335
3.18148
3.18755
3.17921
3.18367
3.18159
3.17948
3.17948
3.17701
3.17612
3.17826
3.17679
3.17122
3.1775
3.18204
3.18464
3.18513
3.18513
3.18459
3.18831
3.19532
3.189
3.18853
3.1889
3.1892
3.18391
3.18236
3.18358
3.1781
3.17671
3.17633
3.17056
3.17602
3.18162
3.18511
3.18509
3.19277
3.19311
3.18743
3.1831
3.18427
3.18297
3.18406
3.18354
3.18195
3.18404
3.18585
3.18585
3.19074
3.18527
3.18238
3.18529
3.18512
3.17863
3.18075
3.18848
3.19034
3.19017
3.18922
3.18922
3.19823
3.19798
3.19733
3.20111
3.20264
3.20044
3.19978
3.19513
3.19524
3.19901
3.19903
3.19451
3.19451
3.19591
3.19142
3.19425
3.19945
3.19822
3.19809
3.20078
3.19704
3.19764
3.19767
3.20561
3.20121
3.20121
3.1982
3.1973
3.20463
3.20292
3.20085
3.19719
3.19226
3.19226
3.19295
3.19157
3.19196
3.19201
3.19672
3.20181
3.20304
3.20304
3.20804
3.20907
3.20917
3.20515
3.20774
3.20158
3.19698
3.19905
3.20032
3.20048
3.20237
3.20494
3.20076
3.20216
3.20588
3.20465
3.20189
3.20375
3.20606
3.20688
3.20672
3.20162
3.20475
3.20538
3.20538
3.20662
3.19996
3.20294
3.20304
3.19465
3.19054
3.19454
3.20073
3.20273
3.20681
3.2088
3.20199
3.20409
3.20516
3.19808
3.19258
3.19652
3.19934
3.19621
3.19732
3.19705
3.19561
3.19071
3.18682
3.18361
3.17573
3.16692
3.1688
3.17209
3.17209
3.1698
3.16163
3.1662
3.1721
3.17745
3.17899
3.18014
3.18299
3.18742
3.18656
3.18774
3.18996
3.19138
3.19974
3.19706
3.19706
3.19625
3.19606
3.19988
3.19192
3.18892
3.18921
3.18685
3.19086
3.19505
3.19488
3.18983
3.19157
3.19358
3.19365
3.18946
3.19005
3.18678
3.18728
3.19061
3.19077
3.19598
3.20148
3.20007
3.19493
3.19493
3.18963
3.1924
3.19608
3.20069
3.203
3.20147
3.19943
3.19389
3.19577
3.19394
3.1982
3.19616
3.19763
3.19908
3.19556
3.19792
3.20027
3.19928
3.19379
3.19537
3.19441
3.19664
3.19866
3.19704
3.19688
3.19942
3.19942
3.19074
3.19001
3.18738
3.18694
3.18651
3.18937
3.18937
3.19067
3.1931
3.18891
3.18891
3.18982
3.19262
3.19158
3.19114
3.19611
3.20389
3.20103
3.1936
3.19743
3.19555
3.19594
3.19202
3.18922
3.18922
3.1914
3.18963
3.1925
3.19092
3.18769
3.18533
3.18476
3.18858
3.18486
3.18722
3.18662
3.18107
3.1805
3.18212
3.18448
3.1841
3.18262
3.18064
3.18064
3.17819
3.17741
3.17854
3.18385
3.19002
3.19002
3.18944
3.1949
3.19713
3.19265
3.18925
3.18947
3.18816
3.18809
3.18988
3.18361
3.18252
3.17932
3.18135
3.18415
3.19221
3.19089
3.19012
3.19012
3.19047
3.19055
3.19169
3.19025
3.19264
3.18799
3.18667
3.18679
3.19129
3.18833
3.19061
3.19061
3.18939
3.19097
3.19419
3.1979
3.19669
3.19669
3.19796
3.19385
3.1986
3.19797
3.20026
3.19215
3.18503
3.18503
3.18503
3.18429
3.18611
3.18956
3.19115
3.1948
3.19214
3.19167
3.19138
3.19504
3.19959
3.19959
3.19105
3.19615
3.1964
3.19885
3.19866
3.1963
3.1963
3.19512
3.19204
3.19587
3.19519
3.1933
3.19399
3.19492
3.20003
3.19383
3.19465
3.19566
3.19566
3.19431
3.19431
3.18972
3.18656
3.18563
3.18173
3.17731
3.1777
3.17841
3.18213
3.18397
3.18488
3.18197
3.18612
3.18798
3.19405
3.19419
3.191
3.18796
3.19047
3.18997
3.18917
3.18491
3.19107
3.19217
3.18311
3.18892
3.19768
3.19391
3.19355
3.19751
3.19363
3.18951
3.18853
3.18931
3.18931
3.18931
3.18898
3.18571
3.18571
3.19449
3.19475
3.19115
3.17944
3.17935
3.17935
3.17984
3.18188
3.18188
3.17785
3.17616
3.17182
3.17963
3.17678
3.17748
3.18039
3.17798
3.17805
3.18197
3.18217
3.1812
3.17491
3.17223
3.17569
3.17931
3.17931
3.17838
3.17838
3.17807
3.17675
3.17736
3.18101
3.17751
3.17135
3.17749
3.18186
3.18689
3.18374
3.18374
3.18532
3.19236
3.19425
3.1909
3.19277
3.19289
3.18346
3.18346
3.18346
3.18321
3.18374
3.18281
3.18293
3.18579
3.17837
3.17633
3.17244
3.17508
3.17931
3.17593
3.17421
3.17806
3.1731
3.17432
3.17636
3.17201
3.17497
3.18202
3.18859
3.18342
3.18113
3.17971
3.17335
3.1771
3.1811
3.18975
3.18362
3.1854
3.18705
3.18595
3.18545
3.19001
3.19
3.18958
3.18813
3.18878
3.18451
3.18669
3.18773
3.18969
3.18739
3.19323
3.18663
3.18054
3.17346
3.17614
3.18046
3.18546
3.19125
3.19007
3.19406
3.19294
3.19742
3.19731
3.20169
3.19973
3.20189
3.20161
3.20371
3.2106
3.2106
3.20656
3.20726
3.20208
3.20296
3.19891
3.1937
3.18843
3.18832
3.18376
3.18376
3.18551
3.18633
3.18863
3.19475
3.18942
3.19434
3.19419
3.19601
3.19549
3.1961
3.19959
3.19795
3.19681
3.20265
3.20309
3.20309
3.20681
3.20229
3.19758
3.19883
3.19471
3.19477
3.19498
3.19915
3.20236
3.20105
3.19284
3.18846
3.19278
3.19727
3.19727
3.1991
3.19833
3.1943
3.1943
3.18957
3.18944
3.18944
3.18947
3.19291
3.19722
3.19905
3.20003
3.20114
3.20379
3.19684
3.19908
3.19853
3.20177
3.20001
3.19564
3.19671
3.19588
3.19845
3.19845
3.19754
3.18896
3.18624
3.18637
3.19048
3.18994
3.18937
3.18306
3.18194
3.18492
3.1906
3.18951
3.19266
3.19507
3.19752
3.20228
3.20352
3.20429
3.21199
3.20556
3.20345
3.20228
3.20767
3.20218
3.1992
3.19826
3.19826
3.19826
3.2013
3.20104
3.19825
3.20469
3.20188
3.20405
3.19695
3.19924
3.20182
3.20182
3.20165
3.20014
3.20628
3.20958
3.20568
3.20568
3.20661
3.20465
3.20121
3.20518
3.20518
3.20135
3.20044
3.1987
3.1962
3.20009
3.19193
3.19141
3.188
3.19231
3.19108
3.1914
3.19042
3.19354
3.19354
3.19119
3.19301
3.19301
3.19654
3.19381
3.19092
3.1946
3.1946
3.19283
3.19202
3.19308
3.19435
3.19204
3.19579
3.19385
3.19555
3.19291
3.19861
3.19412
3.19412
3.19623
3.19474
3.19931
3.1985
3.20272
3.20036
3.19835
3.19765
3.20051
3.19606
3.19661
3.20052
3.19539
3.19323
3.19411
3.1974
3.19911
3.19351
3.19229
3.19848
3.19426
3.19018
3.18118
3.1759
3.17808
3.17551
3.17035
3.17728
3.18367
3.17874
3.18206
3.18206
3.18554
3.19043
3.19043
3.18943
3.19174
3.19318
3.19275
3.19053
3.19096
3.18848
3.18142
3.17993
3.18823
3.18406
3.18238
3.18234
3.18693
3.18579
3.18579
3.18691
3.18691
3.18691
3.18638
3.18931
3.18758
3.18772
3.18712
3.18461
3.1885
3.18833
3.19134
3.19586
3.18844
3.18154
3.1801
3.18759
3.18585
3.18415
3.18329
3.18417
3.18568
3.18351
3.18331
3.18331
3.17981
3.17981
3.17877
3.17664
3.17664
3.17816
3.1728
3.17938
3.18187
3.17784
3.17611
3.17319
3.17927
3.17894
3.17975
3.18435
3.18864
3.19199
3.19199
3.19176
3.19454
3.19658
3.19506
3.19506
3.19583
3.19633
3.19479
3.20083
3.20635
3.20647
3.20926
3.21521
3.20528
3.20239
3.20147
3.19639
3.19639
3.19438
3.20052
3.20766
3.20891
3.20538
3.20113
3.19917
3.20243
3.19654
3.1945
3.19498
3.19844
3.20387
3.1991
3.19838
3.19899
3.20321
3.20282
3.20253
3.20448
3.20652
3.20931
3.20962
3.21179
3.21057
3.20897
3.20897
3.20405
3.19795
3.19743
3.1881
3.19526
3.19709
3.19798
3.19952
3.19443
3.19586
3.18927
3.18655
3.18732
3.19464
3.19084
3.18989
3.18506
3.18707
3.17909
3.17826
3.17826
3.17962
3.18161
3.18451
3.18293
3.18519
3.18651
3.1863
3.18708
3.18296
3.18436
3.18586
3.18537
3.18201
3.18201
3.18544
3.18328
3.17985
3.18126
3.1851
3.18312
3.17865
3.18625
3.18947
3.18937
3.18937
3.19126
3.18666
3.18697
3.19034
3.18935
3.18642
3.18595
3.18709
3.1833
3.18562
3.19197
3.19127
3.18821
3.18597
3.18407
3.18629
3.18728
3.19318
3.19165
3.18804
3.18713
3.18945
3.18567
3.18875
3.1851
3.18741
3.18735
3.18784
3.18652
3.189
3.18973
3.19327
3.19324
3.19039
3.19311
3.19108
3.19179
3.19472
3.19461
3.20008
3.19805
3.2007
3.19852
3.1948
3.19212
3.19405
3.19376
3.19977
3.19999
3.19856
3.19856
3.19228
3.19032
3.18981
3.18887
3.19468
3.19398
3.1949
3.19405
3.19233
3.19343
3.19434
3.19176
3.19295
3.19757
3.19298
3.19113
3.18122
3.18139
3.18149
3.18198
3.18342
3.17811
3.18533
3.1928
3.18923
3.19021
3.18972
3.1877
3.19326
3.19584
3.19382
3.19382
3.19382
3.19382
3.19304
3.18484
3.18113
3.18149
3.18126
3.18276
3.18699
3.18309
3.1869
3.18915
3.18521
3.18507
3.17986
3.17985
3.17994
3.17631
3.17808
3.18061
3.1832
3.18965
3.18968
3.18388
3.18077
3.18714
3.18434
3.17829
3.17425
3.17425
3.17425
3.17614
3.17744
3.18346
3.18153
3.18255
3.18537
3.1823
3.18187
3.1854
3.1854
3.18865
3.19161
3.19382
3.19118
3.1912
3.19248
3.18809
3.18402
3.18696
3.18492
3.18156
3.18596
3.19055
3.19055
3.18416
3.19131
3.18511
3.18511
3.1869
3.18683
3.19536
3.19523
3.18887
3.18763
3.1867
3.18577
3.18645
3.18206
3.17816
3.18896
3.1865
3.18835
3.1913
3.1865
3.18506
3.18875
3.18539
3.18923
3.1891
3.19063
3.18712
3.1855
3.18883
3.18883
3.18952
3.1879
3.18852
3.18723
3.18817
3.18944
3.19094
3.18391
3.17922
3.18059
3.18508
3.1869
3.18719
3.18854
3.19311
3.19663
3.1936
3.19542
3.20204
3.2026
3.19972
3.19955
3.19955
3.19644
3.19491
3.1896
3.18975
3.19231
3.19363
3.19192
3.18773
3.18763
3.18599
3.18361
3.18958
3.18958
3.18693
3.18954
3.18954
3.19244
3.19575
3.19619
3.19318
3.1921
3.19713
3.19789
3.194
3.18915
3.19211
3.18998
3.18981
3.18981
3.19022
3.19017
3.18805
3.18636
3.18984
3.19437
3.19437
3.19437
3.19338
3.1904
3.19027
3.19518
3.19518
3.19598
3.19562
3.1935
3.19178
3.18979
3.19124
3.1924
3.19164
3.18967
3.19396
3.19909
3.20121
3.19815
3.19839
3.19768
3.19306
3.19537
3.19329
3.19873
3.19906
3.18775
3.18775
3.19282
3.19378
3.19287
3.19391
3.19609
3.19519
3.19744
3.1997
3.1997
3.1997
3.20321
3.19982
3.19784
3.19715
3.19594
3.19379
3.1926
3.19959
3.20124
3.20124
3.20351
3.20075
3.20399
3.20193
3.19746
3.19999
3.1972
3.1972
3.19497
3.20243
3.20547
3.20522
3.20583
3.20921
3.20913
3.20526
3.20463
3.20246
3.20084
3.20097
3.19966
3.2016
3.19614
3.19614
3.19566
3.20181
3.19848
3.1954
3.19404
3.19003
3.18427
3.18354
3.18085
3.182
3.18559
3.19034
3.18782
3.19276
3.19323
3.1981
3.1935
3.1935
3.1976
3.19517
3.19406
3.19505
3.19458
3.19384
3.19336
3.195
3.19828
3.20276
3.19795
3.19795
3.19611
3.19048
3.1888
3.18983
3.18453
3.18711
3.18812
3.18796
3.19441
3.19072
3.19081
3.19081
3.18949
3.18577
3.18491
3.18208
3.1852
3.19254
3.18875
3.19179
3.1936
3.19346
3.194
3.19305
3.19201
3.19317
3.19544
3.19774
3.19971
3.2108
3.20799
3.20917
3.20563
3.19914
3.19606
3.19638
3.18833
3.19059
3.19246
3.19116
3.18472
3.18548
3.18401
3.18313
3.185
3.185
3.18417
3.18405
3.17945
3.17716
3.18171
3.18394
3.18487
3.18398
3.18217
3.17926
3.18628
3.19296
3.18696
3.18617
3.1852
3.18442
3.17993
3.17993
3.18021
3.18351
3.1792
3.18742
3.1864
3.18265
3.18289
3.17958
3.17466
3.17466
3.17681
3.17897
3.17665
3.17984
3.18033
3.18479
3.18806
3.18806
3.18982
3.1949
3.1888
3.18433
3.17735
3.18064
3.17889
3.17709
3.17634
3.17536
3.17227
3.17508
3.18038
3.18038
3.18105
3.18725
3.18527
3.18191
3.18753
3.18539
3.18742
3.18783
3.1873
3.19057
3.18629
3.19209
3.18978
3.18513
3.1881
3.18328
3.18775
3.18809
3.19039
3.18426
3.18337
3.18113
3.18239
3.18092
3.17805
3.17853
3.17732
3.17529
3.17816
3.17816
3.18019
3.17835
3.17953
3.17803
3.17817
3.18772
3.18423
3.19254
3.19625
3.19031
3.19291
3.18555
3.18502
3.1828
3.17954
3.18161
3.18174
3.17762
3.18663
3.18992
3.19074
3.1873
3.18896
3.19363
3.19363
3.19261
3.19215
3.18972
3.18978
3.19506
3.19036
3.18614
3.18555
3.19019
3.18573
3.1909
3.19148
3.18171
3.18176
3.18676
3.18504
3.1882
3.18976
3.18371
3.17856
3.1831
3.18588
3.18079
3.18079
3.18079
3.18239
3.18263
3.1768
3.18182
3.1779
3.1779
3.18378
