0.00177088 0.00178839
0.00686878 0.00684196
0.00686878 0.00684196
0.00686878 0.00684196
0.0149476 0.01469507
0.0149476 0.01469507
0.0149476 0.01469507
0.0149476 0.01469507
0.0149476 0.01469507
0.0149476 0.01469507
0.0149476 0.01469507
0.0256657 0.02572923
0.0256657 0.02572923
0.0387395 0.03902794
0.0387395 0.03902794
0.0535946 0.05443986
0.0535946 0.05443986
0.0535946 0.05443986
0.070405 0.07210215
0.0882478 0.09038495
0.0882478 0.09038495
0.107486 0.11082108
0.107486 0.11082108
0.127082 0.13219303
0.147528 0.15353637
0.147528 0.15353637
0.168121 0.18001991
0.189145 0.20584494
0.209831 0.23008169
0.231764 0.25562741
0.231764 0.25562741
0.231764 0.25562741
0.253097 0.28143971
0.253097 0.28143971
0.274228 0.30784225
0.296406 0.33245109
0.317006 0.35951491
0.337853 0.38613108
0.358396 0.41852144
0.37825 0.44224976
0.399114 0.46683521
0.418648 0.49523091
0.43455 0.52089157
0.451258 0.54848979
0.468374 0.57407567
0.487236 0.59688293
0.50282 0.62499725
0.521101 0.65135014
0.535144 0.67667471
0.548528 0.70134967
0.562549 0.72313533
0.574871 0.74449808
0.586994 0.76611812
0.597991 0.79087345
0.609374 0.81272190
0.621326 0.83563635
0.636516 0.85250442
0.647459 0.87580298
0.656688 0.89548155
0.669633 0.92001589
0.680411 0.93868254
0.689244 0.95704791
0.698666 0.97367147
0.710967 0.98917947
0.721561 1.00805659
0.730419 1.02796588
0.737926 1.04333352
0.745028 1.05883931
0.753088 1.07497349
0.762136 1.09123082
0.771455 1.11253909
0.778786 1.12540575
0.787482 1.13695390
0.793729 1.15010671
0.801635 1.15842092
0.811915 1.17771961
0.81882 1.19286265
0.823298 1.20653494
0.831427 1.21391692
0.836596 1.22566962
0.842757 1.24153325
0.846387 1.24761270
0.853923 1.26160824
0.860754 1.27242492
0.867097 1.28351068
0.873914 1.29441617
0.878024 1.29798711
0.884703 1.30498659
0.886475 1.31563515
0.891957 1.32941056
0.893242 1.34214191
0.897136 1.34741759
0.903447 1.35739633
0.909123 1.36398566
0.910882 1.37200752
0.913778 1.38129655
0.913778 1.38129655
0.916658 1.38649415
0.922172 1.39417621
0.924587 1.39923416
0.927657 1.40277555
0.928006 1.40996611
0.931478 1.41097960
0.936697 1.41683830
0.939735 1.42829193
0.94326 1.43317485
0.950169 1.43996140
0.951705 1.44563651
0.953311 1.44892474
0.953769 1.45867999
0.952989 1.46271498
0.955163 1.46890886
0.95229 1.47425846
0.95229 1.47425846
0.95076 1.47854118
0.951326 1.48357880
0.957064 1.48483710
0.965083 1.48870735
0.968993 1.49231309
0.972014 1.49490268
0.972062 1.49348255
0.973497 1.50251884
0.97268 1.50900093
0.971537 1.51423912
0.975416 1.51778570
0.976842 1.52123826
0.977444 1.51821985
0.977869 1.52078471
0.977969 1.53356057
0.975814 1.52805271
0.977305 1.53253173
0.978119 1.53763176
0.980493 1.54343488
0.986986 1.54468869
0.987371 1.54492876
0.989017 1.54017893
0.991158 1.54418082
0.995629 1.54679207
0.994903 1.55057474
0.997162 1.55858515
0.997675 1.56016948
0.995661 1.56942991
0.996934 1.56741588
0.999499 1.56505371
1.00389 1.56845120
1.0054 1.56802338
1.00205 1.57455362
1.00511 1.57898510
1.00334 1.57806686
1.00462 1.58001861
1.00456 1.57943970
1.00626 1.58067860
1.00718 1.58622562
1.00885 1.57962525
1.01027 1.58100610
1.01037 1.57812980
1.01298 1.58173168
1.01328 1.58861781
1.01705 1.59307499
1.01833 1.59569548
1.01574 1.59973802
1.01901 1.60430969
1.01923 1.60108887
1.01724 1.60160669
1.01938 1.59736841
1.01938 1.59736841
1.021 1.59852909
1.021 1.59852909
1.02408 1.60385731
1.02659 1.59529131
1.02521 1.60158055
1.0236 1.60752919
1.02357 1.60586593
1.02115 1.60460334
1.02231 1.61359687
1.02471 1.60678098
1.02835 1.60579661
1.02751 1.60510135
1.02681 1.60822991
1.02681 1.60822991
1.02728 1.61173278
1.0273 1.61838636
1.02625 1.62317364
1.02659 1.62260623
1.02576 1.62314035
1.02248 1.61946988
1.02152 1.61607068
1.01912 1.62446705
1.01912 1.62446705
1.02298 1.62250837
1.02489 1.62373927
1.02395 1.62215213
1.02559 1.62060607
1.02632 1.61133505
1.02512 1.61189892
1.02353 1.62141875
1.02479 1.62489348
1.02602 1.62251522
1.02403 1.62521040
1.02521 1.62330034
1.03124 1.63081593
1.03124 1.63081593
1.0312 1.62855700
1.03194 1.62794514
1.03415 1.62349857
1.03581 1.62945706
1.03175 1.63201819
1.03417 1.62715725
1.03417 1.62715725
1.03239 1.62818618
1.03298 1.63166473
1.03583 1.63719055
1.0381 1.64087435
1.03705 1.64022345
1.03674 1.64018352
1.03674 1.64018352
1.03598 1.63265088
1.03568 1.63341476
1.03721 1.63499878
1.03756 1.63456605
1.03951 1.63347896
1.03855 1.63280857
1.03695 1.63035283
1.03746 1.63473071
1.04051 1.63526123
1.04333 1.63657003
1.0421 1.64935554
1.03893 1.65224611
1.03694 1.64871821
1.03694 1.64871821
1.03552 1.64278705
1.03214 1.64239716
1.03214 1.64239716
1.0354 1.64033162
1.03497 1.64095330
1.03557 1.64010078
1.03635 1.64193070
1.0393 1.64208928
1.0397 1.64700641
1.04094 1.65035141
1.04341 1.65187965
1.04341 1.65187965
1.04272 1.65343968
1.03937 1.65469639
1.03906 1.65801555
1.03901 1.65288417
1.04071 1.65075073
1.03778 1.64025757
1.03636 1.64095607
1.03388 1.63619039
1.03179 1.63885113
1.0286 1.63705793
1.02783 1.63907262
1.02783 1.63907262
1.03347 1.63682712
1.03082 1.64265189
1.03579 1.64132877
1.03792 1.63675590
1.04426 1.63255795
1.04297 1.63281383
1.04204 1.62589125
1.0399 1.63057620
1.03883 1.62606467
1.0381 1.62879782
1.03847 1.63042977
1.03865 1.63792949
1.03865 1.63792949
1.03723 1.63244613
1.03819 1.63904066
1.03714 1.63883199
1.03836 1.64409190
1.03921 1.64370708
1.04022 1.64971947
1.03957 1.64229017
1.03823 1.64270551
1.03726 1.64409451
1.04111 1.64706077
1.0404 1.64995476
1.03938 1.64886252
1.0397 1.64869071
1.04085 1.64928336
1.03732 1.64813627
1.03962 1.65065143
1.03919 1.65072549
1.03886 1.65294341
1.04172 1.65984938
1.04112 1.65368611
1.03947 1.65377212
1.03777 1.65220065
1.03804 1.64985419
1.03725 1.65027131
1.03926 1.64864945
1.04097 1.64283182
1.04106 1.64808177
1.04707 1.64917187
1.04455 1.64769152
1.04222 1.64138862
1.04273 1.64176662
1.03878 1.63920115
1.03895 1.63969544
1.03986 1.64018978
1.04059 1.64067108
1.04019 1.63945330
1.03983 1.64518471
1.04005 1.64216465
1.03899 1.64042366
1.04055 1.63944153
1.04266 1.63578698
1.04234 1.63245134
1.04138 1.63534175
1.03628 1.63354271
1.0383 1.63546378
1.03852 1.64146235
1.03875 1.64554057
1.0366 1.64423020
1.0361 1.64660955
1.03548 1.64956260
1.03429 1.65328421
1.03638 1.65501439
1.03583 1.66258480
1.03765 1.65920951
1.03631 1.65421001
1.03864 1.64917977
1.0365 1.65273325
1.03783 1.64627053
1.0383 1.64154196
1.03949 1.63820203
1.04019 1.63966993
1.03901 1.64447284
1.04123 1.64287979
1.04123 1.64287979
1.04227 1.64280800
1.0432 1.65290614
1.03944 1.65433719
1.03812 1.64836136
1.03935 1.64902123
1.04415 1.65709374
1.04459 1.65724508
1.04483 1.65604641
1.04486 1.65391392
1.04401 1.64802346
1.0431 1.65196510
1.04313 1.64845168
1.03668 1.64685236
1.03751 1.64318323
1.03379 1.64475451
1.03513 1.65023125
1.03513 1.65023125
1.03814 1.64571950
1.03959 1.64987301
1.04141 1.65188507
1.04211 1.65122044
1.04211 1.65122044
1.04358 1.64853225
1.04249 1.65046383
1.04141 1.64909690
1.03933 1.64841621
1.04062 1.64993326
1.04281 1.65022430
1.04704 1.64977304
1.04891 1.64584419
1.04791 1.64370375
1.04855 1.65072368
1.05139 1.64685035
1.0483 1.64925168
1.04586 1.64672890
1.04429 1.65137749
1.04429 1.65137749
1.04107 1.64864677
1.04016 1.64769353
1.04048 1.65203662
1.04048 1.65203662
1.03921 1.64988643
1.03797 1.65056169
1.03967 1.65197876
1.04249 1.64972009
1.04324 1.64793770
1.04626 1.64973459
1.04496 1.64901237
1.045 1.64998355
1.04283 1.64886449
1.04168 1.65214835
1.04401 1.65342023
1.04515 1.65100365
1.04746 1.64886219
1.04673 1.64846964
1.04411 1.65620502
1.04164 1.65810481
1.03857 1.65573700
1.04159 1.65130383
1.04213 1.65125630
1.04338 1.65397798
1.04337 1.64957095
1.0418 1.65306292
1.04274 1.65477379
1.04427 1.65440940
1.0466 1.64871147
1.04623 1.64781485
1.04802 1.64351199
1.0455 1.64190405
1.04499 1.63869632
1.04606 1.63834517
1.04682 1.64198418
1.04811 1.64897955
1.04847 1.65171860
1.05095 1.65399172
1.0487 1.64959105
1.04526 1.64870262
1.04791 1.64764700
1.04631 1.64876568
1.05177 1.64630339
1.04851 1.64321871
1.04571 1.64388582
1.04489 1.64896662
1.04604 1.65081241
1.04593 1.64714964
1.04283 1.65317123
1.0433 1.65538372
1.04458 1.64686360
1.04453 1.64275851
1.04453 1.64275851
1.04061 1.64790364
1.04032 1.65241490
1.04032 1.65241490
1.0416 1.64999651
1.04473 1.64737393
1.04235 1.65053768
1.04229 1.65894190
1.04301 1.65785313
1.04095 1.65770731
1.04147 1.65189989
1.04154 1.64867674
1.04154 1.64867674
1.03543 1.64609778
1.03639 1.64400348
1.03667 1.64413052
1.03675 1.63683683
1.04049 1.62840359
1.0402 1.63070678
1.03738 1.62970056
1.03805 1.62774399
1.03585 1.63497189
1.03434 1.63975862
1.03292 1.64291762
1.03292 1.64463154
1.03491 1.64067432
1.03571 1.64440073
1.0376 1.64340290
1.03888 1.64469036
1.03888 1.64469036
1.03883 1.64254623
1.03883 1.64254623
1.03876 1.64092132
1.03524 1.63900720
1.03828 1.63748265
1.04103 1.63816298
1.04103 1.63816298
1.04336 1.64109723
1.04336 1.64109723
1.04254 1.63961513
1.04085 1.63968707
1.04085 1.63968707
1.04053 1.64304691
1.03764 1.63494097
1.03714 1.64282781
1.03482 1.64680050
1.03392 1.64586831
1.03439 1.64595915
1.03456 1.64723827
1.03297 1.64841130
1.03585 1.64847111
1.03807 1.64891682
1.04269 1.65287239
1.04109 1.65206873
1.03805 1.64787172
1.03927 1.65173698
1.0397 1.64739916
1.04199 1.64290535
1.04241 1.64024735
1.04241 1.64024735
1.04078 1.64478544
1.04078 1.64478544
1.04246 1.64504951
1.04523 1.64601328
1.04751 1.64696949
1.04739 1.64889208
1.04704 1.64883806
1.04642 1.65125156
1.04802 1.65162842
1.04437 1.64550000
1.04409 1.63900321
1.04149 1.63772747
1.04119 1.63949723
1.03962 1.64509077
1.03876 1.65042654
1.04237 1.65212736
1.04201 1.64923238
1.04413 1.65370197
1.04282 1.64971812
1.04181 1.65183805
1.04355 1.65031204
1.04316 1.65016049
1.04399 1.65182876
1.0432 1.65136331
1.04158 1.64965159
1.04279 1.64587445
1.04082 1.65221422
1.04358 1.65529912
1.04208 1.65826405
1.04017 1.66138990
1.04169 1.66043767
1.04131 1.65580711
1.04123 1.64989470
1.04023 1.65215034
1.04072 1.64776138
1.04085 1.64518166
1.04159 1.64445870
1.04067 1.64896489
1.04092 1.64718016
1.04253 1.64413898
1.04147 1.64070144
1.04161 1.63694031
1.04187 1.63489878
1.04164 1.63609996
1.04407 1.63002895
1.04438 1.63453239
1.04109 1.64035005
1.04191 1.64190536
1.04193 1.64403405
1.04366 1.64143230
1.04465 1.64393032
1.04757 1.64169492
1.04982 1.64579258
1.04793 1.64827939
1.0444 1.64947335
1.03926 1.64343606
1.03916 1.64254299
1.04148 1.63714723
1.03961 1.64010513
1.04136 1.64408110
1.04078 1.64368671
1.0431 1.64612710
1.04006 1.63691540
1.03967 1.64095681
1.03951 1.63415841
1.03989 1.63514047
1.03994 1.63775918
1.03994 1.63775918
1.04169 1.64415655
1.04169 1.64415655
1.04098 1.65086050
1.04062 1.64842276
1.04294 1.64560724
1.04375 1.63836792
1.04373 1.64244212
1.0439 1.64310573
1.0464 1.64193780
1.04575 1.65259109
1.04575 1.65259109
1.04395 1.64860547
1.0448 1.64004662
1.04068 1.64527511
1.04209 1.64071317
1.04268 1.64123148
1.04296 1.64157577
1.04511 1.64295378
1.04308 1.64598056
1.04452 1.64008181
1.04711 1.64208297
1.04435 1.63710644
1.04296 1.63691409
1.04372 1.63687502
1.04351 1.64375876
1.04155 1.64475927
1.04169 1.64617764
1.04255 1.64953819
1.03749 1.64819785
1.03776 1.64895448
1.03404 1.64875492
1.03404 1.64875492
1.03652 1.64850153
1.036 1.64668196
1.0355 1.65053306
1.03585 1.65216044
1.03585 1.65216044
1.03678 1.65849766
1.0357 1.65730671
1.03425 1.65376581
1.03577 1.65194734
1.03376 1.65332805
1.03325 1.65426656
1.03572 1.65721513
1.03572 1.65721513
1.03719 1.65604901
1.03607 1.65145668
1.03607 1.65145668
1.03555 1.64883068
1.03899 1.64881165
1.03861 1.64812418
1.03671 1.65135128
1.03253 1.65495937
1.03267 1.65087282
1.03267 1.65087282
1.03287 1.64719526
1.03388 1.64625023
1.03417 1.64984282
1.037 1.64488031
1.03804 1.64796699
1.03829 1.65092589
1.03998 1.65207646
1.0416 1.65439677
1.04321 1.64760419
1.04281 1.64194356
1.04258 1.64511734
1.04138 1.64621444
1.04437 1.64774057
1.04082 1.64072987
1.04209 1.63618922
1.04605 1.63963304
1.04424 1.63889605
1.04522 1.63984137
1.04291 1.64420388
1.04281 1.64481378
1.03998 1.64545696
1.03705 1.64283341
1.03832 1.64060889
1.03654 1.64356714
1.03873 1.64818578
1.03779 1.65080381
1.03779 1.65080381
1.04161 1.64730059
1.04209 1.64352209
1.0455 1.64499324
1.04546 1.64659119
1.04546 1.64659119
1.04657 1.64684486
1.04664 1.65237219
1.04636 1.64920164
1.04325 1.64845697
1.03865 1.65349581
1.03865 1.65349581
1.04035 1.65004760
1.04048 1.64720825
1.04056 1.64361718
1.04113 1.63854980
1.0409 1.64028185
1.04167 1.64065650
1.04173 1.63544614
1.04257 1.64181175
1.04216 1.64414509
1.04145 1.64997968
1.04173 1.64635791
1.0394 1.64691174
1.0365 1.65149451
1.03841 1.64594398
1.03844 1.64508155
1.03714 1.64092324
1.03859 1.64387426
1.0394 1.64091802
1.04154 1.64242868
1.04119 1.64661766
1.04256 1.64162801
1.04209 1.64385147
1.04208 1.64588694
1.04688 1.64493824
1.04871 1.64597869
1.049 1.65007723
1.05084 1.65178404
1.04895 1.64581043
1.04878 1.64820937
1.0476 1.64870985
1.0476 1.64870985
1.04636 1.64839949
1.04768 1.64764924
1.05101 1.64861674
1.05072 1.64641011
1.04965 1.64481129
1.04896 1.63630362
1.05088 1.63950392
1.05075 1.64018310
1.05008 1.63952789
1.04838 1.63902999
1.04819 1.63841113
1.04992 1.63979115
1.04828 1.64344954
1.04876 1.63746154
1.04819 1.63863352
1.04456 1.63579671
1.04327 1.63221733
1.0455 1.62867773
1.04874 1.62177957
1.04783 1.62060979
1.04806 1.62602802
1.04494 1.61599633
1.04237 1.61926762
1.04398 1.61835513
1.04398 1.61835513
1.04439 1.62450998
1.04172 1.63016770
1.04279 1.62884293
1.04418 1.63475038
1.04316 1.63405305
1.04684 1.64110490
1.04429 1.64134090
1.04089 1.64395058
1.04131 1.63659487
1.04275 1.63719636
1.04756 1.63720459
1.04716 1.63551151
1.0443 1.64149521
1.0443 1.63786318
1.04177 1.63748881
1.04288 1.63869367
1.04199 1.63749398
1.04238 1.64165859
1.04238 1.64165859
1.04297 1.64369922
1.04568 1.64425557
1.04661 1.64164755
1.04618 1.64092699
1.04998 1.64106613
1.05086 1.64309681
1.04908 1.65085925
1.05132 1.65227949
1.05029 1.64922225
1.04911 1.65300767
1.05071 1.65461288
1.05257 1.65359000
1.05132 1.65906072
1.05095 1.66118409
1.05168 1.65986876
1.05399 1.65715759
1.05369 1.64680866
1.05399 1.63466918
1.05309 1.64575509
1.04888 1.64646838
1.04718 1.64538635
1.04291 1.64411251
1.04153 1.64851968
1.04117 1.64140581
1.03983 1.64684528
1.04045 1.64877808
1.04365 1.64492807
1.04222 1.64095198
1.04297 1.63968829
1.04346 1.63832843
1.04907 1.64324685
1.04908 1.64082296
1.04926 1.64427765
1.05058 1.64707182
1.0506 1.64517995
1.05187 1.65029680
1.0527 1.64940733
1.05029 1.64990802
1.05114 1.65130601
1.05015 1.64864986
1.05185 1.64964037
1.05082 1.65336078
1.05082 1.65336078
1.05181 1.65955607
1.0523 1.65901970
1.04802 1.65700198
1.04872 1.66373637
1.04509 1.66047998
1.04724 1.65764206
1.04647 1.65463683
1.04705 1.65446619
1.04857 1.65961550
1.04657 1.65979760
1.04634 1.66039781
1.04792 1.66218741
1.04585 1.66517973
1.04686 1.66309044
1.04655 1.66069523
1.04531 1.66181248
1.04438 1.66153265
1.04446 1.66176583
1.04781 1.66018840
1.04847 1.66566458
1.05168 1.66203274
1.04992 1.65770253
1.04995 1.65695571
1.04969 1.65635451
1.05024 1.65737818
1.05019 1.65228577
1.0503 1.65468136
1.0477 1.65570277
1.04756 1.65700697
1.04756 1.65700697
1.04726 1.66076237
1.04726 1.66076237
1.04394 1.66757636
1.04299 1.66337693
1.04035 1.66316570
1.03726 1.66429410
1.03784 1.65792565
1.03806 1.65337004
1.03891 1.64973690
1.04234 1.64538924
1.04267 1.64406045
1.04001 1.65445288
1.04172 1.65115213
1.04151 1.64564211
1.04201 1.64508521
1.04026 1.63593305
1.04134 1.64571344
1.04134 1.64571344
1.03937 1.64467453
1.03707 1.64323889
1.03678 1.64178060
1.03717 1.64705367
1.03548 1.64792086
1.03711 1.64506667
1.03815 1.63862363
1.03595 1.63615377
1.03664 1.63973603
1.03741 1.63734009
1.03703 1.63921586
1.03623 1.63906729
1.03484 1.63978821
1.03392 1.64237144
1.03273 1.63911984
1.03481 1.63585524
1.03804 1.63810135
1.03692 1.64243361
1.03598 1.63991861
1.03823 1.64700747
1.04115 1.64050051
1.03913 1.64020474
1.03983 1.64235696
1.04008 1.63572544
1.03685 1.63246838
1.03657 1.63342232
1.03727 1.62673985
1.03944 1.62912866
1.03929 1.63556944
1.04147 1.63767117
1.0427 1.63764022
1.0427 1.63764022
1.04575 1.63204622
1.04639 1.63121353
1.04407 1.62894728
1.04858 1.63402009
1.04554 1.63310150
1.0456 1.63225171
1.0456 1.63739221
1.04441 1.64229845
1.04343 1.64457697
1.04098 1.64884816
1.04358 1.65493034
1.04358 1.65493034
1.04312 1.65536662
1.04696 1.64781739
1.04282 1.64680735
1.04282 1.64680735
1.04056 1.64923189
1.03955 1.65558060
1.03955 1.65558060
1.04113 1.65140225
1.03872 1.64669201
1.04137 1.64818971
1.03969 1.64580602
1.03684 1.64538599
1.03762 1.64738173
1.03762 1.64738173
1.03577 1.64112483
1.03912 1.64055142
1.04234 1.64374993
1.04117 1.64053852
1.04307 1.64423089
1.04312 1.64815596
1.04401 1.64605732
1.0427 1.64394734
1.04089 1.64131391
1.04217 1.64279935
1.04558 1.63952299
1.04306 1.63572888
1.04174 1.63833720
1.0403 1.63326169
1.04206 1.62878712
1.04102 1.63032416
1.04068 1.63110466
1.03959 1.63889565
1.03867 1.63517890
1.04125 1.63069489
1.04008 1.63455151
1.04487 1.63549969
1.04304 1.63869303
1.04405 1.63595737
1.04292 1.64048781
1.04154 1.64083751
1.04031 1.63784244
1.03878 1.64238768
1.03915 1.64526106
1.0385 1.64545468
1.0387 1.64320305
1.0387 1.64320305
1.0396 1.63990107
1.03932 1.63494965
1.0417 1.63710979
1.0417 1.63710979
1.04396 1.64305581
1.04047 1.64561903
1.04291 1.64743353
1.04388 1.64465012
1.04176 1.64592304
1.04124 1.64912100
1.0418 1.64999452
1.04378 1.64548744
1.04246 1.64210601
1.04247 1.64459934
1.04058 1.64341619
1.03864 1.64716590
1.03798 1.65013402
1.04084 1.65157958
1.04084 1.65157958
1.03993 1.64886710
1.04235 1.65648737
1.04011 1.65592734
1.03864 1.65832477
1.03727 1.64924250
1.03828 1.65218301
1.037 1.64772358
1.04146 1.65183474
1.04126 1.64615023
1.04263 1.64220880
1.04162 1.63833740
1.04162 1.63833740
1.0424 1.63705644
1.04464 1.63420928
1.04355 1.63480412
1.04293 1.63991949
1.04293 1.63991949
1.04331 1.64331722
1.04331 1.64331722
1.04414 1.64535120
1.04188 1.64546348
1.04175 1.64723935
1.04403 1.64729587
1.04671 1.64839039
1.0461 1.64605191
1.0461 1.64605191
1.04509 1.64724909
1.0457 1.64675938
1.04652 1.64268813
1.04652 1.64268813
1.04879 1.64066635
1.04695 1.64307585
1.04686 1.64663963
1.04654 1.65832782
1.04489 1.65321296
1.04353 1.64759668
1.04402 1.65140862
1.04402 1.65140862
1.04835 1.64687198
1.05158 1.64446218
1.0536 1.64646121
1.05605 1.65206145
1.05683 1.65020128
1.05448 1.65058457
1.05585 1.65345884
1.05585 1.65345884
1.05313 1.65013436
1.05425 1.65506882
1.05256 1.65316967
1.05024 1.65628306
1.0486 1.65285622
1.04891 1.65569394
1.04564 1.65223834
1.04324 1.65582668
1.04173 1.65088225
1.04187 1.65271136
1.04079 1.64784990
1.04289 1.64795883
1.04289 1.64795883
1.04392 1.65393161
1.04406 1.65826949
1.04281 1.65789638
1.04693 1.65542709
1.04777 1.65068343
1.04764 1.64917251
1.04566 1.65180600
1.04217 1.64805387
1.043 1.64474035
1.04302 1.64943368
1.04249 1.65075908
1.04098 1.66325226
1.04008 1.66384168
1.03844 1.66794911
1.04061 1.66702871
1.04191 1.66786042
1.04275 1.66614973
1.04023 1.66160060
1.04137 1.65987098
1.04084 1.65642263
1.04218 1.65504947
1.04113 1.65248767
1.03783 1.65618892
1.04027 1.65544000
1.04027 1.65544000
1.04018 1.65073001
1.04142 1.64227138
1.04011 1.63598167
1.04004 1.63268162
1.03713 1.62638753
1.03652 1.62811672
1.03871 1.63237885
1.03736 1.63961667
1.03988 1.63810890
1.04326 1.63988533
1.0442 1.63584058
1.04802 1.63428323
1.04957 1.62643603
1.04916 1.62260465
1.0513 1.61984742
1.04896 1.62435821
1.04851 1.63105102
1.04573 1.63167776
1.04442 1.63618619
1.04442 1.63618619
1.04565 1.63618866
1.04244 1.63786873
1.04101 1.63283385
1.04414 1.63443107
1.0447 1.63398610
1.04541 1.64221139
1.04614 1.64797796
1.04536 1.64370127
1.04293 1.64019957
1.04308 1.64050215
1.04275 1.63948168
1.04047 1.64051836
1.03932 1.64126071
1.03983 1.64322147
1.03983 1.64322147
1.03913 1.64241514
1.04062 1.64225784
1.03805 1.63681592
1.03858 1.63463308
1.04029 1.63499225
1.03679 1.62900604
1.03679 1.62900604
1.03938 1.63381132
1.04059 1.63528844
1.04231 1.63749023
1.04244 1.63861784
1.04306 1.63649576
1.04222 1.65158104
1.04272 1.65032129
1.04155 1.65052880
1.03924 1.64422890
1.03978 1.64734133
1.03934 1.65009942
1.042 1.64743981
1.04123 1.64558870
1.04019 1.64768029
1.04064 1.64673064
1.04007 1.65021223
1.03768 1.64532208
1.04003 1.65119583
1.04246 1.65188236
1.04373 1.64580890
1.0432 1.64910238
1.04337 1.65574979
1.04305 1.65160102
1.04234 1.65553051
1.04014 1.66072729
1.04329 1.66069899
1.04153 1.66065593
1.04172 1.65776129
1.04147 1.65724390
1.04147 1.65724390
1.04147 1.65724390
1.04064 1.65488117
1.04216 1.65489417
1.04216 1.65489417
1.03964 1.65670265
1.04068 1.65404787
1.04604 1.65425989
1.04767 1.65298717
1.0494 1.65044528
1.05043 1.64608947
1.05043 1.64608947
1.05069 1.64813783
1.0469 1.64907937
1.04271 1.65154918
1.04298 1.65416184
1.04246 1.66204539
1.04203 1.65547140
1.04361 1.65575865
1.04312 1.65631955
1.03915 1.65710083
1.04112 1.65935409
1.03957 1.66644806
1.04141 1.66452489
1.04232 1.66642823
1.04247 1.66409189
1.04291 1.66375518
1.04257 1.66175670
1.04396 1.65813162
1.04718 1.65822101
1.04725 1.65823694
1.04665 1.65661479
1.04841 1.64863529
1.0464 1.64532776
1.04696 1.64493731
1.04527 1.63862870
1.04604 1.63822944
1.04299 1.64011943
1.04283 1.64167599
1.04283 1.64167599
1.04273 1.64363241
1.04456 1.64234214
1.047 1.63458987
1.047 1.63458987
1.04523 1.63834544
1.04226 1.64695521
1.04128 1.64613370
1.04541 1.64346307
1.0444 1.64067327
1.04252 1.63872665
1.04035 1.64034242
1.04465 1.63578779
1.04733 1.63204681
1.04909 1.63300130
1.05085 1.63581852
1.05085 1.63581852
1.05085 1.63581852
1.04949 1.63161938
1.04952 1.63004357
1.05169 1.63768421
1.05234 1.64247036
1.04924 1.65001248
1.04928 1.65663096
1.05019 1.65064712
1.05042 1.65462793
1.04758 1.64814177
1.04646 1.64269391
1.04427 1.64619987
1.04655 1.64872030
1.04531 1.64692060
1.04459 1.65035137
1.04114 1.65065220
1.03635 1.65769667
1.03634 1.66248905
1.03759 1.66534601
1.03731 1.66517525
1.04115 1.66734844
1.0389 1.65867752
1.04067 1.65350015
1.04199 1.65353557
1.04264 1.65838929
1.04001 1.65498630
1.04111 1.65527182
1.04465 1.66149536
1.04364 1.65620705
1.04489 1.66018502
1.04468 1.66114560
1.04341 1.66241001
1.04378 1.66214216
1.0438 1.65906414
1.0438 1.65906414
1.04319 1.65424668
1.04291 1.64880829
1.04406 1.64468248
1.04371 1.63758357
1.04706 1.64723190
1.04699 1.64994856
1.04766 1.65454443
1.04273 1.65706528
1.04396 1.65870475
1.04038 1.66488039
1.04177 1.66610841
1.04294 1.66666279
1.04451 1.66709782
1.04602 1.66451726
1.04803 1.66178930
1.04866 1.65940306
1.04718 1.65866113
1.04473 1.66372158
1.0442 1.66306413
1.04675 1.65906500
1.04693 1.66930303
1.04693 1.66930303
1.04316 1.67229585
1.04236 1.67182238
1.04061 1.66822861
1.0367 1.66788946
1.03464 1.66694715
1.03478 1.66134395
1.0387 1.66313175
1.04191 1.66677889
1.0422 1.66250160
1.04407 1.66081133
1.04629 1.66555465
1.04838 1.66976797
1.04225 1.66720869
1.04411 1.66968197
1.0417 1.67294500
1.04485 1.67610494
1.04485 1.67610494
1.04485 1.67610494
1.04476 1.67359770
1.04292 1.67299033
1.04452 1.66411749
1.04421 1.66330810
1.04715 1.65703146
1.04769 1.65699393
1.04762 1.65807414
1.04504 1.65781859
1.04721 1.65088296
1.04869 1.65288090
1.05025 1.65591662
1.0527 1.65514605
1.04974 1.65688212
1.04966 1.65982515
1.04913 1.65775608
1.04379 1.65635935
1.03735 1.66094068
1.03721 1.65333122
1.03874 1.65317900
1.03888 1.65497054
1.04288 1.65189457
1.04269 1.64627875
1.04096 1.64267104
1.03702 1.63868593
1.03427 1.63879320
1.03678 1.64354496
1.04006 1.63442616
1.04006 1.63442616
1.042 1.63267594
1.04103 1.63177203
1.03956 1.62872324
1.0379 1.63057442
1.03846 1.63999192
1.03921 1.64102049
1.04058 1.63788284
1.04068 1.63878047
1.04114 1.62947913
1.04284 1.62941869
1.04179 1.62698090
1.04202 1.62510062
1.04156 1.62669226
1.04098 1.62088403
1.04155 1.62421849
1.04132 1.63007875
1.04121 1.62656473
1.04232 1.62853226
1.0427 1.62616689
1.04533 1.63193326
1.0429 1.63807771
1.04203 1.64443667
1.04228 1.64234725
1.04179 1.64665288
1.0418 1.63981953
1.04272 1.64436300
1.04131 1.64331096
1.04149 1.64336761
1.04181 1.64477204
1.04155 1.64706145
1.03922 1.64883634
1.03637 1.65527179
1.03792 1.65967891
1.03634 1.66261938
1.03436 1.66203619
1.03216 1.65998731
1.03562 1.66402028
1.03555 1.66463813
1.03467 1.66008452
1.03367 1.65706480
1.03293 1.65346209
1.03143 1.65313418
1.03415 1.65241127
1.03415 1.65241127
1.03417 1.64986411
1.03408 1.65612125
1.03843 1.65096897
1.03639 1.64957955
1.03867 1.64837218
1.03838 1.64823737
1.04079 1.64313091
1.04028 1.64484907
1.0439 1.64851055
1.0439 1.64851055
1.04473 1.64355002
1.04494 1.64529036
1.04283 1.64352475
1.04244 1.64745513
1.04299 1.64995069
1.04299 1.64995069
1.04034 1.64919891
1.04382 1.64092339
1.04337 1.63842655
1.04337 1.63842655
1.0427 1.63590315
1.04375 1.64173727
1.03957 1.63959855
1.04041 1.63934891
1.043 1.63703416
1.0452 1.63501507
1.04815 1.63078277
1.04214 1.63463424
1.0394 1.63797236
1.03616 1.64457152
1.03623 1.63654425
1.0383 1.63938671
1.0353 1.64123622
1.03442 1.63455580
1.03189 1.63316919
1.02874 1.63479133
1.03097 1.63475140
1.03282 1.62859347
1.03452 1.63095758
1.03009 1.62597652
1.03026 1.62857001
1.02954 1.63138117
1.02954 1.63138117
1.0317 1.62657289
1.03374 1.62810053
1.03546 1.63080724
1.03623 1.63460323
1.03511 1.63589783
1.03415 1.63271934
1.03544 1.62828705
1.03544 1.62828705
1.03735 1.62357010
1.03776 1.62132657
1.03864 1.62699506
1.03851 1.62927299
1.04092 1.63352024
1.04157 1.62847200
1.04157 1.62847200
1.04252 1.63312156
1.04476 1.64477868
1.04206 1.64897590
1.04128 1.65667420
1.04128 1.65667420
1.0418 1.65851758
1.03994 1.65750243
1.03859 1.65456535
1.04021 1.64931733
1.04065 1.65184891
1.04129 1.64938959
1.04064 1.64814454
1.04432 1.64672913
1.04282 1.64244915
1.04338 1.65025944
1.04503 1.64935875
1.04567 1.64996025
1.04531 1.65148286
1.04888 1.64263486
1.04984 1.64093672
1.04984 1.64093672
1.04854 1.64049633
1.04785 1.64107969
1.04516 1.63832907
1.04285 1.63766448
1.04192 1.63558543
1.04192 1.63558543
1.04002 1.63389452
1.04336 1.63517823
1.04222 1.63588045
1.04051 1.63987661
1.04051 1.63987661
1.04016 1.64145869
1.03648 1.64609133
1.03161 1.64584778
1.03161 1.64584778
1.03148 1.64487493
1.03745 1.64782919
1.04317 1.64214263
1.04554 1.64409535
1.04669 1.64096104
1.04544 1.64157817
1.04404 1.64166942
1.04617 1.64122190
1.04322 1.64093798
1.04184 1.64226466
1.04184 1.64226466
1.04226 1.64139266
1.04131 1.64127743
1.04131 1.64127743
1.04548 1.63852219
1.04334 1.63840860
1.04576 1.63681197
1.04583 1.63896586
1.04448 1.63809047
1.04518 1.63941611
1.04385 1.63534385
1.04735 1.63092476
1.04514 1.63779089
1.04261 1.63902293
1.03847 1.64379187
1.03658 1.64501456
1.03658 1.64501456
1.03812 1.64689308
1.0393 1.64950435
1.0393 1.64950435
1.04285 1.64651570
1.04094 1.65023431
1.04211 1.64738845
1.04242 1.65059163
1.04242 1.65059163
1.04242 1.65059163
1.04389 1.65050310
1.04377 1.64542655
1.04387 1.65108876
1.04342 1.64759204
1.04275 1.64878172
1.04559 1.64935843
1.04813 1.65062018
1.05015 1.65345109
1.04933 1.65680090
1.04804 1.66048127
1.04593 1.65172825
1.04543 1.65671268
1.04543 1.65671268
1.04603 1.65708085
1.04947 1.64955545
1.04763 1.64978900
1.04868 1.64748671
1.04868 1.64748671
1.04543 1.64152886
1.04394 1.64568334
1.04354 1.64534167
1.04218 1.64644467
1.03709 1.64323475
1.04064 1.64038608
1.0393 1.63865215
1.03875 1.63272694
1.03642 1.63656357
1.03782 1.64070096
1.03981 1.64750989
1.03978 1.65066524
1.0415 1.64053760
1.04267 1.64365983
1.04167 1.64257798
1.0397 1.64906462
1.04278 1.64625178
1.0421 1.64499281
1.04223 1.64104588
1.04175 1.64255725
1.04327 1.64479900
1.0433 1.64954999
1.04652 1.64869310
1.04568 1.65629530
1.05007 1.65406650
1.05224 1.65228462
1.05332 1.65170781
1.05332 1.65170781
1.04984 1.65162712
1.05067 1.65643283
1.05047 1.65362541
1.05047 1.65362541
1.05221 1.65507456
1.0531 1.65464236
1.05564 1.65325617
1.0534 1.65274132
1.0534 1.65274132
1.05215 1.64995257
1.05031 1.65669666
1.04792 1.65598430
1.0447 1.65647357
1.04355 1.65965147
1.04355 1.65965147
1.04727 1.66004066
1.046 1.65789361
1.04637 1.66380258
1.04597 1.66147866
1.04642 1.66180359
1.04642 1.66180359
1.04558 1.66384600
1.04592 1.65950340
1.04851 1.65597729
1.04902 1.64985075
1.05312 1.64616099
1.05012 1.64711054
1.04919 1.63867305
1.04695 1.64243987
1.04608 1.63901358
1.0457 1.64592021
1.04412 1.64717506
1.04295 1.64537651
1.04511 1.64811866
1.04539 1.64635575
1.04528 1.64553761
1.04357 1.65203109
1.04233 1.64123195
1.04026 1.64223462
1.03909 1.64664090
1.04119 1.64414733
1.03912 1.64633868
1.03921 1.64527768
1.04109 1.64427635
1.04268 1.64872226
1.04162 1.64976836
1.04228 1.64906888
1.04376 1.64321700
1.04081 1.64407471
1.04017 1.64516179
1.0421 1.64941849
1.04441 1.65577132
1.04468 1.65292062
1.04306 1.65698499
1.04452 1.65048980
1.04534 1.64630289
1.04534 1.64630289
1.04534 1.64630289
1.04435 1.63960242
1.04663 1.63843098
1.04776 1.64799304
1.04614 1.65383193
1.04357 1.65169199
1.04164 1.64999247
1.04247 1.65038833
1.04219 1.64532283
1.03966 1.64591170
1.03549 1.64153497
1.03181 1.64438329
1.03453 1.64416966
1.03644 1.64325637
1.03712 1.64183518
1.0422 1.63750219
1.0422 1.63750219
1.04085 1.63565230
1.04085 1.63565230
1.0423 1.63698001
1.04286 1.63815574
1.04173 1.64117575
1.04116 1.64521965
1.03733 1.63967486
1.03739 1.64046780
1.03826 1.64225435
1.04236 1.63561556
1.04266 1.63469845
1.04326 1.63885853
1.0439 1.63730618
1.04377 1.64277092
1.0433 1.64522008
1.04446 1.64482483
1.04277 1.64437156
1.0435 1.64213529
1.04423 1.64391781
1.0455 1.63607528
1.04387 1.63845182
1.04143 1.63336832
1.03811 1.62863804
1.03961 1.63496420
1.0389 1.63381455
1.03596 1.63421588
1.03443 1.63547043
1.03443 1.63547043
1.0325 1.64088269
1.0325 1.64088269
1.03388 1.63966668
1.0346 1.64649997
1.0373 1.64855939
1.03685 1.64589367
1.0403 1.64056258
1.04516 1.63534484
1.04255 1.64650555
1.04516 1.64304156
1.04278 1.64230346
1.04273 1.64541309
1.04166 1.63743930
1.04075 1.63367300
1.03931 1.63503042
1.03931 1.63503042
1.03633 1.64114996
1.03656 1.63789129
1.03794 1.63702695
1.03984 1.63084907
1.04285 1.63028199
1.04013 1.62647122
1.03772 1.63497706
1.03842 1.63239781
1.04193 1.63600463
1.04198 1.63553673
1.04475 1.64405534
1.04613 1.64128024
1.04603 1.64500729
1.04596 1.64122584
1.04391 1.64052480
1.0443 1.64435093
1.0443 1.64435093
1.04384 1.64534711
1.04213 1.64272406
1.04087 1.64602315
1.04183 1.64592011
1.04357 1.64839996
1.04357 1.64839996
1.04216 1.65081255
1.04243 1.65231944
1.04544 1.65725460
1.04428 1.65552722
1.04393 1.65223698
1.04461 1.64836146
1.04492 1.64398632
1.04664 1.64385761
1.046 1.64485590
1.04963 1.64837226
1.05145 1.64784094
1.05142 1.64845240
1.04998 1.64487323
1.05019 1.64919739
1.05275 1.65390247
1.05275 1.65390247
1.05279 1.66170881
1.05493 1.66497979
1.05338 1.65684782
1.05096 1.65480306
1.05096 1.65480306
1.05096 1.65480306
1.05075 1.65870117
1.04972 1.66251801
1.04533 1.65783495
1.04731 1.65502433
1.04577 1.65293855
1.04503 1.65280437
1.04528 1.65373419
1.04053 1.65069965
1.04366 1.65025555
1.04289 1.65234905
1.042 1.65184589
1.04228 1.65929739
1.03973 1.65173970
1.04283 1.65079309
1.03995 1.64941533
1.03888 1.65338900
1.03663 1.65804873
1.03729 1.65634504
1.0395 1.65290785
1.03942 1.64861914
1.03991 1.65101951
1.03968 1.64176897
1.03946 1.65081185
1.04474 1.64726454
1.04691 1.64235964
1.04615 1.64418385
1.04375 1.64093652
1.04344 1.63981335
1.04291 1.64379655
1.04221 1.64286670
1.04015 1.63926955
1.04331 1.64085704
1.04466 1.64075916
1.0451 1.64443775
1.04565 1.64695206
1.04579 1.64619686
1.04593 1.64029152
1.04781 1.64220887
1.04599 1.63797009
1.04717 1.64047392
1.04691 1.64495466
1.05001 1.64078758
1.05178 1.64012483
1.05219 1.63861673
1.04786 1.63552381
1.05064 1.63717146
1.0523 1.64310269
1.0523 1.64310269
1.05433 1.64115332
1.05362 1.64291977
1.05157 1.64142173
1.05255 1.63751952
1.05184 1.64066417
1.04803 1.64192549
1.04702 1.65016789
1.04606 1.65138255
1.04744 1.65485455
1.04724 1.65222374
1.04706 1.65738280
1.04406 1.66100455
1.044 1.65772730
1.04346 1.65082635
1.0425 1.64900354
1.04097 1.64407812
1.04126 1.64823036
1.0442 1.64625140
1.046 1.64243066
1.046 1.64243066
1.04654 1.64735671
1.04654 1.64735671
1.05144 1.64702019
1.05003 1.65043523
1.05075 1.64951875
1.05032 1.64551249
1.05054 1.64593766
1.04913 1.65140880
1.04703 1.65434243
1.04735 1.65820893
1.04543 1.65771403
1.04889 1.66312973
1.04603 1.65711762
1.04487 1.65636163
1.04364 1.65841193
1.04342 1.65686261
1.04756 1.65477310
1.0459 1.65385793
1.04594 1.65104891
1.0416 1.64756684
1.04423 1.64495788
1.04762 1.64403592
1.04598 1.64103670
1.04734 1.65102202
1.04634 1.64788517
1.04634 1.64788517
1.04712 1.64379161
1.04476 1.63925400
1.0416 1.63557093
1.04392 1.63872027
1.04153 1.63253602
1.04313 1.63039225
1.04134 1.63390081
1.04117 1.62841600
1.03972 1.62874302
1.04182 1.62684264
1.03811 1.62638429
1.03944 1.63205146
1.03897 1.64426314
1.0376 1.64252625
1.03774 1.63986934
1.03774 1.63986934
1.0365 1.64354569
1.03509 1.64796637
1.03618 1.64549049
1.03579 1.64274113
1.03788 1.64568652
1.038 1.64148503
1.03871 1.63982575
1.03825 1.63866274
1.03624 1.64513249
1.03783 1.64143489
1.03857 1.64408795
1.04142 1.64405883
1.04192 1.65092417
1.04402 1.65231713
1.04438 1.64482068
1.04654 1.64738602
1.04654 1.64738602
1.04409 1.64040377
1.04322 1.64524759
1.0427 1.64132997
1.04132 1.64007357
1.04023 1.64005954
1.04341 1.64437230
1.04306 1.64951451
1.04216 1.65047219
1.04191 1.64419685
1.04191 1.64419685
1.04203 1.64873477
1.03956 1.64616879
1.0405 1.65039590
1.04052 1.64879564
1.04052 1.64879564
1.03936 1.64869295
1.04287 1.64669622
1.04141 1.64827165
1.0422 1.64562229
1.0422 1.64562229
1.04105 1.64318761
1.04038 1.64774168
1.03998 1.64415900
1.0387 1.64264066
1.03638 1.64972832
1.03699 1.64874642
1.04013 1.64799274
1.04228 1.65201722
1.04351 1.64726405
1.04314 1.65390755
1.03932 1.65349951
1.03906 1.65442330
1.03812 1.66560012
1.04163 1.67100136
1.04099 1.66952795
1.04239 1.66270319
1.04006 1.65883636
1.04146 1.65872365
1.04466 1.65507285
1.04654 1.66192966
1.04571 1.65277793
1.05062 1.64939802
1.04975 1.64711263
1.04657 1.64265136
1.04396 1.65107884
1.04689 1.65454979
1.04745 1.65691558
1.04766 1.65655010
1.04766 1.65655010
1.04766 1.65655010
1.0451 1.65646728
1.043 1.64913823
1.04449 1.65116614
1.04668 1.64331538
1.04777 1.63728682
1.04872 1.63316107
1.04938 1.63175442
1.04871 1.63545438
1.04936 1.63998477
1.04619 1.63657077
1.04724 1.63766569
1.04886 1.63485952
1.04741 1.63645447
1.04678 1.63617365
1.04811 1.63842631
1.04603 1.64035205
1.04875 1.64114983
1.04757 1.63310043
1.04845 1.62697726
1.04999 1.62987308
1.05122 1.64098889
1.04844 1.64184805
1.048 1.64109932
1.04813 1.63698314
1.04491 1.63467995
1.04704 1.64168175
1.04952 1.64165165
1.04952 1.64165165
1.05227 1.64348740
1.05041 1.64201764
1.04953 1.64022011
1.0501 1.63511122
1.05074 1.63451091
1.05177 1.63845361
1.05118 1.63680969
1.04905 1.63369806
1.04729 1.63964220
1.04297 1.63730635
1.04289 1.63731467
1.04191 1.62791824
1.04101 1.61859895
1.04197 1.61500555
1.03988 1.61204624
1.03963 1.61790371
1.04079 1.61485636
1.04205 1.62159956
1.04306 1.62177967
1.04024 1.62125291
1.04082 1.62288623
1.03961 1.63326653
1.04057 1.63885928
1.04065 1.63944202
1.04065 1.63944202
1.03863 1.64101237
1.03833 1.63634862
1.04217 1.63931585
1.04097 1.64371426
1.03916 1.64711430
1.03768 1.64837542
1.03748 1.65176714
1.04224 1.65048612
1.04043 1.64905799
1.03986 1.64271571
1.03975 1.64239043
1.03987 1.64836062
1.0396 1.63842830
1.04087 1.64064007
1.04448 1.63998547
1.0433 1.64275018
1.04222 1.63886856
1.04121 1.63440793
1.04187 1.63712628
1.03967 1.64063676
1.04126 1.64140749
1.0398 1.64809033
1.04036 1.64874061
1.04028 1.64933634
1.04028 1.64933634
1.03857 1.64669222
1.04373 1.64804955
1.04181 1.65172457
1.04144 1.64864640
1.04309 1.64759821
1.04005 1.64234948
1.03947 1.64462798
1.04075 1.64740807
1.04418 1.65011896
1.0439 1.64991712
1.04107 1.64840853
1.04207 1.65450003
1.03904 1.64540136
1.04005 1.64359573
1.04092 1.64595705
1.03954 1.64495931
1.03864 1.64107030
1.0373 1.63971968
1.03765 1.64458866
1.03637 1.64194073
1.03513 1.63864034
1.03513 1.63864034
1.03346 1.64373230
1.03232 1.63867376
1.03344 1.64135114
1.03378 1.64090169
1.03423 1.63090368
1.03216 1.63255144
1.03565 1.63722104
1.03433 1.63599440
1.03293 1.64288402
1.03069 1.63897526
1.03019 1.63834927
1.03611 1.63509244
1.03788 1.63407815
1.03727 1.63739534
1.03933 1.63238098
1.03841 1.63520724
1.04091 1.63680043
1.04034 1.64295592
1.03756 1.64110521
1.03582 1.65287141
1.0357 1.65173537
1.03635 1.65254013
1.0381 1.65091051
1.04264 1.65054474
1.04097 1.64780433
1.04215 1.64831034
1.04261 1.64455524
1.04364 1.64246211
1.04654 1.64132654
1.04668 1.64585608
1.04623 1.63961177
1.04564 1.64543014
1.04433 1.64702983
1.0446 1.64529775
1.04222 1.65275129
1.04312 1.64835258
1.0437 1.64943997
1.04508 1.64014013
1.04228 1.64384971
1.04826 1.64297340
1.04902 1.64040428
1.04328 1.64290083
1.04111 1.64947784
1.0421 1.64626345
1.04551 1.65399396
1.04436 1.65154147
1.0413 1.65653022
1.04313 1.65803963
1.04355 1.65259513
1.04827 1.64967754
1.04855 1.64432745
1.04709 1.64778053
1.04883 1.64084270
1.04991 1.63948489
1.04871 1.62928212
1.04526 1.62632545
1.04644 1.63143636
1.04327 1.63738750
1.04327 1.63738750
1.04568 1.63742723
1.0452 1.64656597
1.04628 1.64369082
1.04126 1.64206042
1.04275 1.64305399
1.04193 1.64075150
1.04436 1.63585210
1.04245 1.63235798
1.04061 1.63378469
1.04181 1.63466089
1.04108 1.63229412
1.03936 1.63411935
1.04036 1.63443702
1.04365 1.63633495
1.04312 1.64093890
1.04364 1.64274215
1.04364 1.64054350
1.04087 1.64366544
1.03914 1.63868590
1.04016 1.63597663
1.04103 1.63544206
1.03878 1.63373061
1.03813 1.63400754
1.0375 1.63938657
1.0387 1.64097943
1.0453 1.64213037
1.04411 1.64405054
1.04632 1.63932817
1.045 1.63487960
1.04654 1.64084720
1.04654 1.64084720
1.04538 1.64589746
1.04392 1.64152223
1.04491 1.64002341
1.04763 1.64664822
1.04651 1.64102575
1.04105 1.63801139
1.04315 1.64186240
1.04154 1.63860989
1.04215 1.63649455
1.04162 1.64275133
1.04106 1.64004800
1.04106 1.64955853
1.04236 1.65535337
1.04452 1.65543090
1.04607 1.65066435
1.04409 1.65027817
1.04307 1.64781010
1.04312 1.65325583
1.04562 1.65308055
1.04803 1.64745921
1.0477 1.64105734
1.05078 1.64156360
1.04915 1.64316199
1.04869 1.64393688
1.04876 1.64833169
1.04892 1.64617781
1.05034 1.64089008
1.04709 1.64658569
1.04479 1.64852481
1.04208 1.64450919
1.04314 1.63967431
1.04657 1.63917517
1.04627 1.64373037
1.04668 1.64421081
1.04484 1.64861337
1.04661 1.65509603
1.04428 1.65774628
1.04305 1.65336894
1.04308 1.65722711
1.04155 1.65370601
1.04311 1.65157189
1.04069 1.64760574
1.03976 1.65060852
1.04008 1.65057617
1.04195 1.65135315
1.03951 1.65168295
1.03978 1.65259938
1.03955 1.64725478
1.03955 1.64725478
1.04471 1.64875082
1.04725 1.65494624
1.04589 1.65263283
1.04764 1.64817545
1.04505 1.64551658
1.04757 1.64496331
1.04977 1.65067692
1.04852 1.64783297
1.04852 1.64783297
1.05186 1.64549607
1.05279 1.65199855
1.0515 1.65418921
1.04959 1.65161566
1.04788 1.64513060
1.0471 1.63771407
1.04865 1.64049408
1.04883 1.64524166
1.05042 1.65044055
1.04957 1.64519809
1.04794 1.64347560
1.05035 1.64785756
1.04913 1.64448201
1.04889 1.64641935
1.04649 1.64748656
1.04376 1.64774035
1.04274 1.64799848
1.04478 1.65269922
1.04419 1.64952014
1.04775 1.64687641
1.04204 1.64990958
1.04132 1.64993091
1.0384 1.64866622
1.04069 1.65387910
1.04226 1.65663164
1.0433 1.65620452
1.04493 1.65095922
1.04319 1.65024336
1.04191 1.64853726
1.04084 1.65402827
1.04391 1.65176154
1.04538 1.65132679
1.04389 1.64441067
1.04079 1.63884544
1.03904 1.64401931
1.03914 1.64811290
1.0369 1.64776725
1.03656 1.64353310
1.03733 1.64162242
1.03927 1.64872973
1.04032 1.65033270
1.04012 1.65146171
1.04364 1.65174376
1.04249 1.64866315
1.04437 1.64852871
1.04113 1.64392773
1.04414 1.64145231
1.04537 1.64085564
1.0443 1.64718832
1.04329 1.64737345
1.04254 1.63876266
1.04209 1.63634758
1.04438 1.62979031
1.04597 1.63150739
1.04185 1.62909214
1.03937 1.62665802
1.03717 1.63206884
1.03467 1.62816315
1.03694 1.63182051
1.0373 1.63180912
1.03899 1.63948041
1.0396 1.64838133
1.0396 1.64838133
1.041 1.64031579
1.04247 1.64592842
1.03867 1.64689556
1.0434 1.64088678
1.04371 1.63709035
1.04368 1.63560732
1.04286 1.63585597
1.03973 1.63949132
1.04097 1.64036704
1.04019 1.64167152
1.03797 1.64347936
1.03538 1.64274322
1.03538 1.64274322
1.03507 1.64273467
1.03507 1.64273467
1.03779 1.64430265
1.03779 1.64430265
1.03724 1.64396052
1.03738 1.64488021
1.03792 1.64614775
1.0382 1.64766454
1.04067 1.64277942
1.04067 1.64277942
1.04377 1.64487135
1.04296 1.65049081
1.04574 1.64988751
1.04899 1.64410790
1.05086 1.64932172
1.04671 1.65223776
1.04671 1.65223776
1.04663 1.65519200
1.04913 1.65416302
1.04728 1.65951887
1.04975 1.65736325
1.04823 1.65592029
1.0482 1.65532942
1.05123 1.65156734
1.04905 1.65601071
1.04802 1.65568928
1.04749 1.64645655
1.04577 1.64994833
1.04311 1.64922589
1.04164 1.65051643
1.04209 1.65053494
1.04127 1.65264926
1.04335 1.65686124
1.04335 1.65686124
1.04129 1.65176921
1.04003 1.64832308
1.04195 1.65193971
1.04063 1.65031204
1.03933 1.64568625
1.04037 1.64075287
1.03976 1.63868232
1.03731 1.63728610
1.03949 1.63788209
1.03822 1.63889687
1.0382 1.64068865
1.03904 1.63729338
1.03703 1.63439208
1.03909 1.63881100
1.0372 1.63727193
1.03609 1.63790547
1.0362 1.63776214
1.0362 1.63776214
1.03514 1.64038929
1.0339 1.64224823
1.03468 1.64761436
1.03803 1.64328848
1.03512 1.65052688
1.03385 1.64812821
1.03818 1.64766746
1.04075 1.64607045
1.04078 1.64292327
1.04296 1.63488553
1.03919 1.63934636
1.04117 1.64196814
1.04117 1.64196814
1.03784 1.63952245
1.04052 1.63808102
1.03829 1.63320292
1.03663 1.62901403
1.0373 1.63050169
1.03631 1.63378491
1.03709 1.63906414
1.03617 1.63691527
1.03482 1.63845305
1.03407 1.64366621
1.03754 1.64271493
1.03803 1.63787474
1.03474 1.63877070
1.03974 1.63742433
1.0402 1.64065810
1.03905 1.64438743
1.03992 1.64474767
1.04215 1.63931182
1.03961 1.64368925
1.03925 1.64540517
1.04134 1.65178871
1.04252 1.65100988
1.03895 1.64771912
1.03795 1.64426731
1.04185 1.63955160
1.04618 1.63923881
1.04393 1.63597157
1.04133 1.63662184
1.04328 1.64233657
1.04157 1.64580236
1.04248 1.65155663
1.04248 1.65155663
1.03969 1.64993148
1.03787 1.64360920
1.03852 1.64210196
1.03908 1.64098775
1.04182 1.63411220
1.04377 1.63392643
1.04342 1.63487572
1.04322 1.63661068
1.04382 1.64271879
1.04352 1.64504405
1.04352 1.64504405
1.03898 1.64615610
1.04179 1.64516312
1.04264 1.64420367
1.04324 1.63631260
1.03929 1.63913876
1.03756 1.64184699
1.03801 1.63485230
1.03832 1.63641476
1.0381 1.63165060
1.0381 1.63165060
1.03761 1.63589859
1.04023 1.63759151
1.03999 1.63588065
1.03999 1.63588065
1.03966 1.63756156
1.04019 1.64070347
1.03965 1.63479329
1.03781 1.64174837
1.03595 1.63882142
1.03962 1.64166054
1.03641 1.64491630
1.03869 1.64265573
1.03936 1.64819995
1.03942 1.64790339
1.04116 1.64900673
1.04382 1.63957228
1.04102 1.63732558
1.04114 1.64070680
1.04281 1.63925775
1.04396 1.63583021
1.04463 1.63721983
1.04372 1.64366009
1.04162 1.64156037
1.0438 1.63690778
1.04329 1.63571787
1.04372 1.63761832
1.04273 1.63374093
1.04029 1.63039552
1.03966 1.63516320
1.04165 1.63730226
1.0407 1.63891971
1.03836 1.64665650
1.03816 1.64727303
1.03827 1.64849485
1.03902 1.64549472
1.03553 1.64298366
1.03467 1.63634963
1.03494 1.63102812
1.0358 1.63255422
1.03243 1.63450805
1.03243 1.63450805
1.03486 1.63154171
1.03514 1.62994865
1.03515 1.63313530
1.03278 1.63065160
1.03385 1.62296538
1.03038 1.62057571
1.03038 1.62057571
1.029 1.62313981
1.02914 1.62945212
1.03173 1.62977020
1.03173 1.62977020
1.02985 1.62683506
1.0295 1.63367179
1.03143 1.63038484
1.03414 1.62660244
1.03494 1.62359247
1.03567 1.62629899
1.03429 1.62747393
1.03846 1.62510126
1.0394 1.62530260
1.03568 1.62512184
1.0369 1.63313181
1.03458 1.63486090
1.03677 1.63989120
1.03967 1.63962822
1.03758 1.63802607
1.04036 1.63775632
1.04288 1.64373041
1.04338 1.65121393
1.04427 1.64346132
1.04427 1.64346132
1.04578 1.64495413
1.04222 1.64328674
1.04347 1.63755854
1.04347 1.63755854
1.04396 1.63860805
1.04496 1.64078847
1.04741 1.64788776
1.04741 1.64788776
1.04361 1.64872738
1.04737 1.64847675
1.04645 1.64143173
1.04743 1.64343971
1.04797 1.64679297
1.04728 1.65334086
1.04839 1.64915509
1.04561 1.65203941
1.04516 1.64776335
1.04532 1.65156445
1.04559 1.64445974
1.04428 1.64529992
1.04304 1.64113511
1.0439 1.64186126
1.04156 1.65152634
1.04294 1.65389969
1.04381 1.65261116
1.04222 1.64518056
1.04082 1.65343594
1.04339 1.64988408
1.04229 1.64885229
1.03765 1.64466817
1.03783 1.64349596
1.03757 1.64798769
1.03826 1.64183418
1.04296 1.64299757
1.04648 1.64128561
1.05034 1.64460586
1.05048 1.64977645
1.05048 1.64977645
1.04915 1.65101828
1.04425 1.64947126
1.04452 1.64882708
1.04759 1.64257729
1.05173 1.63792829
1.05019 1.63831028
1.04634 1.63991798
1.04717 1.64627202
1.04422 1.64858134
1.04711 1.64886911
1.04711 1.64886911
1.04432 1.64738882
1.04184 1.64564043
1.04061 1.64713970
1.04061 1.64713970
1.04146 1.65230897
1.03937 1.65253617
1.04052 1.64967862
1.04109 1.64986320
1.04077 1.64959229
1.04144 1.65534708
1.04265 1.65943756
1.042 1.65541879
1.04075 1.65362145
1.03826 1.65936249
1.03762 1.65427011
1.037 1.65099266
1.03658 1.64570626
1.03658 1.64570626
1.03813 1.63749670
1.03835 1.63843367
1.04028 1.63873571
1.03992 1.64208821
1.03871 1.64756333
1.03996 1.64656316
1.04067 1.65012852
1.04311 1.65393544
1.04308 1.65785465
1.04486 1.66058566
1.04653 1.65871834
1.04367 1.66011289
1.04391 1.66167948
1.04322 1.65770515
1.04493 1.65556844
1.04638 1.65934018
1.04666 1.65740637
1.04704 1.65465344
1.04597 1.65695332
1.04749 1.65511399
1.04841 1.65380986
1.04772 1.65060983
1.04664 1.64742365
1.04468 1.64823602
1.04351 1.64984886
1.0447 1.64624981
1.04586 1.64131282
1.04793 1.64028200
1.04735 1.64078704
1.04631 1.63652252
1.04422 1.64191112
1.04479 1.64652609
1.04479 1.64652609
1.04067 1.64122046
1.04285 1.64065156
1.04351 1.64270852
1.04243 1.64137084
1.04243 1.64137084
1.04243 1.64137084
1.04583 1.64819612
1.04652 1.64901101
1.0496 1.65067777
1.04703 1.64734893
1.04703 1.64734893
1.04531 1.64327792
1.04531 1.64327792
1.04531 1.64327792
1.04309 1.64426622
1.04379 1.64131244
1.04379 1.64131244
1.04279 1.64618105
1.04155 1.64678871
1.03778 1.64157684
1.03772 1.63962499
1.03613 1.64449880
1.03532 1.64806999
1.03592 1.64916718
1.03475 1.64953755
1.03604 1.64800144
1.03256 1.64538863
1.03043 1.64645007
1.02853 1.64366299
1.03062 1.64388238
1.03196 1.63820720
1.03013 1.63988767
1.03363 1.63877928
1.03466 1.64044320
1.03811 1.64529269
1.03503 1.64653095
1.03562 1.64574132
1.04106 1.63871580
1.04042 1.63567313
1.03816 1.63564085
1.03777 1.64195899
1.03876 1.64601466
1.03876 1.64601466
1.03886 1.64765754
1.03825 1.65400404
1.03744 1.65327918
1.03537 1.65452166
1.03595 1.65331437
1.0346 1.65190045
1.03478 1.65166479
1.0337 1.65399639
1.03459 1.65108868
1.03546 1.64869870
1.03397 1.64575948
1.03397 1.64575948
1.03461 1.64782981
1.03475 1.64965714
1.03572 1.64367609
1.03572 1.64367609
1.03572 1.64367609
1.03739 1.64411337
1.03404 1.64357731
1.03243 1.63819379
1.03563 1.63899226
1.0355 1.63818754
1.03762 1.63317708
1.03757 1.63816806
1.04106 1.64335175
1.04005 1.64564284
1.04001 1.64383430
1.04159 1.64293652
1.04144 1.64257370
1.03873 1.64809607
1.0391 1.65400758
1.03792 1.65269941
1.03792 1.65269941
1.03476 1.65411453
1.03419 1.65599464
1.03508 1.65219757
1.03595 1.65379026
1.03501 1.65644460
1.0337 1.65332081
1.03463 1.65018868
1.03194 1.64921593
1.03161 1.65090032
1.03161 1.65090032
1.03322 1.65429279
1.03646 1.65494975
1.03739 1.64996753
1.0383 1.64985071
1.03758 1.64400698
1.03701 1.64697142
1.03399 1.64917114
1.0353 1.64634968
1.03226 1.64618850
1.02965 1.64856220
1.03031 1.65545021
1.02887 1.65645177
1.02684 1.65123618
1.02713 1.64933604
1.03159 1.65068098
1.03046 1.64344636
1.03123 1.64026117
1.03357 1.64217925
1.03661 1.63920823
1.03852 1.64125728
1.04048 1.63778104
1.04066 1.64152476
1.0418 1.63596843
1.0414 1.63397431
1.04549 1.62832027
1.04549 1.62832027
1.04444 1.62761704
1.03953 1.63087538
1.04054 1.63745557
1.03678 1.63921401
1.03672 1.63783353
1.04081 1.63920113
1.03854 1.64011319
1.03854 1.64011319
1.0442 1.63463956
1.04475 1.63681491
1.04563 1.63276294
1.0476 1.62991000
1.04599 1.62691156
1.04146 1.63171621
1.03876 1.62849670
1.04049 1.62525222
1.03596 1.63273438
1.03673 1.63601636
1.03673 1.63910403
1.03673 1.63910403
1.03607 1.64230494
1.03505 1.64292055
1.03344 1.64846684
1.03344 1.64675358
1.03617 1.64426603
1.04112 1.64035564
1.04452 1.63858947
1.04205 1.64033110
1.04072 1.63196916
1.04072 1.63196916
1.04174 1.63257910
1.04174 1.63257910
1.04408 1.64222344
1.04276 1.64499082
1.04492 1.63891739
1.04673 1.64054218
1.04836 1.63500645
1.04002 1.64026807
1.04313 1.64162003
1.04422 1.63568056
1.04454 1.63633687
1.04406 1.63665759
1.04406 1.63665759
1.04457 1.63995056
1.04425 1.63467007
1.04139 1.63277423
1.0443 1.63706655
1.04173 1.63457217
1.04134 1.63232099
1.04034 1.62763131
1.04034 1.62763131
1.0393 1.62943131
1.03806 1.63558526
1.03342 1.63372068
1.0317 1.63878710
1.03488 1.64371670
1.03647 1.64468818
1.03759 1.64423094
1.03773 1.64852851
1.04013 1.65114745
1.04164 1.64724179
1.042 1.63776894
1.04466 1.64023485
1.04137 1.64346888
1.04191 1.64454895
1.04142 1.65336149
1.04142 1.65336149
1.04472 1.65323926
1.04364 1.65173653
1.04299 1.65208864
1.04309 1.65530045
1.04297 1.65403128
1.04676 1.65592435
1.04993 1.65767435
1.04903 1.65610979
1.04917 1.65401891
1.04917 1.65401891
1.04927 1.65784541
1.04843 1.65064481
1.04729 1.65058681
1.04377 1.64792012
1.04479 1.65044121
1.04488 1.64734949
1.04727 1.65072965
1.04885 1.64544479
1.04691 1.65064490
1.04888 1.64159184
1.04888 1.64159184
1.05044 1.64184454
1.04707 1.63993711
1.04941 1.64477544
1.05531 1.64972905
1.05044 1.64746957
1.05071 1.65222048
1.05071 1.65222048
1.04799 1.64753217
1.04822 1.65452499
1.04903 1.65453212
1.04869 1.65564907
1.04801 1.65440851
1.0521 1.65152834
1.04889 1.64739596
1.04898 1.64800929
1.04443 1.64589674
1.04262 1.64354637
1.0415 1.63954568
1.04018 1.64505589
1.04018 1.64505589
1.04069 1.64438173
1.03792 1.64825043
1.04108 1.65248857
1.04589 1.65025733
1.04502 1.64892543
1.04706 1.64816731
1.04593 1.65653366
1.04618 1.65425850
1.04251 1.65156766
1.04106 1.63850816
1.04285 1.64596212
1.04552 1.64438653
1.04526 1.63880588
1.04579 1.63819342
1.04585 1.63836879
1.04504 1.63524347
1.04602 1.63391944
1.04517 1.63500714
1.04681 1.63853625
1.04793 1.63558763
1.04954 1.63717138
1.05245 1.64368976
1.05009 1.64673624
1.04566 1.64347539
1.04357 1.64477905
1.04554 1.64430568
1.04743 1.63913070
1.04509 1.63974704
1.04222 1.64103590
1.04395 1.64386363
1.04436 1.64471787
1.0424 1.64386917
1.04411 1.64256902
1.04396 1.64436619
1.04073 1.64594702
1.04018 1.64026667
1.03903 1.63300393
1.04329 1.63419071
1.0411 1.64058789
1.04088 1.64332741
1.04088 1.64332741
1.04088 1.64504897
1.04198 1.64610000
1.04201 1.64207264
1.04195 1.63928324
1.04274 1.63757164
1.0462 1.63469743
1.04446 1.63319794
1.04649 1.63580807
1.04649 1.63580807
1.04627 1.63517078
1.04632 1.62675040
1.0426 1.63179109
1.04135 1.62571423
1.04501 1.62942475
1.04272 1.62765166
1.0454 1.62925884
1.04202 1.63252368
1.0407 1.63114167
1.04121 1.62987258
1.03733 1.62384403
1.0372 1.62354293
1.03818 1.62849995
1.03778 1.63289925
1.03747 1.62897793
1.0366 1.62916087
1.03492 1.62918253
1.04204 1.63001474
1.04209 1.63473271
1.04202 1.63977673
1.04303 1.64900388
1.04532 1.65061391
1.04945 1.65208989
1.04725 1.65086430
1.0471 1.65389413
1.04713 1.64912238
1.04853 1.64606410
1.04442 1.65478209
1.04436 1.65850215
1.0441 1.65503721
1.04302 1.66022688
1.0444 1.66248166
1.04621 1.65818598
1.0447 1.65482985
1.04482 1.65710062
1.04452 1.66256101
1.04401 1.65549071
1.04345 1.64875807
1.04409 1.64258685
1.04121 1.64077374
1.04065 1.63758245
1.03761 1.64111377
1.04125 1.63937588
1.0403 1.64224758
1.0429 1.63756476
1.04721 1.63862596
1.04812 1.63851424
1.04553 1.63792566
1.04829 1.64284977
1.04669 1.64551317
1.05044 1.64907979
1.05044 1.64907979
1.04879 1.65166333
1.04783 1.64958067
1.04788 1.64035697
1.04788 1.64035697
1.04611 1.63570531
1.04641 1.63760687
1.04618 1.63745848
1.04618 1.63745848
1.04519 1.64121242
1.04488 1.63479902
1.0418 1.64397017
1.04441 1.63850194
1.04473 1.64141358
1.04473 1.64141358
1.04411 1.64171086
1.04302 1.64285067
1.04502 1.64272114
1.04367 1.64174784
1.04286 1.64317369
1.04274 1.63823429
1.03963 1.63763010
1.03963 1.63763010
1.04363 1.62957820
1.04087 1.63477345
1.03867 1.63730253
1.03892 1.63690316
1.04155 1.63959062
1.03898 1.64232221
1.03875 1.63788848
1.03883 1.63631327
1.03504 1.63322791
1.03541 1.63855188
1.03212 1.64590476
1.03588 1.64466952
1.03813 1.64637204
1.03792 1.64292394
1.03952 1.64511143
1.04117 1.64319683
1.0414 1.64230586
1.03831 1.64585771
1.03915 1.64889923
1.03668 1.64664458
1.03584 1.64178106
1.03445 1.63792055
1.03641 1.64340911
1.03376 1.64322577
1.03462 1.64804339
1.03416 1.64711778
1.03106 1.65393645
1.03402 1.65208898
1.03408 1.64989845
1.03597 1.64749804
1.03272 1.64093708
1.03357 1.63527063
1.03398 1.63678458
1.03664 1.64073031
1.03755 1.64005500
1.04069 1.63679010
1.03779 1.63725582
1.03943 1.63960611
1.04016 1.63853019
1.04268 1.64541422
1.04613 1.64744314
1.04232 1.64942157
1.04349 1.65110584
1.04348 1.64534894
1.04238 1.64857395
1.0444 1.64274923
1.04293 1.64364244
1.04304 1.63506006
1.04456 1.63883697
1.0407 1.63721959
1.04194 1.63803622
1.03851 1.64030743
1.03644 1.64821018
1.03871 1.63908476
1.03871 1.63908476
1.03699 1.63948679
1.03994 1.64535237
1.04202 1.63792537
1.04053 1.63748787
1.04538 1.63099139
1.04442 1.63518436
1.04314 1.64101003
1.04535 1.64040032
1.04441 1.64184237
1.04138 1.64287077
1.04069 1.64034703
1.04231 1.63952906
1.04307 1.63850648
1.03823 1.64160532
1.0376 1.64302719
1.03727 1.64491978
1.03727 1.64491978
1.04229 1.65027586
1.0393 1.65518488
1.04094 1.65563704
1.04118 1.65088875
1.03904 1.64893304
1.0394 1.64208417
1.03875 1.63575428
1.0374 1.63740651
1.03962 1.64107114
1.03799 1.64534958
1.04083 1.65020702
1.03998 1.65192782
1.04492 1.64686384
1.04482 1.64888313
1.04385 1.64838442
1.04411 1.64605707
1.04481 1.64144373
1.04671 1.64733092
1.04678 1.64594630
1.04896 1.64905685
1.05043 1.65479686
1.05303 1.65824120
1.05063 1.66432510
1.0475 1.66975437
1.04738 1.66742779
1.04731 1.66457653
1.04731 1.66457653
1.04637 1.66612902
1.04594 1.66491699
1.04594 1.66491699
1.04781 1.66259036
1.0459 1.66335739
1.046 1.66297789
1.047 1.66047163
1.04836 1.65381909
1.04906 1.65458470
1.04795 1.65508412
1.04575 1.65274177
1.04435 1.64659542
1.04586 1.65521350
1.04525 1.65746231
1.04125 1.65264581
1.04354 1.64983816
1.0445 1.65151454
1.04679 1.65153803
1.04463 1.65552102
1.0447 1.65079807
1.04356 1.64178896
1.04647 1.63848060
1.04365 1.64476681
1.04621 1.64432138
1.04549 1.64484642
1.0431 1.63979064
1.04235 1.64392757
1.04437 1.64467845
1.04531 1.64618101
1.0454 1.64908675
1.04446 1.64379263
1.04512 1.63869993
1.04196 1.64103897
1.04364 1.64111407
1.04657 1.63568890
1.04728 1.63831204
1.04581 1.63888307
1.0433 1.64126628
1.0416 1.63981274
1.04157 1.63629481
1.04014 1.64262420
1.04043 1.64815569
1.04159 1.64566644
1.03987 1.63801459
1.04057 1.64186474
1.04057 1.64186474
1.04274 1.63845388
1.0426 1.63788375
1.04197 1.63620825
1.04215 1.64038073
1.0431 1.64058386
1.0436 1.64251827
1.04347 1.64150133
1.04434 1.63779008
1.04672 1.64253376
1.04413 1.64219320
1.04207 1.63613860
1.04671 1.64220512
1.04453 1.64259546
1.04453 1.64259546
1.04469 1.63861956
1.04561 1.64160220
1.04108 1.64038978
1.04108 1.63849190
1.04231 1.63808249
1.04231 1.63808249
1.04159 1.64267457
1.0423 1.64213641
1.04268 1.64857349
1.0427 1.65534513
1.04372 1.64159150
1.04368 1.65044292
1.04076 1.65690624
1.03837 1.65603174
1.03814 1.65650901
1.04139 1.65556236
1.04037 1.65570486
1.04037 1.65570486
1.04038 1.65803164
1.04062 1.65440120
1.03859 1.65228268
1.03742 1.65816581
1.03781 1.66110346
1.03832 1.65573925
1.04005 1.65029276
1.042 1.64508276
1.04232 1.64583346
1.04139 1.64941626
1.04082 1.65915941
1.04112 1.65657061
1.04171 1.66221391
1.04206 1.66327718
1.04103 1.66311138
1.04136 1.66241233
1.04141 1.65831262
1.04356 1.65858567
1.0434 1.66056857
1.04446 1.66120974
1.04192 1.66173490
1.04266 1.65759980
1.04301 1.65752831
1.04522 1.65184148
1.04745 1.65200987
1.04745 1.65200987
1.04892 1.64782570
1.04804 1.64287511
1.04633 1.64718799
1.04568 1.64801097
1.04267 1.64823707
1.04218 1.64813911
1.0392 1.64961267
1.0402 1.65003258
1.03936 1.64914228
1.03596 1.64719486
1.03832 1.64824391
1.03832 1.64824391
1.03832 1.64824391
1.03692 1.63910986
1.03965 1.63986394
1.03965 1.63986394
1.03973 1.64495184
1.04023 1.64243112
1.0413 1.64432480
1.041 1.64405662
1.04042 1.64485230
1.03916 1.64605128
1.03663 1.64443937
1.04273 1.63800341
1.04307 1.63880736
1.04388 1.63751703
1.04418 1.64167932
1.04191 1.64482757
1.03968 1.64544799
1.03881 1.64692136
1.03616 1.64464779
1.03783 1.65125503
1.04033 1.65544762
1.03965 1.65586128
1.03762 1.65415623
1.03896 1.65962253
1.03729 1.65619666
1.03729 1.65619666
1.03388 1.65711007
1.03313 1.65866186
1.0357 1.66332041
1.0357 1.66332041
1.04008 1.65709534
1.04071 1.65724653
1.03968 1.65494928
1.03837 1.65863958
1.0393 1.65451235
1.03707 1.65414682
1.03841 1.65435148
1.03689 1.65201216
1.04009 1.65311885
1.03948 1.65298006
1.03797 1.65276732
1.03888 1.65318652
1.03679 1.65194409
1.03678 1.65045817
1.0387 1.64770596
1.0429 1.64390570
1.04596 1.64582115
1.04653 1.64527705
1.04258 1.64624148
1.03984 1.64755713
1.03876 1.64665801
1.04114 1.65048828
1.03753 1.64530698
1.0391 1.64690414
1.0417 1.64824945
1.04085 1.64920410
1.03966 1.65135859
1.03966 1.65135859
1.04196 1.65691835
1.0418 1.65445383
1.04067 1.65330051
1.04275 1.64833621
1.04543 1.65524015
1.04423 1.65021716
1.04783 1.64654040
1.04915 1.64680863
1.05179 1.64161128
1.04736 1.64580165
1.0478 1.64981058
1.04854 1.64885202
1.04926 1.65255361
1.04833 1.64966397
1.05028 1.64780815
1.04821 1.65302809
1.04803 1.64507260
1.04803 1.64507260
1.04472 1.64740435
1.04356 1.65706566
1.04723 1.64982586
1.04457 1.64893643
1.04206 1.64565289
1.04011 1.65315071
1.04208 1.65754401
1.03949 1.65867545
1.03797 1.66237872
1.04379 1.66108781
1.0443 1.66061708
1.04492 1.66043752
1.04471 1.65727643
1.04224 1.64830377
1.0438 1.65218965
1.0438 1.65218965
1.04091 1.64978631
1.03768 1.64528237
1.03768 1.64528237
1.03757 1.64328231
1.04032 1.64105442
1.0393 1.64283841
1.03902 1.64471651
1.03849 1.64636029
1.03925 1.64486326
1.04144 1.65425252
1.04102 1.65674506
1.03715 1.65639005
1.04335 1.65103202
1.04407 1.65219596
1.04182 1.64899345
1.04211 1.65569373
1.04182 1.65108292
1.04071 1.64847485
1.04271 1.64785238
1.04547 1.64364851
1.04379 1.64729012
1.04331 1.64721760
1.04016 1.64911125
1.04057 1.64848599
1.04058 1.64956149
1.03671 1.64561872
1.03622 1.63596239
1.03593 1.64071960
1.03807 1.64559598
1.0366 1.63388177
1.03775 1.63907254
1.04214 1.63962098
1.04177 1.64437605
1.04177 1.64437605
1.04005 1.64981268
1.03697 1.64451716
1.03537 1.64163505
1.03374 1.63704417
1.0352 1.63556827
1.03401 1.63776581
1.03675 1.63183712
1.03781 1.63222404
1.03776 1.63163357
1.04192 1.63335848
1.04192 1.63335848
1.04033 1.64018987
1.03955 1.64172696
1.0392 1.63715783
1.0392 1.63715783
1.03634 1.63563810
1.03482 1.63821080
1.03565 1.64413861
1.03704 1.63956339
1.0401 1.64350783
1.04189 1.64765127
1.04436 1.64365417
1.04819 1.64129049
1.04235 1.64747248
1.04221 1.64941205
1.04337 1.65225792
1.04287 1.64778318
1.03968 1.64663322
1.03903 1.64009435
1.03903 1.64009435
1.03943 1.64474840
1.03837 1.64538792
1.03916 1.64788475
1.04165 1.64826390
1.03927 1.64984990
1.03741 1.64924903
1.03929 1.64427436
1.03943 1.64350862
1.03943 1.64350862
1.03939 1.63930913
1.04095 1.63933696
1.03946 1.64247805
1.04295 1.64040244
1.03985 1.64209047
1.03763 1.64500369
1.03915 1.64676658
1.0368 1.64639157
1.03604 1.64651723
1.03788 1.64059772
1.03895 1.63824660
1.03951 1.64370105
1.0392 1.64358853
1.03836 1.64514198
1.03705 1.64058388
1.038 1.63332748
1.03949 1.63982208
1.0418 1.64239171
1.04015 1.63907741
1.03749 1.63630316
1.04038 1.63203148
1.03923 1.62715584
1.04225 1.62143123
1.04275 1.62504289
1.04192 1.62937962
1.04192 1.62937962
1.04018 1.63583460
1.04276 1.63640637
1.0409 1.63416947
1.03994 1.63275719
1.04083 1.63449613
1.04158 1.63828129
1.04398 1.63666619
1.04329 1.63680130
1.04105 1.64000057
1.04009 1.63442424
1.03968 1.63460514
1.04088 1.63609550
1.03858 1.64149226
1.04029 1.64450462
1.04222 1.65264436
1.03861 1.64627622
1.04136 1.63802812
1.04116 1.64315944
1.03819 1.63908135
1.03541 1.64079810
1.03625 1.63792064
1.03619 1.63339180
1.03619 1.63037426
1.03401 1.63219649
1.03766 1.63483829
1.03997 1.63359370
1.03914 1.62458536
1.03573 1.63039447
1.03246 1.63747997
1.03411 1.63372493
1.03799 1.63850755
1.04105 1.63820950
1.03844 1.64034355
1.04164 1.64172801
1.04164 1.64172801
1.04163 1.64352221
1.03879 1.65004717
1.0391 1.64842997
1.04037 1.64545707
1.04243 1.63890560
1.04565 1.64068735
1.04647 1.63998996
1.04724 1.64480406
1.04639 1.64445657
1.04544 1.64874584
1.04681 1.64307095
1.04676 1.64642204
1.04428 1.64601553
1.04163 1.64942457
1.04345 1.65340105
1.04028 1.65238506
1.04031 1.65210923
1.0387 1.65403378
1.03736 1.65454424
1.03694 1.65402482
1.03523 1.65437180
1.03996 1.65289314
1.04042 1.65389792
1.04042 1.65389792
1.0376 1.65597270
1.03785 1.65829154
1.04005 1.65219835
1.04097 1.65474635
1.04106 1.65874292
1.04097 1.65888009
1.03963 1.65031816
1.0416 1.64797382
1.0393 1.64950509
1.0407 1.65434584
1.0417 1.64727709
1.04197 1.65024729
1.03965 1.64597885
1.03972 1.63803586
1.03805 1.63675852
1.03762 1.63802845
1.03569 1.63532499
1.03992 1.62853673
1.03952 1.62904851
1.04253 1.62969285
1.04124 1.62961489
1.0407 1.63085633
1.03924 1.63376243
1.04109 1.63532934
1.04046 1.63689005
1.04102 1.64698418
1.03886 1.64559650
1.03613 1.64582764
1.0385 1.63880545
1.0427 1.63517204
1.04462 1.63438669
1.04484 1.63267206
1.04573 1.63291446
1.04797 1.62808971
1.04574 1.63114298
1.04704 1.63249777
1.04882 1.63789746
1.04959 1.64218441
1.04802 1.63828576
1.04788 1.63845933
1.04644 1.64480223
1.04777 1.64502254
1.04617 1.63923129
1.04826 1.64531380
1.0479 1.65145967
1.04766 1.64854181
1.04596 1.64568081
1.04574 1.64253112
1.04609 1.64158244
1.04609 1.64158244
1.04065 1.64637704
1.04454 1.64732467
1.04248 1.64491615
1.04248 1.64491615
1.04245 1.64386030
1.0424 1.64837671
1.04484 1.65222150
1.04444 1.65005451
1.04498 1.64810810
1.04373 1.64487587
1.04318 1.64541065
1.04369 1.64706309
1.04416 1.64533981
1.04392 1.64668964
1.04412 1.65004043
1.04583 1.65220749
1.0489 1.65073006
1.04889 1.64599199
1.04983 1.64816323
1.04733 1.64474780
1.04219 1.64443954
1.04317 1.64577016
1.03996 1.65020420
1.0414 1.65326922
1.0401 1.66010931
1.04509 1.65386329
1.04301 1.65282922
1.04049 1.65625144
1.04076 1.65036871
1.04088 1.65534643
1.04078 1.65682315
1.0419 1.65285176
1.0419 1.65285176
1.0426 1.65214855
1.04151 1.64994312
1.03631 1.64659695
1.0377 1.64691125
1.04044 1.65197140
1.04256 1.65356231
1.04256 1.65356231
1.04144 1.65408848
1.04023 1.66304429
1.04419 1.65852956
1.04318 1.65283613
1.04423 1.65121251
1.04857 1.65333065
1.0491 1.65752484
1.04755 1.65352643
1.04573 1.65780020
1.04395 1.64948590
1.0442 1.65005806
1.04222 1.66030324
1.04825 1.66114395
1.04527 1.65463106
1.0472 1.65672956
1.04836 1.65503747
1.04971 1.65556019
1.04968 1.65170251
1.04929 1.65004839
1.05059 1.64957760
1.0518 1.64538026
1.0518 1.65597642
1.05382 1.65002942
1.05398 1.64846354
1.05398 1.64846354
1.05315 1.65302873
1.05038 1.65263725
1.05156 1.65251068
1.05076 1.64736698
1.05023 1.64948838
1.05146 1.65040769
1.05246 1.64664399
1.05274 1.64403272
1.0542 1.64207021
1.05177 1.64803901
1.04885 1.64789997
1.05144 1.64971304
1.04923 1.65007511
1.04977 1.64777795
1.05111 1.65622289
1.05053 1.65801230
1.04928 1.65379715
1.05212 1.65492139
1.05075 1.65003248
1.04843 1.64503109
1.04843 1.64503109
1.04716 1.64383796
1.04771 1.64255774
1.04815 1.64938713
1.0496 1.65206308
1.04502 1.64577802
1.04295 1.64499884
1.04295 1.64499884
1.04301 1.64564230
1.04111 1.64996271
1.03787 1.65165617
1.04123 1.64782387
1.04067 1.64950682
1.04002 1.65162282
1.04093 1.65035979
1.04146 1.64971168
1.04179 1.64322976
1.04337 1.65211271
1.04177 1.65461534
1.04177 1.65461534
1.03956 1.64706700
1.04038 1.65039843
1.04148 1.65031004
1.0425 1.65302807
1.04301 1.65680497
1.04226 1.65411724
1.04235 1.65141046
1.04441 1.65153578
1.04441 1.65153578
1.04562 1.64479887
1.04515 1.65152101
1.04366 1.65189784
1.04577 1.64964069
1.04763 1.64787037
1.04763 1.64787037
1.04837 1.64690056
1.04408 1.64636890
1.04239 1.65454994
1.04238 1.64838608
1.04161 1.63915014
1.03825 1.63925512
1.03826 1.63961105
1.03826 1.63961105
1.04228 1.63711170
1.04204 1.64131774
1.04386 1.64523037
1.04469 1.64514858
1.04359 1.64921365
1.04269 1.64712870
1.04409 1.64649525
1.04396 1.64922511
1.04329 1.64485377
1.04121 1.64601449
1.04121 1.64601449
1.04282 1.64823388
1.04337 1.65193095
1.0454 1.65226570
1.04565 1.64569622
1.04721 1.64832664
1.04542 1.65525892
1.04646 1.64916452
1.0443 1.65003246
1.04674 1.66113405
1.04429 1.65879153
1.04426 1.65595034
1.04473 1.66220144
1.04414 1.65803257
1.04476 1.65465351
1.04722 1.65434656
1.04725 1.64884862
1.04644 1.64855724
1.04656 1.64925606
1.0469 1.65122965
1.04395 1.65279850
1.04361 1.64689225
1.04485 1.64597364
1.04606 1.64352101
1.04598 1.64569141
1.04336 1.64329066
1.04164 1.65213263
1.04297 1.65282556
1.04365 1.65345537
1.04213 1.64602049
1.04423 1.64204489
1.04727 1.63945258
1.04426 1.64891893
1.04354 1.65071832
1.04429 1.64884255
1.0437 1.65148720
1.04774 1.65218174
1.04568 1.65162994
1.04562 1.64657143
1.04526 1.63645603
1.04238 1.63730998
1.04482 1.63690588
1.04602 1.63955178
1.04352 1.64607430
1.04244 1.64861598
1.04313 1.64870725
1.04449 1.65183302
1.04641 1.64622854
1.04707 1.65179258
1.05241 1.64970899
1.05356 1.65299997
1.05417 1.65182840
1.05029 1.64933955
1.04633 1.65070305
1.04829 1.64528697
1.04526 1.63953205
1.04405 1.64371620
1.04359 1.64023088
1.04426 1.63777823
1.04305 1.63795207
1.04499 1.63452083
1.04248 1.63884760
1.0416 1.63137610
1.04095 1.64224156
1.04327 1.64049189
1.04168 1.64412495
1.04168 1.64412495
1.03777 1.65034358
1.0375 1.65582598
1.03961 1.65074699
1.04178 1.64070269
1.04291 1.64110983
1.0441 1.63525237
1.04374 1.63664404
1.04349 1.63630801
1.04442 1.63410417
1.04134 1.63925737
1.04362 1.63975279
1.04433 1.64393975
1.04433 1.64393975
1.04693 1.64894822
1.05277 1.65265730
1.05089 1.65123143
1.04967 1.64924228
1.04774 1.65137191
1.0491 1.65297156
1.04868 1.65617209
1.04599 1.65000771
1.04411 1.65197869
1.046 1.65244791
1.04742 1.65229908
1.0492 1.65773087
1.05122 1.65076333
1.04994 1.64868459
1.04771 1.64367798
1.05102 1.64324643
1.05342 1.64543423
1.05342 1.64543423
1.05285 1.64255335
1.05357 1.64446395
1.05907 1.64244538
1.06227 1.64172627
1.05964 1.64181883
1.05864 1.64317892
1.05444 1.64782286
1.05444 1.64782286
1.05163 1.65083434
1.05034 1.64672120
1.04769 1.65239115
1.04854 1.65584975
1.04916 1.66059990
1.04955 1.66388910
1.04854 1.65498150
1.04816 1.65400822
1.04358 1.65604468
1.04443 1.65977257
1.04444 1.66165291
1.04452 1.65705612
1.04403 1.65287993
1.0415 1.65640983
1.046 1.65295378
1.04392 1.64713812
1.04296 1.64960210
1.04687 1.65406492
1.04662 1.65455072
1.0475 1.65176111
1.04875 1.65649135
1.04978 1.65691560
1.04822 1.66120413
1.04942 1.65771641
1.04947 1.66213610
1.04581 1.66195782
1.04067 1.66255510
1.0419 1.66214603
1.04275 1.65439196
1.04267 1.66051476
1.04461 1.65137739
1.04311 1.65254994
1.0434 1.65483769
1.04498 1.65754022
1.04353 1.65554472
1.04503 1.65235408
1.04703 1.65517112
1.04661 1.65887794
1.04755 1.65763549
1.04968 1.65883344
1.05123 1.65418690
1.05329 1.64798239
1.05129 1.64663391
1.05008 1.65025725
1.04924 1.65303884
1.0495 1.65069447
1.05166 1.65740968
1.0504 1.65753043
1.05071 1.65636363
1.04407 1.65292039
1.04379 1.65370391
1.04276 1.65233170
1.04239 1.64571852
1.04541 1.64134481
1.04629 1.63985782
1.0468 1.64511924
1.04153 1.64463776
1.04218 1.64217758
1.04348 1.63863108
1.04348 1.63863108
1.04601 1.63817684
1.04158 1.64072727
1.03662 1.63547325
1.03389 1.63115506
1.03026 1.63814033
1.03051 1.62934053
1.03285 1.62873717
1.03578 1.62707881
1.0371 1.63166536
1.04197 1.63819158
1.04197 1.63819158
1.03941 1.63636420
1.03738 1.64378707
1.03811 1.63742935
1.03868 1.63923857
1.03868 1.63923857
1.04145 1.63311277
1.04085 1.63858544
1.04586 1.63165221
1.04678 1.63395391
1.04595 1.63520992
1.04255 1.63675639
1.04226 1.63686520
1.04615 1.63920409
1.04511 1.63763198
1.0448 1.64121865
1.04282 1.64225778
1.04465 1.64855025
1.04608 1.65518322
1.04518 1.65647148
1.04645 1.65398745
1.04835 1.65582793
1.0445 1.65643881
1.04761 1.64950890
1.04839 1.64781413
1.04856 1.64917351
1.0457 1.64886249
1.04529 1.65340383
1.04335 1.65090901
1.04587 1.64906405
1.04853 1.64300343
1.04799 1.64272623
1.0464 1.64656390
1.0464 1.64656390
1.04581 1.64865335
1.05013 1.65202187
1.04593 1.64907460
1.0437 1.65004948
1.04084 1.64591033
1.04099 1.64472610
1.04077 1.64597540
1.03897 1.64604086
1.03735 1.64432240
1.04125 1.64723457
1.03927 1.64455257
1.03904 1.64234212
1.03841 1.63402479
1.03841 1.63402479
1.03685 1.63774021
1.0397 1.63618454
1.04255 1.64172117
1.04323 1.64215606
1.04572 1.63993557
1.04692 1.64422867
1.04546 1.64249845
1.04281 1.63874658
1.04172 1.63292267
1.04195 1.64155890
1.04178 1.64289243
1.0438 1.64537682
1.04549 1.64503690
1.04531 1.64845169
1.04502 1.64136223
1.04221 1.64525256
1.04288 1.64387625
1.04021 1.64702211
1.03655 1.64909497
1.03566 1.64619678
1.03787 1.64593174
1.03766 1.64983319
1.0387 1.64775677
1.03848 1.64640668
1.03658 1.63903944
1.03658 1.63903944
1.04052 1.64420331
1.04257 1.63708205
1.04552 1.63994489
1.04571 1.64103549
1.04888 1.63527312
1.04783 1.64143365
1.04548 1.64406842
1.04505 1.63918099
1.0437 1.63129148
1.04435 1.63646753
1.04435 1.63646753
1.0417 1.63532946
1.03978 1.63169338
1.03941 1.63193706
1.04061 1.63254308
1.04362 1.63546648
1.04457 1.63822186
1.04373 1.63641246
1.04202 1.63892883
1.04144 1.64091908
1.03994 1.64156149
1.04113 1.64627026
1.04164 1.64834919
1.03874 1.65175559
1.03874 1.65175559
1.03789 1.64277250
1.04066 1.63837224
1.03903 1.63943097
1.03903 1.63943097
1.03814 1.63782506
1.04082 1.63754735
1.03975 1.64267593
1.03782 1.64273962
1.03608 1.63717444
1.03541 1.63971234
1.03225 1.63666359
1.03225 1.63666359
1.029 1.63841833
1.03519 1.64125787
1.03488 1.63479399
1.03731 1.63367112
1.0369 1.63185607
1.04098 1.63286658
1.04256 1.63158716
1.04088 1.63835011
1.04045 1.63919444
1.04076 1.63581065
1.03875 1.63470271
1.03591 1.62587629
1.03786 1.62829308
1.03786 1.63110643
1.04039 1.63671745
1.03924 1.64138107
1.04086 1.64866920
1.04271 1.64661116
1.04505 1.64750461
1.0465 1.64669255
1.04382 1.64436306
1.04592 1.64756204
1.04594 1.65430131
1.04389 1.64649959
1.04375 1.64619764
1.04148 1.63535693
1.04085 1.63164296
1.0405 1.63521841
1.04088 1.64255194
1.04034 1.63860832
1.03942 1.64810779
1.03862 1.64426840
1.03931 1.64864259
1.04056 1.64917208
1.04174 1.64561995
1.04358 1.64505371
1.04138 1.63395669
1.03998 1.63636769
1.04166 1.64161437
1.04229 1.63328983
1.04124 1.63589695
1.0391 1.63329331
1.04142 1.63227635
1.04131 1.63321608
1.04012 1.63561197
1.03972 1.63169463
1.04141 1.63025483
1.04468 1.62983517
1.04494 1.63001891
1.0456 1.63008426
1.04377 1.63756441
1.04278 1.63750170
1.04427 1.63575828
1.04358 1.63750707
1.0463 1.64049715
1.04475 1.63080179
1.04475 1.63080179
1.04631 1.62452031
1.04676 1.62382139
1.04743 1.62685887
1.04689 1.63018162
1.04706 1.63526819
1.04725 1.63544534
1.04657 1.64410585
1.04752 1.64890289
1.04549 1.64896319
1.04352 1.64063775
1.04142 1.64680176
1.03874 1.64922777
1.03919 1.64570689
1.04415 1.64550808
1.0477 1.65014625
1.04857 1.65465731
1.04551 1.64947222
1.04301 1.65097592
1.04203 1.65603726
1.04002 1.64879083
1.04103 1.65780627
1.0391 1.65913483
1.03578 1.65132559
1.03913 1.65530731
1.03945 1.65511172
1.03872 1.64825141
1.04241 1.65507230
1.04241 1.65507230
1.04575 1.65290877
1.04838 1.65179673
1.0476 1.64284040
1.04541 1.64593062
1.04325 1.64658713
1.04186 1.64911128
1.04141 1.64281148
1.0416 1.64592718
1.04125 1.65025075
1.04421 1.64747148
1.04567 1.64674182
1.04209 1.64569757
1.04209 1.64569757
1.03802 1.64298656
1.03821 1.64198581
1.03748 1.64138903
1.03748 1.64138903
1.04151 1.63742489
1.04286 1.63790976
1.0388 1.63398480
1.04224 1.63544621
1.04417 1.63896710
1.04172 1.63723678
1.04498 1.64360268
1.04524 1.64778641
1.04712 1.64793606
1.04925 1.64614651
1.04989 1.64921331
1.04772 1.64603621
1.04831 1.64741788
1.04831 1.64741788
1.04865 1.65317611
1.04843 1.65709452
1.04843 1.65709452
1.04604 1.65672678
1.04444 1.65917811
1.04397 1.65595159
1.04217 1.65000754
1.04677 1.65353675
1.04677 1.65353675
1.04839 1.65705862
1.05132 1.65369357
1.05021 1.65612000
1.0513 1.65070931
1.05098 1.65445443
1.04996 1.65747160
1.04996 1.65747160
1.04885 1.65398421
1.04904 1.65182957
1.04799 1.64805559
1.05085 1.64876758
1.04887 1.64986443
1.05083 1.64897133
1.05035 1.64923056
1.05035 1.64923056
1.05261 1.64719048
1.05268 1.64352062
1.04983 1.64178681
1.05068 1.64220818
1.05105 1.63582324
1.04742 1.63387159
1.04518 1.63354294
1.0457 1.63598468
1.04331 1.63355124
1.04008 1.63113934
1.03656 1.62789492
1.03666 1.63731984
1.03414 1.64223030
1.03736 1.63827233
1.03747 1.63841337
1.03818 1.64524354
1.03939 1.64626030
1.03881 1.64217161
1.03478 1.64202469
1.04014 1.63697814
1.03893 1.64379464
1.03803 1.65024781
1.03573 1.64826621
1.0342 1.64464454
1.03629 1.64877262
1.03629 1.64877262
1.034 1.64592343
1.03363 1.63795229
1.03403 1.63821135
1.0344 1.63882684
1.03484 1.64241522
1.03459 1.63557133
1.03637 1.63441178
1.03515 1.63128683
1.03647 1.62933378
1.03819 1.63788815
1.03443 1.63662191
1.0375 1.63668094
1.0385 1.63489363
1.03809 1.63715348
1.0382 1.64030708
1.0382 1.64030708
1.03705 1.63724781
1.03676 1.63470830
1.03676 1.63470830
1.0374 1.63528252
1.04002 1.64440928
1.03539 1.64607423
1.03796 1.65078010
1.03308 1.64536007
1.03505 1.64972726
1.03825 1.65469260
1.0387 1.65578955
1.04063 1.65576562
1.04063 1.65576562
1.03829 1.65662004
1.03829 1.65662004
1.04263 1.66249554
1.03927 1.66499785
1.04056 1.66418387
1.04185 1.66192224
1.04182 1.66928338
1.04375 1.67002356
1.04559 1.66524281
1.04649 1.66091405
1.04927 1.66317005
1.04876 1.66102963
1.04637 1.65941889
1.04452 1.65659052
1.04459 1.66168411
1.04237 1.65695076
1.04378 1.65063708
1.04489 1.65370735
1.04602 1.64547567
1.04602 1.64547567
1.04514 1.65184590
1.04525 1.64997878
1.04976 1.65082752
1.04855 1.65002962
1.04935 1.64916191
1.04657 1.64611250
1.04729 1.64882015
1.0481 1.64590558
1.04397 1.64362306
1.04491 1.64160993
1.04469 1.64173640
1.04105 1.63604519
1.04002 1.63616935
1.04135 1.64012553
1.03861 1.64030502
1.04175 1.64083684
1.03967 1.63900210
1.03755 1.64656870
1.03805 1.64395629
1.0352 1.64852050
1.03506 1.64789734
1.03475 1.64313449
1.03872 1.64317913
1.03724 1.64262732
1.03931 1.64193951
1.04008 1.63799058
1.04037 1.63111039
1.03866 1.63631870
1.0374 1.63051548
1.03853 1.63338242
1.03505 1.63400920
1.03505 1.63400920
1.03244 1.63738093
1.03446 1.63934110
1.03446 1.63934110
1.03588 1.64863039
1.03588 1.64863039
1.03426 1.64583766
1.03617 1.64659790
1.03897 1.65030500
1.03371 1.65161273
1.03579 1.65316290
1.03489 1.64968059
1.04104 1.65433481
1.03921 1.65505578
1.03878 1.65706430
1.03778 1.65384874
1.03692 1.64647769
1.03885 1.64795210
1.03745 1.64935511
1.03831 1.64846317
1.03831 1.64846317
1.04083 1.65320369
1.03944 1.64544430
1.03745 1.64902693
1.03756 1.64912762
1.03856 1.64723766
1.04115 1.65506983
1.03935 1.65466266
1.03935 1.65466266
1.04172 1.65911408
1.0411 1.65564805
1.04099 1.65349046
1.04044 1.65565633
1.03971 1.65622628
1.0374 1.65811040
1.03868 1.65262485
1.03889 1.65738681
1.03761 1.65558137
1.04079 1.65621714
1.0368 1.65172862
1.03688 1.64460883
1.03688 1.64460883
1.04068 1.64384589
1.04068 1.64384589
1.0408 1.64172419
1.03898 1.63898863
1.03999 1.63725831
1.0396 1.63791454
1.04256 1.63685468
1.04226 1.63876511
1.04122 1.63477295
1.04403 1.63197562
1.04504 1.63650876
1.04465 1.64086782
1.04519 1.63936283
1.04519 1.63936283
1.04347 1.64856890
1.04179 1.65386261
1.04179 1.65386261
1.04347 1.65427926
1.04402 1.65055380
1.04331 1.64942671
1.04113 1.65060027
1.04011 1.64651196
1.04375 1.64692132
1.04312 1.65217934
1.04109 1.64957634
1.04076 1.64962941
1.04242 1.64793531
1.04299 1.64560355
1.04649 1.64527010
1.04134 1.64571745
1.04374 1.64173501
1.04311 1.64294948
1.04091 1.63697538
1.04044 1.64062245
1.03967 1.63780248
1.03718 1.63441371
1.03481 1.63041188
1.034 1.63041539
1.03798 1.63760282
1.04104 1.63414524
1.04071 1.63387298
1.04164 1.63063867
1.04142 1.62817649
1.03991 1.63845669
1.04328 1.63861475
1.04544 1.64369212
1.0454 1.64398577
1.04171 1.64287392
1.03974 1.64280051
1.03967 1.64354705
1.03872 1.63881281
1.03964 1.64039306
1.03817 1.64290417
1.03793 1.63769484
1.03841 1.63577649
1.03741 1.63761599
1.0408 1.63833847
1.041 1.64519002
1.03758 1.65554381
1.04052 1.66056757
1.03934 1.65416246
1.03934 1.65416246
1.04033 1.65294656
1.04337 1.65051948
1.04251 1.64410673
1.04084 1.64397175
1.03985 1.63750315
1.03985 1.63750315
1.04049 1.63405355
1.04287 1.63219445
1.04355 1.63376777
1.04207 1.63701764
1.04281 1.63335419
1.04205 1.63693264
1.03818 1.63066548
1.04 1.63237481
1.03842 1.64217701
1.0352 1.64474604
1.03836 1.64787784
1.03784 1.63771312
1.03784 1.63771312
1.03658 1.63685282
1.0372 1.64221494
1.03895 1.63948991
1.03608 1.64396145
1.03737 1.64341273
1.03689 1.64288861
1.03689 1.64288861
1.03993 1.64237393
1.03838 1.63578916
1.03552 1.63422152
1.03638 1.63318012
1.03638 1.63318012
1.03782 1.63347437
1.03514 1.63867926
1.03669 1.64461828
1.0408 1.64806693
1.03821 1.65220392
1.0392 1.65761391
1.03715 1.65545429
1.03784 1.65443551
1.03677 1.64864785
1.03674 1.65215649
1.03965 1.64834442
1.03908 1.65183871
1.03948 1.64800953
1.03985 1.65397459
1.0387 1.65812555
1.03641 1.65833631
1.03824 1.66442527
1.0401 1.66385007
1.04232 1.66033741
1.04157 1.65993964
1.04371 1.66100966
1.04429 1.65533634
1.04094 1.65529834
1.04197 1.65606173
1.04114 1.65222428
1.04014 1.64871350
1.03973 1.64403758
1.03993 1.64467501
1.04115 1.64401157
1.04169 1.64933512
1.04173 1.64510944
1.04179 1.64823777
1.037 1.64881621
1.03832 1.64458869
1.03948 1.64331929
1.03964 1.63840698
1.04019 1.63404780
1.03565 1.64119403
1.03773 1.64404842
1.03666 1.64612966
1.03871 1.63930400
1.04087 1.64301370
1.04087 1.64301370
1.03941 1.64440225
1.03643 1.63806765
1.03934 1.63623322
1.0409 1.63546173
1.04139 1.62939646
1.0405 1.62937209
1.03925 1.63115901
1.03732 1.62951043
1.03735 1.62343963
1.0342 1.62029574
1.03359 1.62388043
1.03472 1.62507140
1.02962 1.62684752
1.02961 1.62856463
1.0322 1.62505167
1.03364 1.61941901
1.03367 1.62986151
1.0332 1.62993910
1.03526 1.63398495
1.03315 1.63160464
1.03642 1.63436365
1.0353 1.63448920
1.0384 1.63987889
1.03488 1.64099815
1.03173 1.63944993
1.03486 1.63527034
1.03331 1.62834725
1.0346 1.63022652
1.03798 1.63051439
1.03923 1.62813535
1.03907 1.63170326
1.03907 1.63170326
1.04038 1.62564699
1.03995 1.62816827
1.03943 1.63323945
1.03845 1.63560758
1.03893 1.63794685
1.03687 1.64182872
1.03831 1.64723219
1.03907 1.64425475
1.03771 1.64600482
1.03771 1.64600482
1.03699 1.63990416
1.04055 1.64490947
1.04073 1.63989291
1.04151 1.63917261
1.04425 1.63961239
1.04259 1.63830532
1.04164 1.64102516
1.0425 1.64331863
1.04139 1.64660526
1.04481 1.64779694
1.04439 1.64486539
1.04667 1.64387638
1.04596 1.64372985
1.04145 1.64632610
1.03965 1.64640792
1.04311 1.64299716
1.04415 1.64732314
1.04435 1.64276583
1.04576 1.63933152
1.04089 1.63921536
1.03855 1.63528963
1.03959 1.63806160
1.04218 1.63260892
1.03909 1.63291408
1.03716 1.63331791
1.03878 1.63502615
1.03989 1.63359259
1.04117 1.63543090
1.04158 1.63563271
1.04306 1.63530622
1.04378 1.63477300
1.04728 1.63299207
1.04728 1.64315509
1.04761 1.64106003
1.04753 1.64337770
1.04753 1.64337770
1.04428 1.64345525
1.04533 1.64528232
1.04844 1.65066725
1.04658 1.64232329
1.04732 1.64536669
1.04514 1.64849203
1.04376 1.64813373
1.04376 1.64813373
1.04571 1.64439888
1.05182 1.64223187
1.04887 1.65079239
1.04852 1.64347490
1.04852 1.64347490
1.04874 1.64641308
1.04874 1.64641308
1.04631 1.64776766
1.04586 1.64534466
1.04454 1.65581502
1.04538 1.65868710
1.04314 1.65497696
1.04414 1.65377088
1.04758 1.65290229
1.04392 1.64803303
1.04102 1.64201169
1.04101 1.64277111
1.04093 1.63560209
1.04505 1.63243799
1.04413 1.63996513
1.04569 1.64229522
1.04258 1.64222301
1.04024 1.64676943
1.0419 1.64250403
1.03831 1.65185671
1.04069 1.65192867
1.04191 1.64917788
1.04515 1.65073393
1.04515 1.65073393
1.04349 1.64893817
1.04349 1.64893817
1.04325 1.64746438
1.04255 1.64513299
1.04403 1.65223234
1.04443 1.64753719
1.04443 1.64753719
1.04467 1.64775612
1.04225 1.64846293
1.04351 1.65113680
1.04381 1.65469111
1.04321 1.66092676
1.04351 1.66623657
1.04351 1.66623657
1.04439 1.66449356
1.0424 1.66124787
1.04534 1.66103006
1.04455 1.66024448
1.04058 1.65737522
1.03963 1.66563690
1.04109 1.65819255
1.04153 1.64722559
1.04288 1.64288354
1.04315 1.64039820
1.04242 1.64341287
1.04273 1.64445478
1.04244 1.64695839
1.0398 1.64866020
1.04218 1.65103952
1.04002 1.64715628
1.04002 1.64715628
1.04165 1.65123288
1.04232 1.64815721
1.041 1.64711848
1.041 1.64711848
1.04015 1.64526478
1.04197 1.64097605
1.04221 1.64534502
1.04464 1.64272840
1.04571 1.63785074
1.0449 1.64177999
1.04213 1.63456688
1.04528 1.63674567
1.0428 1.63604697
1.03889 1.63057391
1.03939 1.63344666
1.03928 1.63545470
1.03896 1.63851101
1.03817 1.64042533
1.03817 1.64042533
1.04059 1.63454208
1.04103 1.63426271
1.04034 1.63667536
1.04311 1.63293679
1.04217 1.63942405
1.03976 1.64149792
1.03669 1.64278332
1.03968 1.64471417
1.04207 1.64402920
1.03903 1.64620029
1.03656 1.65114956
1.03656 1.64578681
1.0381 1.64250652
1.03929 1.65453300
1.03988 1.64923916
1.04401 1.65767765
1.04141 1.65208599
1.04017 1.65339752
1.04019 1.65303131
1.03801 1.65234796
1.0337 1.64828972
1.03401 1.64200145
1.03251 1.64036003
1.03287 1.63478961
1.03262 1.63778046
1.03383 1.63870954
1.03084 1.63498089
1.0334 1.62930143
1.03719 1.63314060
1.04017 1.63827016
1.03952 1.64247502
1.03817 1.64359265
1.03819 1.64825323
1.03547 1.63749683
1.03796 1.64066307
1.03839 1.64629495
1.03903 1.64334977
1.03611 1.64150037
1.03865 1.64193199
1.03738 1.63754603
1.03591 1.63995518
1.03596 1.64162850
1.03568 1.64522387
1.03475 1.64751733
1.03591 1.64525576
1.03914 1.64606467
1.04111 1.64328881
1.04021 1.64907701
1.03986 1.64237992
1.042 1.63519181
1.04521 1.63319170
1.04467 1.63298943
1.04289 1.63070464
1.0401 1.62732701
1.04059 1.62583246
1.04059 1.62583246
1.04184 1.62487018
1.04084 1.62257715
1.03628 1.62214767
1.03747 1.62704529
1.03857 1.62566036
1.0383 1.62840805
1.03588 1.62993929
1.03681 1.62241387
1.03681 1.62241387
1.03746 1.62865712
1.03409 1.62729519
1.03409 1.62729519
1.03205 1.62830072
1.03619 1.63220341
1.035 1.63227726
1.03573 1.62923770
1.03778 1.63424859
1.03891 1.63437281
1.03874 1.63678885
1.03767 1.63799221
1.03952 1.63685977
1.03607 1.63508893
1.03419 1.64185444
1.03412 1.64498089
1.03558 1.64384918
1.03771 1.64108564
1.04075 1.63660988
1.04172 1.64212253
1.04241 1.64340129
1.04148 1.65091777
1.0387 1.64675974
1.03876 1.65529252
1.03924 1.65206595
1.03691 1.64706703
1.03563 1.64195498
1.03539 1.64280137
1.03513 1.64277508
1.0341 1.64206850
1.03107 1.64216659
1.03614 1.64204392
1.03614 1.64204392
1.03738 1.64629311
1.04105 1.64558042
1.03956 1.64120914
1.0414 1.63838491
1.04198 1.64518281
1.03989 1.64017271
1.04134 1.63765290
1.04107 1.63915982
1.0425 1.63555002
1.04388 1.63413860
1.04331 1.63483497
1.04142 1.64047626
1.04164 1.64160426
1.04177 1.64417925
1.03918 1.63724590
1.03998 1.63413205
1.03998 1.63413205
1.03966 1.63432442
1.041 1.62895952
1.04293 1.63635525
1.04287 1.63560983
1.04192 1.63505425
1.04388 1.63690254
1.04368 1.63166726
1.04378 1.63456002
1.04378 1.63456002
1.04529 1.63878192
1.04229 1.63914597
1.04272 1.63978685
1.04272 1.63978685
1.04327 1.64074821
1.04504 1.63881763
1.0418 1.64365599
1.04384 1.64878708
1.0433 1.65038313
1.04384 1.65414337
1.0433 1.64995518
1.04237 1.65288938
1.04386 1.65141342
1.04386 1.65141342
1.04104 1.64819306
1.04417 1.65236188
1.04514 1.64726188
1.04445 1.65021655
1.04684 1.64744343
1.04665 1.64697765
1.04463 1.64507925
1.04523 1.64074493
1.04458 1.63866384
1.0461 1.63593731
1.04851 1.63203229
1.04595 1.63576797
1.0454 1.63785065
1.0458 1.63431093
1.04671 1.63976196
1.0486 1.64141060
1.0477 1.65132574
1.05243 1.64863596
1.05187 1.64931326
1.04976 1.65167693
1.05273 1.64543511
1.05086 1.64653465
1.04627 1.64430513
1.04768 1.63848860
1.04943 1.64084824
1.05189 1.64369895
1.04806 1.63976133
1.04553 1.64338092
1.0458 1.64250180
1.04532 1.64398792
1.04381 1.63733518
1.04635 1.63737804
1.04385 1.63964241
1.04126 1.64589917
1.03758 1.64781088
1.03839 1.64181655
1.03976 1.63807941
1.03976 1.63807941
1.03782 1.63756507
1.03685 1.63825440
1.03699 1.63328040
1.03398 1.63261387
1.03409 1.63650723
1.03482 1.63940792
1.03375 1.64069732
1.03321 1.64675028
1.03397 1.65138784
1.03428 1.65473119
1.03544 1.64920825
1.03438 1.64214432
1.03462 1.63962602
1.03334 1.63767569
1.03318 1.63249383
1.03571 1.63085644
1.03445 1.63178586
1.03809 1.63079684
1.03735 1.63701700
1.04074 1.64180904
1.03992 1.63962033
1.04058 1.63661050
1.03757 1.64002162
1.03719 1.64184041
1.03605 1.63695132
1.03282 1.63521638
1.03584 1.63229300
1.04091 1.63470561
1.03949 1.63422540
1.0399 1.62604567
1.04103 1.62378921
1.04039 1.62550669
1.03985 1.63092279
1.03944 1.62493089
1.04145 1.61964559
1.04145 1.61964559
1.04229 1.62704587
1.04485 1.62987376
1.04485 1.62987376
1.04728 1.62622047
1.04583 1.63098520
1.04463 1.63575920
1.04359 1.64379562
1.04359 1.64379562
1.04349 1.64309009
1.04042 1.64084343
1.04187 1.63760358
1.04104 1.63977354
1.03881 1.64068724
1.04007 1.63688267
1.04247 1.64219596
1.04678 1.64243277
1.04611 1.63899171
1.04324 1.64173681
1.04275 1.63837935
1.04078 1.63725269
1.04117 1.63790899
1.03978 1.64024888
1.04017 1.63924931
1.04205 1.63155754
1.04308 1.63786450
1.04425 1.63680555
1.0463 1.64179498
1.04444 1.64521835
1.0426 1.64271904
1.04122 1.64052150
1.04122 1.64052150
1.04257 1.64300201
1.04003 1.63921806
1.04179 1.63957712
1.04179 1.63957712
1.04028 1.63800090
1.04028 1.63800090
1.04154 1.63435373
1.04165 1.63331128
1.04321 1.63790320
1.04245 1.63480782
1.04186 1.63697000
1.03997 1.63229553
1.04171 1.63117196
1.04218 1.63645038
1.04368 1.63494951
1.04506 1.63357963
1.04243 1.63706198
1.04228 1.63521900
1.04095 1.63192717
1.04208 1.63178220
1.0386 1.63742173
1.03777 1.63279811
1.03907 1.63640406
1.03926 1.63053654
1.03806 1.63798785
1.03731 1.64306085
1.0368 1.64151510
1.03653 1.64541516
1.03901 1.63840367
1.04152 1.64087656
1.0421 1.64776953
1.03938 1.65604613
1.04039 1.65318817
1.04045 1.65564260
1.0403 1.65118398
1.03957 1.65211072
1.03905 1.65429957
1.03727 1.64802232
1.03585 1.64627948
1.03478 1.65085762
1.03144 1.65665670
1.03527 1.65590870
1.03588 1.65010471
1.03972 1.64941576
1.04386 1.64826293
1.04325 1.64809765
1.04275 1.64652498
1.0404 1.64706385
1.04252 1.64304410
1.04066 1.64895160
1.04084 1.64921605
1.0415 1.65705601
1.04253 1.65636683
1.04076 1.65499442
1.03981 1.65147646
1.04145 1.65187266
1.04337 1.65092813
1.04286 1.64614807
1.0416 1.64744688
1.04044 1.64759171
1.04089 1.64671287
1.04389 1.64711682
1.04507 1.65091247
1.04558 1.64583077
1.04376 1.64720548
1.04598 1.64408310
1.04527 1.65152565
1.0418 1.64845786
1.04144 1.65638420
1.04362 1.65597855
1.04362 1.65597855
1.04013 1.64999301
1.04014 1.65066968
1.04403 1.64367082
1.04403 1.64367082
1.04153 1.65166876
1.04039 1.65372590
1.04182 1.65357971
1.03887 1.65210392
1.037 1.65376908
1.03839 1.65479782
1.03691 1.65258021
1.03607 1.64740532
1.03833 1.65046775
1.04355 1.65038753
1.04171 1.65268712
1.03862 1.65429836
1.03757 1.65042518
1.04007 1.65120126
1.03657 1.65435385
1.03619 1.65284678
1.0358 1.64464186
1.03655 1.64236237
1.03707 1.63858566
1.03707 1.63858566
1.03317 1.63540811
1.03184 1.63181040
1.0314 1.63462906
1.03174 1.63966328
1.031 1.64256758
1.031 1.64256758
1.0315 1.64499149
1.02965 1.64368352
1.0286 1.64307035
1.03086 1.64420597
1.03427 1.64948978
1.03612 1.65190246
1.03616 1.65639488
1.03616 1.65639488
1.03616 1.65639488
1.035 1.65812526
1.03598 1.66158523
1.039 1.66069580
1.04034 1.65513225
1.0413 1.65307787
1.04345 1.65012041
1.04419 1.65062205
1.04595 1.64655699
1.04543 1.64066396
1.04517 1.64277466
1.045 1.64403088
1.04412 1.64970768
1.04449 1.64936556
1.04742 1.65190298
1.04798 1.65361552
1.05015 1.64934345
1.04898 1.64969814
1.04874 1.64776887
1.04909 1.64723643
1.04805 1.64444652
1.04819 1.64941012
1.04892 1.64933006
1.04722 1.65212796
1.04572 1.65352256
1.04746 1.65173881
1.04523 1.65236337
1.04178 1.65801001
1.03926 1.65505143
1.0385 1.64597816
1.0378 1.64335682
1.03452 1.63932888
1.03601 1.63744151
1.03752 1.64444857
1.03836 1.64566261
1.03859 1.64801677
1.03347 1.65018524
1.03616 1.65477085
1.03611 1.66104110
1.03755 1.66037458
1.03755 1.66037458
1.03855 1.66089646
1.03801 1.65709290
1.03634 1.66055230
1.03945 1.65223188
1.03945 1.65223188
1.04285 1.65259998
1.04592 1.64964335
1.04568 1.65130804
1.04609 1.64894765
1.04429 1.64634279
1.04457 1.64243862
1.04261 1.65136873
1.04128 1.64967084
1.04293 1.64756281
1.04331 1.64110647
1.04632 1.64440046
1.04632 1.64440046
1.04389 1.64967398
1.0471 1.64762120
1.0478 1.64846584
1.05087 1.64861758
1.04685 1.65439245
1.04702 1.65504782
1.04945 1.65132625
1.04625 1.66054854
1.04625 1.66054854
1.0455 1.65727314
1.04353 1.65502140
1.04379 1.65321322
1.04647 1.65017655
1.04342 1.64766928
1.04372 1.65846325
1.03729 1.65472241
1.03935 1.65708273
1.03727 1.66453455
1.03921 1.66023991
1.04044 1.65983928
1.04157 1.65808028
1.04361 1.65586446
1.0474 1.65139320
1.04785 1.64765345
1.04932 1.64285941
1.0519 1.63926288
1.05424 1.64700005
1.05448 1.64456696
1.05295 1.64508056
1.05354 1.64889541
1.05354 1.64889541
1.05261 1.64309280
1.05072 1.64173921
1.04834 1.63640143
1.04863 1.63649767
1.04752 1.64191366
1.0474 1.64330206
1.04832 1.64210028
1.04832 1.64210028
1.0504 1.63807871
1.04958 1.64317120
1.04931 1.63970792
1.04852 1.64308385
1.05019 1.64136610
1.05019 1.64136610
1.05172 1.64679279
1.05186 1.64468972
1.05045 1.64213810
1.05052 1.64272690
1.04641 1.64012116
1.04641 1.64012116
1.04849 1.64322997
1.04669 1.64407153
1.04386 1.64069296
1.04337 1.64301783
1.04337 1.64301783
1.04245 1.63760899
1.04291 1.63958143
1.04604 1.63990431
1.04604 1.63990431
1.04294 1.63079702
1.04207 1.63452016
1.04284 1.63387316
1.04209 1.63396802
1.03951 1.63042454
1.03923 1.62918328
1.03976 1.63653343
1.04057 1.63647848
1.04041 1.64650357
1.04297 1.64816445
1.04309 1.64754517
1.04251 1.64570308
1.0444 1.64026392
1.04401 1.63915360
1.04524 1.64133130
1.04803 1.64564359
1.04724 1.64742541
1.04701 1.65010418
1.0443 1.64926115
1.04498 1.64543608
1.04331 1.65071150
1.04376 1.64922533
1.04579 1.65108882
1.04805 1.64407892
1.04804 1.64566321
1.05137 1.64446091
1.05498 1.64367342
1.05554 1.64404429
1.05614 1.64480475
1.0552 1.64471359
1.05272 1.64503718
1.05461 1.64335420
1.05172 1.64198312
1.05024 1.64259173
1.04759 1.64614850
1.04628 1.64635946
1.0477 1.64591774
1.04965 1.64769080
1.04704 1.64552328
1.04843 1.64650993
1.04761 1.64698389
1.04548 1.64826919
1.04413 1.64004964
1.04644 1.63720267
1.0468 1.63992003
1.04812 1.64202987
1.04597 1.64177684
1.04538 1.64725448
1.04587 1.64614542
1.04534 1.64552666
1.04441 1.64992497
1.04668 1.64927692
1.04515 1.65427410
1.04465 1.65415137
1.04699 1.65253602
1.04982 1.64818819
1.04974 1.65124700
1.05293 1.65234042
1.05439 1.65204188
1.0533 1.65027097
1.05163 1.65305219
1.05452 1.65879891
1.05375 1.66304075
1.05701 1.65819943
1.05597 1.65546398
1.05578 1.65755463
1.05578 1.65755463
1.05578 1.65755463
1.05147 1.66582463
1.04611 1.66252506
1.04529 1.66382957
1.04731 1.67283030
1.04645 1.67459777
1.04709 1.66380776
1.04497 1.66465622
1.04497 1.66465622
1.04615 1.65471797
1.04686 1.65133698
1.04662 1.65203729
1.0446 1.64752912
1.04473 1.64141434
1.04517 1.64607875
1.04568 1.64659318
1.04399 1.64552850
1.04375 1.63942654
1.04173 1.64531003
1.04194 1.64669256
1.04388 1.65323794
1.04728 1.65392203
1.04632 1.65725649
1.0457 1.65606614
1.04455 1.65618609
1.04657 1.66102426
1.04523 1.66300776
1.04497 1.66377951
1.05037 1.65645027
1.04781 1.65889514
1.04674 1.65854492
1.04649 1.65439025
1.04492 1.66541604
1.04026 1.66441135
1.04026 1.66441135
1.04026 1.66441135
1.04162 1.66303270
1.04317 1.65908390
1.04172 1.66090615
1.04172 1.66090615
1.03998 1.65536278
1.04282 1.65494587
1.04365 1.65756221
1.0446 1.65605050
1.04548 1.65706275
1.04461 1.66074866
1.04277 1.65856001
1.0462 1.65439118
1.04675 1.65109504
1.04675 1.65109504
1.04809 1.64817298
1.04823 1.64804431
1.04823 1.64804431
1.05049 1.64592946
1.04718 1.64037013
1.04832 1.64074503
1.04776 1.63571103
1.04475 1.63653907
1.04532 1.63622631
1.04577 1.63638125
1.04777 1.64157625
1.04601 1.63715771
1.05025 1.64185297
1.05019 1.64326727
1.04956 1.64798984
1.04887 1.64838017
1.05126 1.64796940
1.05019 1.64306802
1.05322 1.64380066
1.05296 1.63922362
1.05557 1.64441419
1.05584 1.64989801
1.05356 1.65311739
1.05339 1.65874556
1.05195 1.65394801
1.04771 1.66140243
1.05056 1.65742536
1.05255 1.65516965
1.04843 1.65206083
1.04881 1.64934261
1.04889 1.64979472
1.04223 1.64417940
1.0453 1.64283168
1.04679 1.64645205
1.04519 1.64628843
1.04764 1.65258947
1.04726 1.65297959
1.04653 1.65570872
1.04653 1.65570872
1.04339 1.65106330
1.03979 1.64558396
1.03989 1.64305278
1.04131 1.64501057
1.04258 1.64771608
1.04083 1.64904767
1.04374 1.65029281
1.0387 1.65180361
1.03715 1.65182728
1.03715 1.65182728
1.03579 1.64739686
1.0378 1.64701641
1.0389 1.65120828
1.0409 1.64613283
1.04163 1.64859723
1.04148 1.64689331
1.04254 1.64576887
1.04412 1.64609320
1.04468 1.64808065
1.04372 1.65394387
1.04701 1.65213051
1.04105 1.64844651
1.03906 1.65003041
1.04105 1.64736211
1.04444 1.65196601
1.04444 1.65196601
1.04195 1.65355807
1.03976 1.65127310
1.03948 1.64833739
1.03941 1.64741972
1.03925 1.64821185
1.03925 1.64821185
1.04106 1.64371570
1.03876 1.64065584
1.03831 1.64313466
1.03679 1.64359326
1.04078 1.63998723
1.03993 1.62914977
1.04178 1.62278289
1.04074 1.63192616
1.04041 1.63297088
1.04368 1.64112369
1.04468 1.63008605
1.04336 1.63002899
1.0425 1.63587240
1.0412 1.63145662
1.04136 1.63332156
1.03811 1.63549923
1.03813 1.63808526
1.03837 1.63459602
1.03697 1.64087107
1.03759 1.64660416
1.03858 1.63963910
1.04021 1.64169576
1.04045 1.64114462
1.04141 1.64345791
1.0398 1.64426157
1.0398 1.64426157
1.04074 1.63931849
1.04069 1.63553766
1.0423 1.64150265
1.04337 1.64719906
1.04337 1.64719906
1.04353 1.64890841
1.0447 1.64846545
1.04571 1.65158475
1.0457 1.64817370
1.04647 1.64983434
1.04331 1.64417133
1.04315 1.64527274
1.04219 1.64180427
1.0411 1.64290930
1.0411 1.64290930
1.04232 1.64905894
1.04094 1.64153077
1.03944 1.64210034
1.03715 1.64069251
1.03715 1.64069251
1.03779 1.64951817
1.0408 1.64945991
1.0408 1.64945991
1.04149 1.64659020
1.04174 1.64502717
1.04209 1.64178688
1.03982 1.63926673
1.04052 1.64374710
1.04081 1.64541942
1.04301 1.64759972
1.04264 1.64517103
1.04249 1.64016268
1.04249 1.64016268
1.04122 1.64025844
1.04346 1.63931629
1.04406 1.64015403
1.04663 1.63975956
1.04628 1.64237534
1.047 1.63836161
1.04473 1.63403593
